Date,Symbol,Fully_Adjusted_Open,Fully_Adjusted_High,Fully_Adjusted_Low,Fully_Adjusted_Close,Fully_Adjusted_Volume
2006-12-29,TDG,12.9844,12.9844,12.8051,12.8439,19200
2007-01-03,TDG,10.9,10.96,10.36,10.41,62200
2007-01-04,TDG,10.41,10.91,10.4,10.9,25200
2007-01-05,TDG,10.86,10.86,10.42,10.58,39400
2007-01-08,TDG,10.53,10.67,10.47,10.65,19600
2007-01-09,TDG,10.61,10.63,10.42,10.51,28700
2007-01-10,TDG,10.57,10.57,10.31,10.39,43400
2007-01-11,TDG,10.38,10.94,10.38,10.83,75700
2007-01-12,TDG,10.86,10.98,10.86,10.98,38000
2007-01-16,TDG,11.0,11.02,10.89,10.98,59900
2007-01-17,TDG,10.95,10.98,10.88,10.93,26000
2007-01-18,TDG,10.88,10.96,10.85,10.95,21300
2007-01-19,TDG,10.94,11.16,10.88,11.06,58000
2007-01-22,TDG,10.96,10.98,10.88,10.88,46700
2007-01-23,TDG,10.86,10.99,10.86,10.94,34700
2007-01-24,TDG,12.25,12.46,11.57,12.29,338300
2007-01-25,TDG,12.29,12.74,12.26,12.46,197800
2007-01-26,TDG,12.3,12.44,12.24,12.42,96500
2007-01-29,TDG,12.52,13.37,12.46,13.17,193400
2007-01-30,TDG,13.17,13.24,13.06,13.11,87800
2007-01-31,TDG,13.12,13.32,13.05,13.05,47500
2007-02-01,TDG,13.06,13.1,12.72,12.9,46200
2007-02-02,TDG,12.91,12.99,12.87,12.9,33700
2007-02-05,TDG,12.93,12.99,12.85,12.9,78400
2007-02-06,TDG,12.87,12.92,12.8,12.87,45700
2007-02-07,TDG,12.84,12.91,12.72,12.81,64800
2007-02-08,TDG,12.77,12.95,12.76,12.94,71800
2007-02-09,TDG,12.95,13.18,12.91,13.09,45200
2007-02-12,TDG,13.4,13.5,13.17,13.36,124000
2007-02-13,TDG,13.42,13.89,13.42,13.82,67900
2007-02-14,TDG,13.83,13.88,13.74,13.74,55600
2007-02-15,TDG,13.7,13.84,13.63,13.63,40300
2007-02-16,TDG,13.63,13.68,13.5,13.62,42900
2007-02-20,TDG,13.64,13.75,13.58,13.63,39500
2007-02-21,TDG,13.54,13.7,13.36,13.45,55300
2007-02-22,TDG,13.44,13.44,13.13,13.3,87900
2007-02-23,TDG,13.27,13.66,13.15,13.64,55700
2007-02-26,TDG,13.73,13.99,13.73,13.88,79100
2007-02-27,TDG,13.81,13.92,13.24,13.27,99900
2007-02-28,TDG,13.27,13.32,13.03,13.07,120800
2007-03-01,TDG,13.07,13.43,12.83,13.14,250900
2007-03-02,TDG,13.11,13.45,13.04,13.27,74000
2007-03-05,TDG,13.24,13.24,12.5,12.78,88600
2007-03-06,TDG,12.87,12.96,12.74,12.83,136400
2007-03-07,TDG,12.81,12.83,12.63,12.73,74900
2007-03-08,TDG,12.77,12.91,12.67,12.87,39200
2007-03-09,TDG,12.91,13.36,12.9,13.22,57400
2007-03-12,TDG,13.18,13.28,12.66,13.11,37400
2007-03-13,TDG,13.07,13.32,13.0,13.14,66300
2007-03-14,TDG,13.17,13.27,13.11,13.21,43200
2007-03-15,TDG,13.19,13.32,13.14,13.32,62200
2007-03-16,TDG,13.32,13.49,13.24,13.39,116900
2007-03-19,TDG,13.43,13.84,13.36,13.77,43100
2007-03-20,TDG,13.71,13.91,13.7,13.73,56000
2007-03-21,TDG,13.75,14.12,13.68,14.12,40300
2007-03-22,TDG,14.14,14.58,14.12,14.48,34700
2007-03-23,TDG,14.48,15.03,14.43,14.96,69400
2007-03-26,TDG,14.93,15.25,14.83,15.12,56100
2007-03-27,TDG,15.2,15.22,14.57,14.75,95600
2007-03-28,TDG,14.71,14.92,14.57,14.74,107300
2007-03-29,TDG,14.81,14.81,14.39,14.69,57200
2007-03-30,TDG,14.69,14.99,14.61,14.91,46500
2007-04-02,TDG,14.92,15.39,14.9,15.23,53300
2007-04-03,TDG,15.27,15.99,15.27,15.89,45600
2007-04-04,TDG,15.93,15.93,15.45,15.54,59200
2007-04-05,TDG,15.54,15.82,15.45,15.77,20300
2007-04-09,TDG,15.81,15.86,15.45,15.65,110700
2007-04-10,TDG,15.59,15.65,15.52,15.62,56300
2007-04-11,TDG,15.82,15.84,15.43,15.73,51400
2007-04-12,TDG,15.65,15.82,15.65,15.78,23500
2007-04-13,TDG,15.81,15.97,15.76,15.96,18500
2007-04-16,TDG,16.01,16.36,15.97,16.32,32400
2007-04-17,TDG,16.31,16.32,16.03,16.06,19500
2007-04-18,TDG,16.02,16.06,15.54,15.6,48200
2007-04-19,TDG,15.6,15.65,15.5,15.59,39700
2007-04-20,TDG,15.78,15.8,15.6,15.75,54100
2007-04-23,TDG,15.61,15.84,15.31,15.54,102800
2007-04-24,TDG,15.54,15.54,15.09,15.42,76000
2007-04-25,TDG,15.44,15.51,15.04,15.43,72300
2007-04-26,TDG,15.41,15.83,15.41,15.61,74700
2007-04-27,TDG,15.63,15.88,15.47,15.88,55300
2007-04-30,TDG,15.86,15.86,15.27,15.52,246000
2007-05-01,TDG,15.52,15.52,15.09,15.43,110700
2007-05-02,TDG,15.43,15.66,15.33,15.49,111100
2007-05-03,TDG,15.51,15.54,15.06,15.08,66800
2007-05-04,TDG,15.14,15.4,15.11,15.39,55200
2007-05-07,TDG,15.38,15.46,15.15,15.32,33300
2007-05-08,TDG,15.29,15.35,15.05,15.35,48900
2007-05-09,TDG,15.31,15.33,15.15,15.33,38300
2007-05-10,TDG,15.29,15.29,14.89,14.89,48000
2007-05-11,TDG,14.89,15.07,14.86,14.98,25500
2007-05-14,TDG,14.96,15.32,14.89,15.27,100000
2007-05-15,TDG,15.29,15.56,15.24,15.45,74000
2007-05-16,TDG,15.45,15.51,15.22,15.29,102100
2007-05-17,TDG,15.24,15.24,14.66,14.71,112100
2007-05-18,TDG,14.71,14.8,14.57,14.77,92000
2007-05-21,TDG,14.67,14.67,14.34,14.55,289400
2007-05-22,TDG,14.75,14.83,14.48,14.51,2507500
2007-05-23,TDG,14.55,14.64,14.5,14.59,758400
2007-05-24,TDG,14.57,14.63,14.19,14.26,599500
2007-05-25,TDG,14.32,14.44,14.04,14.36,329200
2007-05-29,TDG,14.32,14.68,14.32,14.62,161600
2007-05-30,TDG,14.55,14.73,14.39,14.7,276700
2007-05-31,TDG,14.89,15.2,14.83,15.14,342800
2007-06-01,TDG,15.22,15.41,15.18,15.41,210400
2007-06-04,TDG,15.38,15.45,15.19,15.45,262800
2007-06-05,TDG,15.4,15.9,15.35,15.83,295100
2007-06-06,TDG,15.75,15.75,15.49,15.65,212000
2007-06-07,TDG,15.61,15.61,15.31,15.55,176900
2007-06-08,TDG,15.55,15.8,15.52,15.7,154100
2007-06-11,TDG,15.64,15.65,15.53,15.63,115400
2007-06-12,TDG,15.63,15.79,15.61,15.67,170400
2007-06-13,TDG,15.7,16.32,15.7,16.17,168300
2007-06-14,TDG,16.18,16.38,16.09,16.21,242200
2007-06-15,TDG,16.43,16.7,16.43,16.62,321200
2007-06-18,TDG,16.67,16.76,16.57,16.67,208900
2007-06-19,TDG,16.68,17.39,16.67,17.38,282600
2007-06-20,TDG,17.48,17.87,16.94,16.98,386200
2007-06-21,TDG,16.98,17.37,16.97,17.11,206800
2007-06-22,TDG,17.13,17.17,16.65,16.93,210200
2007-06-25,TDG,16.84,16.9,16.43,16.51,105400
2007-06-26,TDG,16.52,16.75,16.28,16.71,157800
2007-06-27,TDG,16.67,16.75,16.47,16.72,342300
2007-06-28,TDG,16.72,16.72,16.16,16.2,119900
2007-06-29,TDG,16.2,16.67,16.15,16.58,87700
2007-07-02,TDG,16.64,17.55,16.62,17.07,202000
2007-07-03,TDG,17.08,17.35,16.79,16.97,90100
2007-07-05,TDG,16.95,17.43,16.95,17.43,68000
2007-07-06,TDG,17.5,17.66,17.27,17.62,130400
2007-07-09,TDG,17.67,17.67,17.42,17.61,103500
2007-07-10,TDG,17.6,17.68,17.23,17.45,149800
2007-07-11,TDG,17.44,17.63,17.42,17.61,77200
2007-07-12,TDG,17.64,17.7,17.56,17.66,100500
2007-07-13,TDG,17.62,17.87,17.51,17.82,65600
2007-07-16,TDG,17.78,17.83,17.35,17.82,127300
2007-07-17,TDG,17.82,17.99,17.86,17.9,244900
2007-07-18,TDG,17.87,17.89,17.52,17.62,123700
2007-07-19,TDG,17.62,17.67,17.42,17.46,156200
2007-07-20,TDG,17.42,17.46,17.24,17.32,125100
2007-07-23,TDG,17.25,17.35,17.22,17.34,68600
2007-07-24,TDG,17.34,17.51,16.74,16.76,76200
2007-07-25,TDG,16.76,16.91,16.7,16.83,131100
2007-07-26,TDG,16.6,16.71,16.34,16.59,123300
2007-07-27,TDG,16.58,17.09,16.56,16.56,130700
2007-07-30,TDG,16.53,16.96,16.48,16.91,98000
2007-07-31,TDG,17.01,17.24,16.84,16.88,120700
2007-08-01,TDG,16.93,17.42,16.77,17.08,256600
2007-08-02,TDG,17.12,17.8,17.12,17.31,185600
2007-08-03,TDG,17.33,17.5,16.73,16.84,230400
2007-08-06,TDG,17.22,17.62,14.1,15.9,1251700
2007-08-07,TDG,15.9,16.23,15.78,15.88,229100
2007-08-08,TDG,16.0,16.97,15.98,16.37,420400
2007-08-09,TDG,16.02,16.15,15.68,15.76,491200
2007-08-10,TDG,15.65,15.83,15.24,15.57,300900
2007-08-13,TDG,15.82,15.92,15.69,15.78,253500
2007-08-14,TDG,15.78,16.31,15.69,15.76,319700
2007-08-15,TDG,15.73,15.77,15.14,15.34,208700
2007-08-16,TDG,15.23,15.28,14.5,15.12,418400
2007-08-17,TDG,15.74,16.19,15.42,15.5,223100
2007-08-20,TDG,15.59,16.24,15.52,15.92,173000
2007-08-21,TDG,15.96,16.13,15.33,15.74,50700
2007-08-22,TDG,15.82,16.39,15.82,16.31,94500
2007-08-23,TDG,16.37,16.39,16.08,16.1,47500
2007-08-24,TDG,16.06,16.19,15.9,16.19,69300
2007-08-27,TDG,16.17,16.29,16.07,16.2,88500
2007-08-28,TDG,16.16,16.17,15.76,15.84,126300
2007-08-29,TDG,15.84,16.0,15.74,16.0,171200
2007-08-30,TDG,16.01,16.1,15.9,16.06,156900
2007-08-31,TDG,16.26,16.7,16.21,16.66,149300
2007-09-04,TDG,16.65,16.78,16.56,16.73,95600
2007-09-05,TDG,16.65,16.95,16.61,16.83,104400
2007-09-06,TDG,16.94,17.06,16.79,16.82,69300
2007-09-07,TDG,16.66,16.66,16.01,16.14,70600
2007-09-10,TDG,16.21,16.39,16.07,16.24,68200
2007-09-11,TDG,16.26,16.43,16.22,16.39,77500
2007-09-12,TDG,16.3,16.38,16.09,16.17,77800
2007-09-13,TDG,16.21,16.28,15.86,16.07,92700
2007-09-14,TDG,15.94,16.35,15.9,16.16,58100
2007-09-17,TDG,16.13,16.15,15.85,15.93,93100
2007-09-18,TDG,16.06,16.48,15.99,16.39,169500
2007-09-19,TDG,16.39,17.15,16.31,16.75,197300
2007-09-20,TDG,16.8,17.15,16.76,16.94,197100
2007-09-21,TDG,17.07,17.31,16.75,17.17,289100
2007-09-24,TDG,17.25,18.01,17.25,17.9,770200
2007-09-25,TDG,17.95,19.17,17.92,18.81,791300
2007-09-26,TDG,19.02,19.45,18.93,19.26,464900
2007-09-27,TDG,19.27,19.38,18.98,19.22,325500
2007-09-28,TDG,19.1,19.35,18.7,18.73,176900
2007-10-01,TDG,18.87,19.1,18.56,18.92,313200
2007-10-02,TDG,18.99,19.17,18.77,18.96,140200
2007-10-03,TDG,18.86,18.94,18.58,18.65,138600
2007-10-04,TDG,18.69,18.83,18.24,18.33,206500
2007-10-05,TDG,18.54,19.12,18.49,18.93,391500
2007-10-08,TDG,19.09,19.2,18.85,19.01,125700
2007-10-09,TDG,19.1,19.33,18.88,18.96,118200
2007-10-10,TDG,19.04,19.31,18.85,19.1,149500
2007-10-11,TDG,19.32,19.77,17.62,18.27,640700
2007-10-12,TDG,18.38,18.76,17.65,18.74,276000
2007-10-15,TDG,18.65,18.73,18.03,18.39,132700
2007-10-16,TDG,18.24,18.58,18.14,18.31,144200
2007-10-17,TDG,18.44,18.67,18.34,18.54,185800
2007-10-18,TDG,18.5,18.58,18.37,18.42,154500
2007-10-19,TDG,18.36,18.47,17.58,17.66,241400
2007-10-22,TDG,17.22,18.08,16.86,17.75,352800
2007-10-23,TDG,18.11,18.11,17.39,17.58,245800
2007-10-24,TDG,17.67,18.04,17.28,17.94,283000
2007-10-25,TDG,18.11,18.2,17.48,17.63,142300
2007-10-26,TDG,17.79,18.16,17.49,17.61,123900
2007-10-29,TDG,17.74,18.89,17.74,18.85,241300
2007-10-30,TDG,18.75,18.79,18.46,18.54,173500
2007-10-31,TDG,18.58,18.72,18.32,18.65,88700
2007-11-01,TDG,18.81,18.87,18.21,18.38,227800
2007-11-02,TDG,18.44,18.5,17.92,18.4,120300
2007-11-05,TDG,18.11,18.29,17.8,18.17,87700
2007-11-06,TDG,18.17,18.85,18.13,18.72,181700
2007-11-07,TDG,18.54,18.67,17.98,18.03,158800
2007-11-08,TDG,18.1,18.42,17.95,18.32,194100
2007-11-09,TDG,17.65,18.11,17.41,17.44,124991
2007-11-12,TDG,17.44,18.63,17.3,18.25,347400
2007-11-13,TDG,18.35,18.68,18.29,18.6,189175
2007-11-14,TDG,18.64,18.97,18.37,18.56,223667
2007-11-15,TDG,18.51,18.51,17.94,18.14,184100
2007-11-16,TDG,18.06,19.32,18.06,18.97,476300
2007-11-19,TDG,19.15,20.45,18.84,19.88,1200400
2007-11-20,TDG,19.48,19.66,18.9,19.22,323609
2007-11-21,TDG,19.1,19.95,19.06,19.69,405125
2007-11-22,TDG,19.1,19.95,19.06,19.69,405125
2007-11-23,TDG,20.08,20.3,19.81,20.3,117400
2007-11-26,TDG,20.57,21.15,20.47,20.57,230450
2007-11-27,TDG,20.59,20.59,19.34,19.67,438400
2007-11-28,TDG,19.54,20.44,19.51,20.09,343477
2007-11-29,TDG,20.08,20.41,20.0,20.14,172950
2007-11-30,TDG,20.62,20.73,19.39,19.54,305300
2007-12-03,TDG,19.26,20.0,18.38,19.81,624316
2007-12-04,TDG,19.81,19.98,19.45,19.76,315125
2007-12-05,TDG,19.97,19.97,19.49,19.72,266218
2007-12-06,TDG,45.0144,45.305118,44.5455,45.12693599999999,84900
2007-12-07,TDG,19.67,19.8,19.47,19.72,148898
2007-12-10,TDG,19.45,20.13,19.43,20.04,279100
2007-12-11,TDG,20.07,20.07,19.15,19.4,880600
2007-12-12,TDG,19.4,19.57,19.36,19.48,325860
2007-12-13,TDG,19.1,19.37,18.88,19.23,240100
2007-12-14,TDG,19.11,19.11,18.2,18.65,539800
2007-12-17,TDG,18.25,18.79,17.75,18.5,498406
2007-12-18,TDG,18.69,18.69,18.05,18.42,493565
2007-12-19,TDG,18.35,18.47,18.1,18.38,176052
2007-12-20,TDG,18.35,18.46,18.08,18.34,352300
2007-12-21,TDG,18.59,19.01,18.42,18.67,445700
2007-12-24,TDG,18.76,19.11,18.47,18.88,116750
2007-12-26,TDG,18.68,18.92,18.68,18.8,115000
2007-12-27,TDG,18.81,18.9,18.52,18.6,215245
2007-12-28,TDG,18.65,18.74,18.26,18.54,282164
2007-12-31,TDG,18.45,18.53,18.25,18.51,141100
2008-01-02,TDG,18.5,18.57,18.2,18.5,281500
2008-01-03,TDG,18.44,19.06,18.44,18.66,366900
2008-01-04,TDG,18.45,18.97,18.36,18.67,332750
2008-01-07,TDG,18.73,18.85,18.37,18.48,502100
2008-01-08,TDG,18.51,18.51,17.42,17.47,710300
2008-01-09,TDG,17.59,17.59,17.04,17.31,459076
2008-01-10,TDG,17.26,17.55,16.88,17.31,405375
2008-01-11,TDG,17.29,17.42,16.93,17.11,148700
2008-01-14,TDG,16.99,17.19,16.66,17.12,330400
2008-01-15,TDG,16.81,17.36,16.81,17.1,298870
2008-01-16,TDG,16.93,17.23,16.92,17.06,440478
2008-01-17,TDG,17.11,17.15,16.43,16.53,461400
2008-01-18,TDG,16.69,16.88,15.93,16.34,392800
2008-01-22,TDG,15.66,16.15,15.4,15.79,363300
2008-01-23,TDG,15.43,16.42,15.3,16.37,519800
2008-01-24,TDG,16.41,17.4,16.41,16.83,538300
2008-01-25,TDG,16.9,16.9,16.27,16.32,547000
2008-01-28,TDG,16.35,16.45,16.06,16.33,282800
2008-01-29,TDG,17.07,17.07,16.45,16.83,469339
2008-01-30,TDG,16.93,16.93,16.56,16.68,215126
2008-01-31,TDG,16.68,17.1,16.57,16.96,317300
2008-02-01,TDG,16.96,17.82,16.76,17.72,347908
2008-02-04,TDG,17.83,18.17,17.7,18.17,295600
2008-02-05,TDG,18.26,18.51,18.04,18.4,480950
2008-02-06,TDG,18.44,18.44,17.83,18.06,378225
2008-02-07,TDG,18.11,18.19,17.63,18.09,278159
2008-02-08,TDG,17.7,17.75,15.79,16.43,1755238
2008-02-11,TDG,16.29,16.4,15.81,16.11,1081240
2008-02-12,TDG,15.89,16.55,15.89,16.4,402450
2008-02-13,TDG,16.59,16.97,16.4,16.91,278900
2008-02-14,TDG,16.81,17.11,16.31,16.33,271000
2008-02-15,TDG,16.29,16.39,16.14,16.24,221200
2008-02-19,TDG,16.4,16.4,15.99,16.14,503800
2008-02-20,TDG,16.0,16.07,15.69,15.93,360883
2008-02-21,TDG,15.92,16.08,15.63,15.84,665085
2008-02-22,TDG,15.99,15.99,15.58,15.83,301502
2008-02-25,TDG,15.99,15.99,15.58,15.83,301502
2008-02-26,TDG,16.12,16.38,15.99,16.33,333600
2008-02-27,TDG,16.39,16.64,16.26,16.39,227316
2008-02-28,TDG,16.39,16.39,16.13,16.21,300500
2008-02-29,TDG,16.02,16.13,15.88,15.92,651207
2008-03-03,TDG,15.88,16.04,15.79,16.03,638700
2008-03-04,TDG,15.94,16.07,15.72,15.88,249750
2008-03-05,TDG,16.04,16.13,15.92,16.11,161000
2008-03-06,TDG,15.99,16.31,15.99,16.05,191500
2008-03-07,TDG,15.95,16.03,15.88,16.0,183500
2008-03-10,TDG,15.98,16.08,15.34,15.53,434600
2008-03-11,TDG,15.77,15.88,15.68,15.88,167200
2008-03-12,TDG,15.9,15.9,15.49,15.59,310023
2008-03-13,TDG,15.44,15.69,14.92,15.62,304363
2008-03-14,TDG,15.76,15.76,15.05,15.41,290600
2008-03-17,TDG,15.01,15.24,14.85,14.95,180700
2008-03-18,TDG,15.37,15.46,14.8,15.38,349900
2008-03-19,TDG,15.5,15.5,15.14,15.18,222825
2008-03-20,TDG,15.2,15.2,14.23,14.6,712550
2008-03-24,TDG,14.71,15.15,14.63,15.03,367700
2008-03-25,TDG,14.83,15.54,14.78,15.48,324000
2008-03-26,TDG,15.44,15.47,15.06,15.33,311800
2008-03-27,TDG,15.41,15.54,15.32,15.4,124600
2008-03-28,TDG,15.44,15.54,15.26,15.29,96800
2008-03-31,TDG,15.21,15.25,14.77,15.18,137497
2008-04-01,TDG,15.24,15.76,15.02,15.7,252200
2008-04-02,TDG,15.69,15.84,15.6,15.78,156200
2008-04-03,TDG,15.7,15.98,15.7,15.89,138900
2008-04-04,TDG,15.88,16.38,15.88,16.24,158400
2008-04-07,TDG,16.25,16.34,16.04,16.06,108605
2008-04-08,TDG,15.99,16.18,15.87,16.15,105400
2008-04-09,TDG,16.06,16.15,15.52,15.65,184942
2008-04-10,TDG,15.59,15.72,15.5,15.68,173300
2008-04-11,TDG,15.55,15.56,15.06,15.1,230900
2008-04-14,TDG,15.1,15.11,14.39,14.65,574865
2008-04-15,TDG,14.72,14.81,13.83,14.2,718399
2008-04-16,TDG,14.25,14.48,14.25,14.34,464931
2008-04-17,TDG,14.38,14.72,14.38,14.68,225011
2008-04-18,TDG,14.89,14.89,14.63,14.75,372375
2008-04-21,TDG,14.78,15.13,14.7,15.1,353518
2008-04-22,TDG,15.06,15.06,14.5,14.9,353010
2008-04-23,TDG,14.92,15.29,14.92,15.05,220454
2008-04-24,TDG,15.12,15.49,14.98,15.39,217992
2008-04-25,TDG,15.42,15.67,15.25,15.56,112646
2008-04-28,TDG,15.52,15.71,15.38,15.59,145989
2008-04-29,TDG,15.63,15.91,15.6,15.88,145006
2008-04-30,TDG,15.87,15.98,15.51,15.56,208491
2008-05-01,TDG,15.56,15.6,15.23,15.5,528456
2008-05-02,TDG,15.57,16.01,15.57,15.88,504025
2008-05-05,TDG,15.88,16.18,15.78,16.13,349253
2008-05-06,TDG,17.56,17.98,16.98,17.37,1269670
2008-05-07,TDG,17.29,17.94,17.29,17.53,450126
2008-05-08,TDG,17.67,17.86,17.49,17.63,554080
2008-05-09,TDG,17.54,17.63,17.29,17.44,248263
2008-05-12,TDG,17.42,17.92,17.06,17.92,329867
2008-05-13,TDG,17.92,17.92,17.21,17.65,623704
2008-05-14,TDG,17.64,17.64,17.01,17.14,555673
2008-05-15,TDG,17.2,17.69,17.08,17.64,356217
2008-05-16,TDG,17.66,17.66,17.19,17.38,440159
2008-05-19,TDG,17.18,17.28,16.73,17.13,629406
2008-05-20,TDG,16.87,17.5,16.87,17.46,407442
2008-05-21,TDG,17.55,17.96,17.13,17.24,725153
2008-05-22,TDG,17.16,17.47,17.05,17.23,446089
2008-05-23,TDG,17.01,17.31,16.78,17.01,471179
2008-05-27,TDG,16.88,17.35,16.88,17.09,437979
2008-05-28,TDG,17.3,17.5,17.26,17.4,507225
2008-05-29,TDG,17.37,17.53,17.3,17.41,390330
2008-05-30,TDG,17.46,17.88,17.46,17.87,411734
2008-06-02,TDG,17.62,18.25,17.52,17.92,656145
2008-06-03,TDG,17.88,18.2,17.62,17.83,677916
2008-06-04,TDG,17.81,17.88,17.53,17.64,771613
2008-06-05,TDG,17.76,17.8,17.42,17.56,597059
2008-06-06,TDG,17.52,17.54,14.9,15.26,2957133
2008-06-09,TDG,15.52,16.06,15.28,15.96,1564821
2008-06-10,TDG,15.77,16.06,15.7,15.84,506538
2008-06-11,TDG,15.81,15.98,15.14,15.15,686882
2008-06-12,TDG,15.24,15.5,14.95,14.98,1199873
2008-06-13,TDG,14.94,15.2,14.83,15.05,791215
2008-06-16,TDG,15.08,15.08,14.75,14.79,705552
2008-06-17,TDG,14.96,15.08,14.71,14.85,1283261
2008-06-18,TDG,14.81,14.95,14.73,14.82,604752
2008-06-19,TDG,14.84,14.92,14.75,14.88,447721
2008-06-20,TDG,14.83,14.86,14.59,14.77,478592
2008-06-23,TDG,14.93,15.16,14.84,15.07,988551
2008-06-24,TDG,14.89,14.95,14.65,14.74,878748
2008-06-25,TDG,14.67,14.88,14.43,14.55,543857
2008-06-26,TDG,14.55,14.55,14.21,14.24,579520
2008-06-27,TDG,14.37,14.37,14.16,14.28,1929504
2008-06-30,TDG,14.42,14.42,13.75,13.77,947325
2008-07-01,TDG,13.68,15.57,13.63,14.02,1134457
2008-07-02,TDG,14.03,14.04,13.4,13.61,1194151
2008-07-03,TDG,13.69,13.72,13.48,13.55,383229
2008-07-07,TDG,13.77,13.8,13.21,13.22,965496
2008-07-08,TDG,13.22,14.42,13.22,14.36,1040972
2008-07-09,TDG,14.34,14.38,13.89,14.0,550397
2008-07-10,TDG,14.01,14.01,13.51,13.77,430476
2008-07-11,TDG,13.62,13.86,13.02,13.18,808662
2008-07-14,TDG,13.31,13.31,12.95,13.04,840194
2008-07-15,TDG,12.88,13.31,12.77,13.11,565522
2008-07-16,TDG,13.18,13.73,12.86,13.7,486022
2008-07-17,TDG,13.88,14.05,13.55,13.95,533342
2008-07-18,TDG,13.97,13.99,13.68,13.71,423786
2008-07-21,TDG,13.74,13.74,13.52,13.71,363450
2008-07-22,TDG,13.67,13.97,13.48,13.97,374188
2008-07-23,TDG,13.98,14.75,13.98,14.57,898292
2008-07-24,TDG,14.74,14.74,14.0,14.05,723455
2008-07-25,TDG,14.18,14.56,14.18,14.5,680773
2008-07-28,TDG,14.5,14.52,14.14,14.2,468085
2008-07-29,TDG,14.29,14.88,14.2,14.88,745512
2008-07-30,TDG,15.03,15.09,14.66,14.98,218091
2008-07-31,TDG,15.04,15.22,14.45,15.08,668884
2008-08-01,TDG,15.1,15.47,14.54,15.38,615504
2008-08-04,TDG,15.35,15.65,15.15,15.52,928960
2008-08-05,TDG,16.36,16.39,15.31,15.81,934806
2008-08-06,TDG,15.64,15.64,14.73,14.75,653371
2008-08-07,TDG,14.7,14.7,14.34,14.45,435103
2008-08-08,TDG,14.52,15.2,14.38,15.19,396537
2008-08-11,TDG,15.19,15.22,14.83,14.91,394385
2008-08-12,TDG,14.81,15.05,14.56,15.02,288544
2008-08-13,TDG,14.89,15.04,14.61,14.86,483110
2008-08-14,TDG,14.76,15.16,14.69,14.99,259981
2008-08-15,TDG,15.16,15.24,14.67,15.02,405935
2008-08-18,TDG,15.01,15.2,14.7,14.84,217383
2008-08-19,TDG,14.66,14.8,14.39,14.52,382805
2008-08-20,TDG,14.55,14.65,14.31,14.46,778701
2008-08-21,TDG,14.33,14.61,14.26,14.33,268254
2008-08-22,TDG,14.36,14.72,14.28,14.46,166143
2008-08-25,TDG,14.38,14.46,14.26,14.36,172783
2008-08-26,TDG,14.36,14.75,14.34,14.66,317069
2008-08-27,TDG,14.64,15.02,14.6,14.87,221177
2008-08-28,TDG,14.9,15.58,14.9,15.52,241710
2008-08-29,TDG,15.49,15.53,15.18,15.39,216791
2008-09-02,TDG,15.46,15.84,15.09,15.24,270043
2008-09-03,TDG,15.25,15.59,15.17,15.2,223682
2008-09-04,TDG,15.06,15.08,14.54,14.55,338152
2008-09-05,TDG,14.49,14.52,14.16,14.24,365785
2008-09-08,TDG,14.58,14.58,14.05,14.43,453807
2008-09-09,TDG,14.46,15.03,14.34,14.34,407747
2008-09-10,TDG,14.32,14.49,14.04,14.12,548918
2008-09-11,TDG,14.0,14.39,13.81,13.93,1301454
2008-09-12,TDG,13.82,14.18,13.77,14.18,502205
2008-09-15,TDG,13.82,14.2,13.82,13.93,250431
2008-09-16,TDG,13.87,14.7,13.3,14.67,663877
2008-09-17,TDG,14.49,14.59,14.26,14.44,627327
2008-09-18,TDG,14.65,15.6,14.51,15.56,1054230
2008-09-19,TDG,17.22,17.22,14.82,15.78,1179766
2008-09-22,TDG,15.74,15.95,14.93,15.01,279770
2008-09-23,TDG,15.01,15.2,14.45,14.49,259673
2008-09-24,TDG,14.48,14.53,13.95,14.0,432832
2008-09-25,TDG,13.97,14.47,13.88,14.35,472766
2008-09-26,TDG,14.24,14.47,14.02,14.29,290376
2008-09-29,TDG,14.16,14.2,13.22,13.44,906942
2008-09-30,TDG,13.64,14.09,13.44,14.03,383940
2008-10-01,TDG,13.93,14.1,13.54,13.7,268208
2008-10-02,TDG,13.56,13.74,12.96,13.08,593003
2008-10-03,TDG,13.15,13.42,12.03,12.37,595519
2008-10-06,TDG,12.34,12.34,11.56,11.89,581122
2008-10-07,TDG,12.11,12.38,11.7,11.74,422911
2008-10-08,TDG,11.43,12.22,11.29,11.77,620582
2008-10-09,TDG,11.99,12.49,11.46,11.47,661940
2008-10-10,TDG,11.07,12.17,10.86,12.12,1139679
2008-10-13,TDG,12.45,12.8,12.09,12.77,847625
2008-10-14,TDG,13.01,13.11,12.11,12.34,531191
2008-10-15,TDG,12.19,12.24,11.43,11.45,649698
2008-10-16,TDG,11.54,12.3,11.15,12.28,719934
2008-10-17,TDG,11.89,12.66,11.52,11.95,496425
2008-10-20,TDG,12.02,12.54,11.93,12.5,214088
2008-10-21,TDG,12.3,12.79,12.05,12.51,320882
2008-10-22,TDG,12.29,12.43,11.58,11.87,453093
2008-10-23,TDG,11.93,12.24,11.27,11.6,700036
2008-10-24,TDG,11.05,11.8,11.03,11.31,424138
2008-10-27,TDG,11.12,11.38,10.49,10.5,552820
2008-10-28,TDG,10.78,11.51,10.57,11.49,583234
2008-10-29,TDG,11.56,12.45,11.41,11.93,348229
2008-10-30,TDG,12.22,12.36,12.02,12.13,441326
2008-10-31,TDG,12.13,12.4,11.79,12.35,654147
2008-11-03,TDG,12.31,12.63,12.16,12.23,948134
2008-11-04,TDG,12.45,13.24,12.21,13.22,487587
2008-11-05,TDG,13.52,13.88,12.98,13.04,696048
2008-11-06,TDG,12.98,13.27,11.97,12.05,662616
2008-11-07,TDG,12.14,12.27,11.61,11.88,333642
2008-11-10,TDG,12.09,12.12,11.38,11.45,380276
2008-11-11,TDG,11.31,11.92,11.17,11.42,384794
2008-11-12,TDG,11.27,11.46,11.01,11.13,340378
2008-11-13,TDG,11.19,11.97,10.63,11.93,462336
2008-11-14,TDG,11.78,12.02,11.15,11.16,198495
2008-11-17,TDG,10.97,11.54,10.92,11.1,436618
2008-11-18,TDG,11.12,11.35,10.56,11.02,397344
2008-11-19,TDG,11.02,11.27,10.17,10.19,344864
2008-11-20,TDG,10.41,11.27,9.81,9.93,641782
2008-11-21,TDG,9.79,11.42,9.43,11.35,781316
2008-11-24,TDG,11.49,12.56,11.34,12.43,691107
2008-11-25,TDG,12.52,12.89,12.22,12.54,577436
2008-11-26,TDG,12.32,14.05,12.21,13.99,468961
2008-11-28,TDG,13.88,14.59,13.77,14.55,251348
2008-12-01,TDG,14.17,14.4,12.89,12.93,733682
2008-12-02,TDG,13.11,13.68,12.97,13.63,697740
2008-12-03,TDG,13.44,13.51,12.76,13.18,619380
2008-12-04,TDG,13.11,13.3,12.42,12.7,498989
2008-12-05,TDG,12.52,13.22,11.88,13.14,451662
2008-12-08,TDG,13.35,14.15,13.3,13.88,690805
2008-12-09,TDG,13.73,14.34,13.43,13.65,340757
2008-12-10,TDG,13.74,14.01,13.42,13.76,347395
2008-12-11,TDG,13.66,13.77,12.9,12.99,431133
2008-12-12,TDG,12.71,13.19,12.36,13.08,749582
2008-12-15,TDG,13.22,13.34,12.27,12.49,342015
2008-12-16,TDG,12.68,13.53,12.59,13.44,407920
2008-12-17,TDG,13.29,13.57,13.1,13.5,495844
2008-12-18,TDG,13.45,13.93,13.19,13.4,424513
2008-12-19,TDG,13.61,13.9,13.0,13.06,476947
2008-12-22,TDG,13.12,13.18,12.55,12.84,377379
2008-12-23,TDG,12.92,12.95,12.11,12.23,497869
2008-12-24,TDG,12.21,12.54,12.14,12.45,100200
2008-12-26,TDG,12.53,12.76,12.33,12.5,187774
2008-12-29,TDG,12.51,12.59,12.09,12.22,324754
2008-12-30,TDG,12.36,12.79,12.27,12.74,280009
2008-12-31,TDG,12.88,13.87,12.79,13.76,406237
2009-01-02,TDG,13.78,13.92,13.29,13.71,370314
2009-01-05,TDG,13.77,14.37,13.68,14.34,534346
2009-01-06,TDG,14.44,14.55,14.14,14.45,662235
2009-01-07,TDG,14.19,14.34,13.83,13.99,320165
2009-01-08,TDG,13.97,14.22,13.87,14.21,222644
2009-01-09,TDG,14.17,14.17,13.48,13.54,279641
2009-01-12,TDG,13.48,13.54,13.21,13.3,296080
2009-01-13,TDG,13.2,13.87,13.07,13.74,420774
2009-01-14,TDG,13.53,13.53,12.95,13.33,455049
2009-01-15,TDG,13.3,13.52,12.68,13.29,336796
2009-01-16,TDG,13.39,13.7,13.11,13.51,217726
2009-01-19,TDG,13.39,13.7,13.11,13.51,217726
2009-01-20,TDG,13.36,13.43,12.61,12.61,385746
2009-01-21,TDG,12.76,13.26,12.65,13.13,404747
2009-01-22,TDG,12.85,13.46,12.7,13.23,404139
2009-01-23,TDG,13.01,13.7,12.79,13.5,332834
2009-01-26,TDG,13.5,14.08,13.43,13.8,559172
2009-01-27,TDG,13.89,14.25,13.79,14.14,330216
2009-01-28,TDG,14.55,14.55,14.18,14.38,420822
2009-01-29,TDG,14.31,14.4,13.98,14.04,168681
2009-01-30,TDG,14.22,14.24,13.94,13.97,295056
2009-02-02,TDG,13.89,14.29,13.83,14.15,556963
2009-02-03,TDG,14.89,16.39,14.86,15.07,2064066
2009-02-04,TDG,15.12,15.71,15.12,15.57,972998
2009-02-05,TDG,15.37,15.79,15.24,15.69,687255
2009-02-06,TDG,15.68,16.39,15.68,16.2,686984
2009-02-09,TDG,16.19,16.39,16.08,16.13,644064
2009-02-10,TDG,16.25,16.4,15.51,15.66,486025
2009-02-11,TDG,15.79,15.94,15.48,15.74,342336
2009-02-12,TDG,15.49,16.06,15.37,16.06,413057
2009-02-13,TDG,16.13,16.62,15.99,16.29,664858
2009-02-17,TDG,15.81,16.01,15.52,15.63,671239
2009-02-18,TDG,15.74,15.82,15.31,15.57,509767
2009-02-19,TDG,15.79,15.97,15.47,15.56,369877
2009-02-20,TDG,14.47,15.19,14.42,14.83,1738806
2009-02-23,TDG,15.05,15.05,14.48,14.51,584240
2009-02-24,TDG,14.71,15.05,14.43,14.92,651989
2009-02-25,TDG,14.85,14.85,14.31,14.52,481028
2009-02-26,TDG,14.69,14.81,14.22,14.29,422940
2009-02-27,TDG,14.2,14.8,13.96,14.48,854878
2009-03-02,TDG,14.29,14.58,13.7,13.73,666992
2009-03-03,TDG,13.93,14.0,13.5,13.5,419814
2009-03-04,TDG,13.93,14.34,13.59,14.17,499452
2009-03-05,TDG,13.88,13.88,13.22,13.31,696800
2009-03-06,TDG,13.36,13.43,12.5,12.68,1163570
2009-03-09,TDG,12.51,13.04,12.45,12.55,620007
2009-03-10,TDG,12.83,12.83,12.17,12.61,1233249
2009-03-11,TDG,12.65,13.02,12.65,12.83,468895
2009-03-12,TDG,12.68,12.88,12.54,12.74,696122
2009-03-13,TDG,12.85,13.42,12.79,13.16,458955
2009-03-16,TDG,13.31,13.76,13.22,13.32,321427
2009-03-17,TDG,13.36,13.68,13.16,13.65,250674
2009-03-18,TDG,13.65,14.06,13.56,13.87,850321
2009-03-19,TDG,14.06,14.4,13.97,14.22,596652
2009-03-20,TDG,14.34,14.34,13.57,13.7,601956
2009-03-23,TDG,13.95,14.26,13.82,13.85,630695
2009-03-24,TDG,13.62,13.87,13.54,13.55,563641
2009-03-25,TDG,13.69,13.79,13.24,13.52,616900
2009-03-26,TDG,13.56,14.07,13.56,14.03,850364
2009-03-27,TDG,13.8,13.9,13.47,13.52,345023
2009-03-30,TDG,13.19,13.39,13.06,13.27,447751
2009-03-31,TDG,13.38,13.74,13.18,13.46,463626
2009-04-01,TDG,13.27,13.72,13.04,13.66,624746
2009-04-02,TDG,13.91,14.2,13.52,13.61,1050820
2009-04-03,TDG,13.56,13.79,13.4,13.79,479107
2009-04-06,TDG,13.63,13.96,13.49,13.85,767032
2009-04-07,TDG,13.69,13.76,13.12,13.2,577298
2009-04-08,TDG,13.34,13.34,12.98,13.12,583295
2009-04-09,TDG,13.38,13.83,13.25,13.75,642392
2009-04-13,TDG,13.51,13.53,12.9,13.21,431619
2009-04-14,TDG,13.04,13.38,12.99,13.32,490055
2009-04-15,TDG,13.2,13.4,13.1,13.27,644177
2009-04-16,TDG,13.32,14.05,13.15,13.93,637320
2009-04-17,TDG,13.98,14.04,13.7,13.77,328547
2009-04-20,TDG,13.53,13.58,13.26,13.39,402450
2009-04-21,TDG,13.3,13.49,13.21,13.38,726264
2009-04-22,TDG,13.3,14.34,13.3,14.19,1275055
2009-04-23,TDG,14.24,14.59,13.92,14.53,1030616
2009-04-24,TDG,14.69,14.8,14.48,14.78,570993
2009-04-27,TDG,14.75,14.8,14.5,14.68,711486
2009-04-28,TDG,14.58,14.58,14.15,14.34,523960
2009-04-29,TDG,14.38,15.16,14.19,15.02,619192
2009-04-30,TDG,15.08,15.18,14.15,14.4,644992
2009-05-01,TDG,14.43,14.83,14.33,14.73,598917
2009-05-04,TDG,14.73,15.09,14.61,15.09,726703
2009-05-05,TDG,15.54,16.17,15.54,15.63,1063853
2009-05-06,TDG,15.86,16.04,15.16,15.65,446744
2009-05-07,TDG,15.61,15.61,14.57,15.02,782722
2009-05-08,TDG,15.02,15.56,14.93,15.52,328522
2009-05-11,TDG,15.27,15.38,15.02,15.14,349247
2009-05-12,TDG,15.07,15.09,14.53,14.95,492110
2009-05-13,TDG,14.64,14.83,14.42,14.77,575424
2009-05-14,TDG,14.79,14.98,14.71,14.86,382349
2009-05-15,TDG,14.84,14.98,14.53,14.61,441592
2009-05-18,TDG,14.75,15.04,14.66,14.98,397611
2009-05-19,TDG,14.88,14.98,14.59,14.8,466832
2009-05-20,TDG,14.96,15.14,14.72,14.77,269232
2009-05-21,TDG,14.63,14.8,14.45,14.78,413452
2009-05-22,TDG,14.88,14.97,14.63,14.64,236715
2009-05-26,TDG,14.58,15.19,14.56,15.0,330170
2009-05-27,TDG,14.95,15.71,14.91,15.33,520321
2009-05-28,TDG,15.49,15.9,15.28,15.77,529406
2009-05-29,TDG,15.86,16.07,15.7,16.07,709595
2009-06-01,TDG,16.19,16.53,16.07,16.36,738933
2009-06-02,TDG,16.23,16.65,16.12,16.59,559110
2009-06-03,TDG,16.33,16.33,15.73,15.98,456673
2009-06-04,TDG,15.81,16.35,15.81,16.17,418499
2009-06-05,TDG,16.26,16.56,16.13,16.44,428946
2009-06-08,TDG,16.21,16.39,15.99,16.28,424985
2009-06-09,TDG,16.28,16.28,15.77,15.99,436602
2009-06-10,TDG,16.11,16.26,15.97,16.22,354227
2009-06-11,TDG,16.19,16.19,15.57,15.59,452738
2009-06-12,TDG,15.43,15.5,15.24,15.47,472774
2009-06-15,TDG,15.34,15.42,14.8,14.83,674754
2009-06-16,TDG,14.88,14.94,14.34,14.47,598776
2009-06-17,TDG,14.35,14.67,13.95,14.61,829651
2009-06-18,TDG,14.74,14.86,13.8,14.76,849162
2009-06-19,TDG,14.88,15.16,14.83,15.14,579506
2009-06-22,TDG,14.99,15.04,14.75,14.91,378718
2009-06-23,TDG,14.84,15.01,14.65,14.91,529029
2009-06-24,TDG,14.95,15.31,14.92,15.16,639694
2009-06-25,TDG,15.09,15.28,14.97,15.2,515654
2009-06-26,TDG,15.14,15.14,14.5,14.5,3061823
2009-06-29,TDG,14.56,15.02,14.56,14.86,485358
2009-06-30,TDG,14.75,14.91,14.62,14.83,405929
2009-07-01,TDG,14.92,15.42,14.9,15.37,731220
2009-07-02,TDG,15.17,15.4,15.11,15.35,625616
2009-07-03,TDG,15.17,15.4,15.11,15.35,625616
2009-07-06,TDG,15.21,15.28,15.0,15.15,511612
2009-07-07,TDG,15.06,15.13,14.76,14.83,456627
2009-07-08,TDG,15.0,15.29,14.85,15.09,681889
2009-07-09,TDG,15.11,15.27,14.99,15.09,287998
2009-07-10,TDG,15.0,15.21,14.41,15.08,234029
2009-07-13,TDG,15.01,15.29,14.83,15.24,345978
2009-07-14,TDG,15.18,15.24,15.06,15.2,214424
2009-07-15,TDG,15.29,15.39,15.19,15.33,346585
2009-07-16,TDG,15.25,15.67,15.11,15.58,288081
2009-07-17,TDG,15.49,15.52,15.16,15.4,377500
2009-07-20,TDG,15.39,15.46,15.33,15.46,246799
2009-07-21,TDG,15.45,15.77,15.28,15.72,494473
2009-07-22,TDG,15.51,15.7,15.5,15.65,312996
2009-07-23,TDG,15.7,15.85,15.56,15.74,345599
2009-07-24,TDG,15.73,15.8,15.42,15.63,283313
2009-07-27,TDG,15.55,15.58,15.32,15.54,156816
2009-07-28,TDG,15.52,15.68,15.25,15.26,339876
2009-07-29,TDG,15.29,15.52,15.2,15.45,175162
2009-07-30,TDG,15.57,15.63,15.46,15.51,242721
2009-07-31,TDG,15.49,15.79,15.42,15.69,487449
2009-08-03,TDG,15.72,16.6,15.62,16.39,871973
2009-08-04,TDG,16.62,18.7,16.51,18.36,2322961
2009-08-05,TDG,18.29,18.4,18.15,18.4,439102
2009-08-06,TDG,18.35,18.47,18.12,18.28,488148
2009-08-07,TDG,18.36,18.42,17.86,17.89,804715
2009-08-10,TDG,17.95,18.21,17.1,17.8,448069
2009-08-11,TDG,17.86,18.0,17.63,17.63,308047
2009-08-12,TDG,17.6,17.87,17.23,17.71,624730
2009-08-13,TDG,17.56,17.68,16.87,17.66,700191
2009-08-14,TDG,17.75,17.76,17.32,17.75,329054
2009-08-17,TDG,17.38,17.62,17.15,17.53,347745
2009-08-18,TDG,17.48,17.79,17.48,17.7,250593
2009-08-19,TDG,17.5,17.85,17.5,17.84,206282
2009-08-20,TDG,17.94,18.42,17.8,18.17,605996
2009-08-21,TDG,18.28,18.28,17.83,17.93,643996
2009-08-24,TDG,17.7,18.16,17.62,18.15,382630
2009-08-25,TDG,18.17,18.35,18.11,18.29,430983
2009-08-26,TDG,18.17,18.44,18.07,18.14,233632
2009-08-27,TDG,18.13,18.33,17.78,18.11,409181
2009-08-28,TDG,18.42,18.42,17.88,18.14,264037
2009-08-31,TDG,17.96,18.25,17.76,18.24,312622
2009-09-01,TDG,18.22,18.44,17.89,17.91,385661
2009-09-02,TDG,17.97,17.97,17.61,17.62,366666
2009-09-03,TDG,17.72,17.72,17.2,17.55,446994
2009-09-04,TDG,17.62,18.25,17.49,18.13,283280
2009-09-08,TDG,18.2,18.31,17.97,18.27,296980
2009-09-09,TDG,18.39,18.57,18.31,18.54,618502
2009-09-10,TDG,18.44,18.72,18.38,18.71,366299
2009-09-11,TDG,18.63,19.01,18.63,18.76,362024
2009-09-14,TDG,18.61,18.97,18.55,18.88,242876
2009-09-15,TDG,18.79,19.0,18.78,18.94,141578
2009-09-16,TDG,18.88,19.26,18.63,19.25,260895
2009-09-17,TDG,19.26,20.23,19.23,19.67,1121104
2009-09-18,TDG,19.58,19.81,19.45,19.77,626542
2009-09-21,TDG,19.67,19.85,19.54,19.69,254809
2009-09-22,TDG,19.69,19.93,19.68,19.88,314114
2009-09-23,TDG,19.99,20.07,19.82,19.95,254727
2009-09-24,TDG,19.9,19.99,19.79,19.83,549708
2009-09-25,TDG,19.89,19.89,19.54,19.64,473477
2009-09-28,TDG,19.77,19.99,19.71,19.83,204118
2009-09-29,TDG,19.77,19.92,19.56,19.72,219064
2009-09-30,TDG,19.85,20.87,19.79,20.41,1392955
2009-10-01,TDG,20.46,20.83,19.9,19.93,712837
2009-10-02,TDG,19.42,19.62,18.91,19.52,649374
2009-10-05,TDG,19.42,19.6,19.32,19.5,575016
2009-10-06,TDG,19.79,19.83,19.29,19.56,1270790
2009-10-07,TDG,20.42,20.42,19.21,19.67,889049
2009-10-08,TDG,19.85,20.38,19.6,20.31,844008
2009-10-09,TDG,20.43,20.55,20.13,20.52,426387
2009-10-12,TDG,20.74,20.88,20.22,20.45,582486
2009-10-13,TDG,20.54,20.57,20.08,20.35,1788904
2009-10-14,TDG,20.64,21.56,20.37,21.53,1209928
2009-10-15,TDG,21.56,21.56,21.14,21.35,400355
2009-10-16,TDG,21.27,21.34,21.0,21.03,293881
2009-10-19,TDG,20.9,21.1,20.89,20.98,355091
2009-10-20,TDG,20.99,21.06,20.32,20.38,436329
2009-10-21,TDG,20.31,20.65,20.03,20.15,735805
2009-10-22,TDG,20.03,20.56,19.84,20.49,640198
2009-10-23,TDG,20.61,20.67,19.93,19.99,401024
2009-10-26,TDG,19.86,20.05,19.51,19.55,462793
2009-10-27,TDG,19.49,19.58,19.28,19.41,450977
2009-10-28,TDG,19.3,19.39,18.95,18.99,540921
2009-10-29,TDG,19.09,19.35,18.98,19.31,310813
2009-10-30,TDG,19.11,19.31,18.85,18.98,325571
2009-11-02,TDG,19.1,19.32,18.9,19.19,375973
2009-11-03,TDG,19.16,19.3,19.01,19.24,289118
2009-11-04,TDG,19.38,19.63,19.35,19.43,410215
2009-11-05,TDG,19.49,20.03,19.44,20.0,218540
2009-11-06,TDG,19.72,19.93,19.39,19.61,487420
2009-11-09,TDG,19.58,19.78,19.38,19.77,255273
2009-11-10,TDG,19.62,19.86,19.43,19.66,237453
2009-11-11,TDG,19.69,19.77,19.22,19.44,515363
2009-11-12,TDG,19.5,19.78,19.4,19.44,206095
2009-11-13,TDG,19.44,19.71,19.3,19.71,334787
2009-11-16,TDG,19.78,20.32,19.49,20.24,598755
2009-11-17,TDG,20.32,20.38,20.09,20.3,482139
2009-11-18,TDG,20.4,20.5,20.07,20.35,496633
2009-11-19,TDG,20.33,20.37,19.57,20.24,771718
2009-11-20,TDG,20.24,21.18,20.2,20.66,916726
2009-11-23,TDG,20.77,21.1,20.73,20.95,326109
2009-11-24,TDG,21.05,21.05,20.72,21.0,235438
2009-11-25,TDG,21.01,21.07,20.84,21.0,249498
2009-11-27,TDG,20.53,21.02,20.43,20.86,97245
2009-11-30,TDG,20.97,21.08,20.81,21.0,365525
2009-12-01,TDG,21.14,21.49,21.11,21.32,485105
2009-12-02,TDG,21.43,21.89,21.37,21.66,577327
2009-12-03,TDG,21.55,22.06,21.55,21.87,383841
2009-12-04,TDG,21.91,22.42,21.84,22.28,520654
2009-12-07,TDG,22.35,22.56,22.19,22.43,496211
2009-12-08,TDG,22.36,22.41,22.1,22.24,353630
2009-12-09,TDG,22.27,22.32,21.88,22.27,297060
2009-12-10,TDG,22.65,22.77,22.47,22.7,689262
2009-12-11,TDG,22.81,23.1,22.62,22.85,261963
2009-12-14,TDG,23.03,23.03,22.83,22.92,254933
2009-12-15,TDG,23.0,23.22,22.9,22.98,348839
2009-12-16,TDG,22.98,23.13,22.98,23.07,321022
2009-12-17,TDG,22.18,22.89,22.18,22.87,211973
2009-12-18,TDG,23.01,23.01,22.67,22.76,191470
2009-12-21,TDG,22.76,23.01,22.76,22.95,110998
2009-12-22,TDG,22.9,23.29,22.85,23.24,193772
2009-12-23,TDG,23.33,23.44,23.13,23.2,139875
2009-12-24,TDG,23.16,23.4,23.13,23.4,42358
2009-12-28,TDG,23.4,23.4,23.18,23.25,125967
2009-12-29,TDG,22.91,23.28,22.68,23.2,355550
2009-12-30,TDG,23.24,23.25,23.07,23.13,220330
2009-12-31,TDG,23.2,23.2,23.0,23.0,130337
2010-01-04,TDG,23.33,23.93,23.25,23.93,791385
2010-01-05,TDG,23.93,24.3,23.87,24.16,235658
2010-01-06,TDG,24.06,24.42,24.06,24.33,337030
2010-01-07,TDG,24.33,24.71,24.18,24.64,346098
2010-01-08,TDG,24.7,25.13,24.62,24.92,238543
2010-01-11,TDG,25.14,25.14,24.63,24.93,193334
2010-01-12,TDG,24.8,24.8,24.27,24.36,270875
2010-01-13,TDG,24.45,24.6,24.26,24.44,378420
2010-01-14,TDG,24.29,24.62,24.22,24.59,340433
2010-01-15,TDG,24.5,24.56,24.32,24.4,335963
2010-01-18,TDG,24.5,24.56,24.32,24.4,335963
2010-01-19,TDG,24.51,24.56,24.36,24.42,325759
2010-01-20,TDG,24.64,24.75,24.22,24.58,454933
2010-01-21,TDG,24.62,24.77,24.03,24.25,355645
2010-01-22,TDG,24.12,24.19,23.62,23.76,445920
2010-01-25,TDG,23.93,24.08,23.57,23.61,345215
2010-01-26,TDG,23.61,23.77,23.5,23.62,233000
2010-01-27,TDG,23.66,23.74,23.28,23.73,338216
2010-01-28,TDG,23.72,23.82,23.45,23.63,244150
2010-01-29,TDG,23.75,23.82,23.37,23.38,317759
2010-02-01,TDG,23.49,23.51,23.25,23.46,230829
2010-02-02,TDG,23.44,24.0,23.37,23.98,285512
2010-02-03,TDG,23.96,24.12,23.74,24.05,253162
2010-02-04,TDG,23.94,24.0,23.1,23.11,177848
2010-02-05,TDG,23.17,23.23,22.54,23.06,209617
2010-02-08,TDG,23.14,23.28,22.94,23.01,200952
2010-02-09,TDG,23.24,23.56,22.99,23.42,297321
2010-02-10,TDG,23.01,23.38,22.94,23.21,333105
2010-02-11,TDG,23.27,23.29,22.86,23.23,419208
2010-02-12,TDG,22.91,23.28,22.86,23.27,317647
2010-02-16,TDG,23.38,23.56,23.17,23.53,182437
2010-02-17,TDG,23.53,23.57,23.3,23.43,192869
2010-02-18,TDG,23.3,23.88,23.28,23.83,193882
2010-02-19,TDG,23.83,24.02,23.75,23.88,194159
2010-02-22,TDG,23.87,24.02,23.52,23.93,250950
2010-02-23,TDG,23.94,24.06,23.71,23.74,208368
2010-02-24,TDG,23.75,23.95,23.62,23.93,146180
2010-02-25,TDG,23.64,24.05,23.49,24.02,270109
2010-02-26,TDG,24.07,24.35,24.01,24.33,528521
2010-03-01,TDG,24.61,25.53,24.54,25.48,397119
2010-03-02,TDG,25.66,25.93,25.57,25.61,220412
2010-03-03,TDG,25.58,25.77,25.5,25.53,167785
2010-03-04,TDG,25.56,25.57,25.38,25.51,137742
2010-03-05,TDG,25.56,25.76,25.52,25.6,390445
2010-03-08,TDG,25.7,25.7,25.11,25.15,368642
2010-03-09,TDG,25.18,25.67,25.15,25.44,263144
2010-03-10,TDG,25.36,25.64,25.36,25.48,212184
2010-03-11,TDG,25.37,25.68,25.33,25.6,280216
2010-03-12,TDG,25.61,25.65,25.27,25.48,323144
2010-03-15,TDG,25.36,25.43,25.02,25.4,188794
2010-03-16,TDG,25.45,25.45,25.16,25.31,170499
2010-03-17,TDG,25.31,25.46,25.27,25.36,70744
2010-03-18,TDG,25.43,25.43,25.19,25.3,102306
2010-03-19,TDG,25.36,25.45,25.3,25.39,191140
2010-03-22,TDG,25.2,25.38,25.19,25.32,77425
2010-03-23,TDG,25.27,25.43,25.16,25.26,181459
2010-03-24,TDG,25.27,25.31,25.12,25.25,187104
2010-03-25,TDG,25.31,25.5,25.2,25.29,259844
2010-03-26,TDG,25.29,25.62,25.29,25.46,303885
2010-03-29,TDG,25.46,26.07,25.43,25.89,403650
2010-03-30,TDG,25.97,26.39,25.95,26.05,451065
2010-03-31,TDG,26.04,26.04,25.51,25.69,352479
2010-04-01,TDG,25.79,25.87,25.31,25.57,357525
2010-04-05,TDG,26.43,26.64,26.24,26.45,675210
2010-04-06,TDG,26.5,26.68,26.32,26.57,704595
2010-04-07,TDG,26.38,26.63,26.13,26.36,272741
2010-04-08,TDG,26.24,26.5,26.24,26.45,236497
2010-04-09,TDG,26.63,26.63,26.36,26.5,201179
2010-04-12,TDG,26.56,26.66,26.48,26.52,151359
2010-04-13,TDG,26.53,26.55,25.99,26.25,218795
2010-04-14,TDG,26.45,26.45,26.07,26.44,171170
2010-04-15,TDG,26.44,26.51,26.23,26.39,155074
2010-04-16,TDG,26.28,26.33,25.54,26.12,253634
2010-04-19,TDG,25.93,26.06,25.75,25.94,147114
2010-04-20,TDG,25.96,26.4,25.96,26.39,175488
2010-04-21,TDG,26.3,26.78,26.3,26.56,150071
2010-04-22,TDG,26.34,27.67,26.27,27.54,477483
2010-04-23,TDG,27.48,27.55,27.06,27.47,192873
2010-04-26,TDG,27.5,27.68,27.28,27.31,176969
2010-04-27,TDG,27.11,27.37,26.61,26.67,188953
2010-04-28,TDG,26.85,26.88,26.54,26.72,161056
2010-04-29,TDG,26.76,26.92,26.61,26.92,317969
2010-04-30,TDG,27.01,27.08,26.69,26.77,272874
2010-05-03,TDG,26.83,27.44,26.77,27.41,221269
2010-05-04,TDG,27.05,27.26,26.3,26.42,343224
2010-05-05,TDG,26.05,26.25,25.59,25.79,506589
2010-05-06,TDG,25.61,26.07,23.61,25.45,753295
2010-05-07,TDG,25.45,25.45,24.22,24.63,612096
2010-05-10,TDG,25.93,26.41,25.59,26.21,816665
2010-05-11,TDG,26.14,27.2,26.07,26.55,949989
2010-05-12,TDG,26.71,27.46,26.59,27.17,437966
2010-05-13,TDG,27.06,27.76,27.06,27.39,390097
2010-05-14,TDG,27.33,27.33,26.45,26.89,337667
2010-05-17,TDG,27.1,27.2,26.41,26.76,407740
2010-05-18,TDG,26.89,27.04,26.16,26.17,517181
2010-05-19,TDG,26.14,26.14,25.57,25.94,614673
2010-05-20,TDG,25.31,25.71,24.9,25.1,833769
2010-05-21,TDG,24.85,25.73,24.78,25.61,303675
2010-05-24,TDG,25.45,25.6,25.08,25.13,261059
2010-05-25,TDG,24.49,25.14,24.0,25.06,591136
2010-05-26,TDG,25.15,25.45,24.83,24.87,471827
2010-05-27,TDG,25.33,25.73,25.23,25.73,355592
2010-05-28,TDG,25.73,25.77,25.32,25.56,187950
2010-06-01,TDG,23.82,25.62,23.82,24.66,512279
2010-06-02,TDG,24.69,25.02,24.3,25.02,704249
2010-06-03,TDG,25.25,25.4,24.86,25.12,293169
2010-06-04,TDG,24.71,24.79,24.12,24.16,368180
2010-06-07,TDG,24.16,24.19,23.6,23.66,459948
2010-06-08,TDG,23.68,24.03,23.58,23.98,502196
2010-06-09,TDG,24.17,25.06,24.17,24.42,754444
2010-06-10,TDG,24.83,25.0,24.53,25.0,368662
2010-06-11,TDG,24.73,25.13,24.7,25.05,366223
2010-06-14,TDG,25.48,25.88,25.11,25.32,466473
2010-06-15,TDG,25.44,25.84,25.4,25.82,354060
2010-06-16,TDG,25.72,25.96,25.62,25.93,441380
2010-06-17,TDG,25.9,25.98,25.48,25.75,233857
2010-06-18,TDG,25.78,25.94,25.65,25.85,202948
2010-06-21,TDG,26.11,26.11,25.68,25.79,170442
2010-06-22,TDG,25.8,26.03,25.28,25.29,264179
2010-06-23,TDG,25.27,25.85,25.19,25.71,368113
2010-06-24,TDG,25.56,26.01,25.48,25.58,356867
2010-06-25,TDG,25.6,26.01,25.49,25.81,673956
2010-06-28,TDG,25.93,26.29,25.77,25.96,343704
2010-06-29,TDG,25.65,25.65,24.92,25.13,377389
2010-06-30,TDG,25.0,25.39,24.68,24.72,368289
2010-07-01,TDG,24.72,24.87,24.11,24.47,540702
2010-07-02,TDG,24.56,24.69,24.17,24.34,202939
2010-07-06,TDG,24.55,24.75,24.11,24.35,155584
2010-07-07,TDG,24.45,24.92,24.09,24.83,454243
2010-07-08,TDG,25.11,25.22,24.87,25.13,338269
2010-07-09,TDG,25.16,25.34,25.0,25.31,187313
2010-07-12,TDG,24.69,25.17,24.47,24.73,329192
2010-07-13,TDG,24.9,25.09,24.77,25.01,340141
2010-07-14,TDG,24.98,25.41,24.77,25.26,526383
2010-07-15,TDG,25.3,25.4,24.87,25.29,377831
2010-07-16,TDG,25.11,25.11,24.22,24.27,429086
2010-07-19,TDG,24.38,24.47,24.06,24.25,208115
2010-07-20,TDG,24.0,24.53,23.84,24.51,296783
2010-07-21,TDG,24.71,24.71,24.23,24.4,304496
2010-07-22,TDG,24.61,25.21,24.53,25.08,464427
2010-07-23,TDG,25.07,25.73,25.02,25.73,268286
2010-07-26,TDG,25.9,26.36,25.63,26.36,349656
2010-07-27,TDG,26.47,26.5,26.22,26.31,321991
2010-07-28,TDG,26.3,26.33,25.96,26.11,226354
2010-07-29,TDG,26.25,26.31,25.71,26.18,369622
2010-07-30,TDG,25.87,26.27,25.85,26.24,450849
2010-08-02,TDG,26.64,26.95,26.48,26.54,646908
2010-08-03,TDG,26.42,27.01,26.42,26.77,329949
2010-08-04,TDG,26.87,27.32,26.87,27.22,323235
2010-08-05,TDG,27.08,27.23,26.83,26.86,191757
2010-08-06,TDG,26.7,27.02,26.64,26.95,405530
2010-08-09,TDG,26.95,27.51,26.95,27.44,519601
2010-08-10,TDG,28.11,28.48,27.49,27.64,852840
2010-08-11,TDG,27.18,27.6,27.02,27.25,438110
2010-08-12,TDG,27.0,27.46,26.9,27.27,364365
2010-08-13,TDG,27.19,27.42,27.12,27.14,356846
2010-08-16,TDG,27.01,27.21,26.9,27.13,377424
2010-08-17,TDG,27.39,27.9,27.27,27.53,481043
2010-08-18,TDG,27.5,27.98,27.32,27.95,439255
2010-08-19,TDG,27.86,28.13,27.8,27.94,596630
2010-08-20,TDG,27.91,27.91,27.35,27.78,263560
2010-08-23,TDG,27.93,27.93,27.21,27.29,462610
2010-08-24,TDG,27.01,27.27,26.57,27.04,856063
2010-08-25,TDG,26.85,27.05,26.59,26.84,1011913
2010-08-26,TDG,26.9,27.82,26.9,27.62,531296
2010-08-27,TDG,27.71,28.35,27.52,28.3,322945
2010-08-30,TDG,28.27,28.45,28.08,28.29,438088
2010-08-31,TDG,28.21,28.54,27.94,28.04,780974
2010-09-01,TDG,28.45,29.03,28.24,28.82,548583
2010-09-02,TDG,28.82,29.67,28.78,29.67,669272
2010-09-03,TDG,29.79,29.99,29.54,29.75,496544
2010-09-07,TDG,29.59,29.62,29.22,29.23,361001
2010-09-08,TDG,29.38,29.6,29.33,29.55,270269
2010-09-09,TDG,29.95,30.06,29.44,29.52,267314
2010-09-10,TDG,29.57,29.84,29.31,29.52,269115
2010-09-13,TDG,29.79,30.1,29.72,30.08,285011
2010-09-14,TDG,29.98,29.98,29.72,29.79,174827
2010-09-15,TDG,29.75,30.0,29.54,29.98,255009
2010-09-16,TDG,29.95,30.19,29.82,30.03,301561
2010-09-17,TDG,30.03,30.71,29.97,30.59,453970
2010-09-20,TDG,30.64,30.95,30.52,30.79,278428
2010-09-21,TDG,30.76,30.82,30.14,30.26,361954
2010-09-22,TDG,30.15,30.44,29.83,29.98,167334
2010-09-23,TDG,29.86,29.91,29.55,29.6,204183
2010-09-24,TDG,29.89,30.23,29.89,30.15,131868
2010-09-27,TDG,30.28,31.32,29.87,29.88,676998
2010-09-28,TDG,29.77,30.02,29.39,29.94,494637
2010-09-29,TDG,29.82,30.59,29.82,30.55,355024
2010-09-30,TDG,30.59,30.82,29.98,30.06,440169
2010-10-01,TDG,30.04,30.39,29.83,30.03,252632
2010-10-04,TDG,29.92,30.06,29.5,29.55,186023
2010-10-05,TDG,29.55,30.43,29.53,30.13,453438
2010-10-06,TDG,30.14,30.37,30.14,30.23,207102
2010-10-07,TDG,30.37,30.44,30.06,30.22,112155
2010-10-08,TDG,30.3,30.82,30.19,30.78,197093
2010-10-11,TDG,30.76,30.87,30.6,30.71,136220
2010-10-12,TDG,30.68,30.78,30.19,30.65,229683
2010-10-13,TDG,30.69,31.48,30.28,30.94,249952
2010-10-14,TDG,30.89,30.92,30.51,30.69,151350
2010-10-15,TDG,30.92,31.1,30.48,30.67,172936
2010-10-18,TDG,30.63,30.63,30.44,30.52,240186
2010-10-19,TDG,30.25,30.42,29.9,30.23,273228
2010-10-20,TDG,30.31,30.92,30.25,30.74,220494
2010-10-21,TDG,30.83,31.7,30.83,31.48,447424
2010-10-22,TDG,31.46,31.63,31.24,31.63,230270
2010-10-25,TDG,31.67,31.98,31.52,31.7,181003
2010-10-26,TDG,31.45,31.94,31.27,31.81,178011
2010-10-27,TDG,31.69,31.86,31.37,31.85,175342
2010-10-28,TDG,31.96,32.06,31.61,31.88,167805
2010-10-29,TDG,31.79,32.16,31.79,32.1,147943
2010-11-01,TDG,32.31,32.35,32.14,32.32,267737
2010-11-02,TDG,32.46,32.82,32.46,32.82,220897
2010-11-03,TDG,32.82,32.89,32.16,32.48,227260
2010-11-04,TDG,32.76,32.95,32.51,32.65,260910
2010-11-05,TDG,32.63,32.76,32.47,32.7,128451
2010-11-08,TDG,32.61,32.65,32.19,32.36,211696
2010-11-09,TDG,32.43,32.5,31.98,32.09,199169
2010-11-10,TDG,32.11,32.11,31.69,31.97,232223
2010-11-11,TDG,31.71,31.79,31.49,31.78,206997
2010-11-12,TDG,31.61,31.8,31.47,31.68,366789
2010-11-15,TDG,31.79,32.17,31.64,31.87,239287
2010-11-16,TDG,32.99,33.49,32.29,32.59,699728
2010-11-17,TDG,32.69,32.77,32.44,32.6,178428
2010-11-18,TDG,32.8,33.34,32.79,33.07,230897
2010-11-19,TDG,33.05,33.21,32.93,33.07,111212
2010-11-22,TDG,33.01,33.29,32.93,33.09,344365
2010-11-23,TDG,32.77,32.95,32.55,32.84,226080
2010-11-24,TDG,32.94,33.53,32.94,33.45,165767
2010-11-26,TDG,33.24,33.54,33.17,33.46,117358
2010-11-29,TDG,33.21,33.54,32.93,33.37,181672
2010-11-30,TDG,33.25,33.28,32.91,33.18,274070
2010-12-01,TDG,33.26,33.91,33.26,33.51,336049
2010-12-02,TDG,32.52,33.91,32.52,33.74,300775
2010-12-03,TDG,33.67,33.73,33.41,33.67,234580
2010-12-06,TDG,33.59,33.91,33.41,33.85,170226
2010-12-07,TDG,34.07,34.15,33.82,34.0,247108
2010-12-08,TDG,34.04,34.25,33.85,33.98,319559
2010-12-09,TDG,34.16,34.37,33.98,34.13,290525
2010-12-10,TDG,34.18,34.39,33.89,34.13,482373
2010-12-13,TDG,34.44,35.33,33.93,34.23,473944
2010-12-14,TDG,34.22,34.7,34.16,34.39,426684
2010-12-15,TDG,34.31,34.73,34.23,34.5,405132
2010-12-16,TDG,35.19,35.19,34.37,34.78,226451
2010-12-17,TDG,34.78,34.78,34.46,34.69,223515
2010-12-20,TDG,34.74,34.8,34.47,34.66,310491
2010-12-21,TDG,34.74,35.07,34.72,35.01,201569
2010-12-22,TDG,34.99,35.16,34.83,35.07,144168
2010-12-23,TDG,35.09,35.16,34.88,34.91,107751
2010-12-27,TDG,34.78,34.84,34.5,34.81,132362
2010-12-28,TDG,34.84,34.84,34.61,34.7,156720
2010-12-29,TDG,34.7,34.93,34.69,34.7,75228
2010-12-30,TDG,34.73,34.93,34.68,34.68,104491
2010-12-31,TDG,34.77,35.06,34.7,34.88,153542
2011-01-03,TDG,35.1,35.79,35.1,35.72,272566
2011-01-04,TDG,35.82,36.15,35.58,36.02,342568
2011-01-05,TDG,36.02,36.68,35.92,36.65,445176
2011-01-06,TDG,36.73,37.05,36.51,36.93,286943
2011-01-07,TDG,36.9,37.49,36.82,37.49,387194
2011-01-10,TDG,37.32,37.34,36.35,36.54,381061
2011-01-11,TDG,36.82,37.31,36.7,36.99,448636
2011-01-12,TDG,37.25,37.36,36.95,37.11,185676
2011-01-13,TDG,37.32,37.32,36.93,37.03,216389
2011-01-14,TDG,37.01,37.36,36.91,37.11,178323
2011-01-18,TDG,37.14,37.54,37.14,37.47,271294
2011-01-19,TDG,37.5,37.6,37.12,37.38,226922
2011-01-20,TDG,37.2,37.26,36.79,37.07,301321
2011-01-21,TDG,37.21,37.41,37.21,37.37,188347
2011-01-24,TDG,37.28,37.45,37.06,37.2,246450
2011-01-25,TDG,37.15,37.45,36.85,37.34,166074
2011-01-26,TDG,37.3,37.95,37.3,37.73,344113
2011-01-27,TDG,37.74,37.81,37.49,37.7,223443
2011-01-28,TDG,37.66,37.96,37.08,37.15,266617
2011-01-31,TDG,37.15,37.77,36.99,37.53,296953
2011-02-01,TDG,37.73,38.09,37.63,37.85,278902
2011-02-02,TDG,37.74,37.93,37.59,37.74,258373
2011-02-03,TDG,37.78,38.1,37.48,38.07,134223
2011-02-04,TDG,38.18,38.45,38.02,38.39,172643
2011-02-07,TDG,39.87,41.36,38.88,39.23,746341
2011-02-08,TDG,40.15,40.35,39.71,40.0,501199
2011-02-09,TDG,40.01,40.1,39.28,39.81,451799
2011-02-10,TDG,39.54,39.72,39.45,39.61,187523
2011-02-11,TDG,39.47,39.53,39.24,39.49,167544
2011-02-14,TDG,39.72,39.8,39.28,39.5,219662
2011-02-15,TDG,39.36,39.67,39.36,39.51,260682
2011-02-16,TDG,39.61,39.72,39.2,39.63,261460
2011-02-17,TDG,39.56,39.69,39.28,39.48,222721
2011-02-18,TDG,39.55,39.83,39.3,39.48,204290
2011-02-22,TDG,39.02,39.25,38.68,39.09,319844
2011-02-23,TDG,39.06,39.42,38.08,38.42,335055
2011-02-24,TDG,38.33,38.75,38.0,38.38,385705
2011-02-25,TDG,38.56,39.04,38.5,38.92,167822
2011-02-28,TDG,39.13,39.45,38.69,38.94,178648
2011-03-01,TDG,39.24,39.42,39.05,39.33,436562
2011-03-02,TDG,39.25,39.68,39.24,39.46,310531
2011-03-03,TDG,39.74,40.37,39.69,40.2,132551
2011-03-04,TDG,40.24,40.35,39.5,40.05,140076
2011-03-07,TDG,40.35,40.44,38.95,39.2,222218
2011-03-08,TDG,39.33,39.77,39.02,39.52,217699
2011-03-09,TDG,39.61,39.81,39.36,39.72,186845
2011-03-10,TDG,39.35,39.39,38.43,38.9,281778
2011-03-11,TDG,38.74,39.46,38.54,39.25,163014
2011-03-14,TDG,38.88,39.84,38.17,39.74,434484
2011-03-15,TDG,38.78,38.91,38.38,38.62,312761
2011-03-16,TDG,38.83,38.83,37.42,37.53,238457
2011-03-17,TDG,37.93,38.21,37.68,37.81,169265
2011-03-18,TDG,38.18,38.44,37.94,38.18,124783
2011-03-21,TDG,38.5,39.15,38.49,38.8,103032
2011-03-22,TDG,38.8,39.18,38.77,39.08,129772
2011-03-23,TDG,38.98,39.5,38.73,39.33,102874
2011-03-24,TDG,39.49,39.65,39.19,39.64,63933
2011-03-25,TDG,39.66,40.04,39.5,39.77,107146
2011-03-28,TDG,39.77,40.01,39.64,39.8,166058
2011-03-29,TDG,39.75,39.89,39.56,39.87,161325
2011-03-30,TDG,40.0,40.32,39.94,39.96,230911
2011-03-31,TDG,39.98,40.62,39.92,40.61,159678
2011-04-01,TDG,40.68,41.3,40.58,40.78,269964
2011-04-04,TDG,40.33,40.61,39.97,40.28,263452
2011-04-05,TDG,40.1,40.38,39.86,40.22,124826
2011-04-06,TDG,40.32,40.49,40.03,40.06,107071
2011-04-07,TDG,40.06,40.15,39.55,39.69,209910
2011-04-08,TDG,39.9,39.95,38.67,38.99,306754
2011-04-11,TDG,38.99,39.04,38.78,38.86,244924
2011-04-12,TDG,38.59,38.77,38.17,38.48,231564
2011-04-13,TDG,38.69,38.69,38.19,38.35,207175
2011-04-14,TDG,38.16,38.26,37.76,38.05,195287
2011-04-15,TDG,38.11,38.41,37.94,38.18,113245
2011-04-18,TDG,37.82,37.95,37.21,37.57,222812
2011-04-19,TDG,37.53,37.84,37.38,37.59,268534
2011-04-20,TDG,37.97,38.67,37.97,38.49,347056
2011-04-21,TDG,38.71,38.83,38.47,38.75,145962
2011-04-22,TDG,38.71,38.83,38.47,38.75,145962
2011-04-25,TDG,38.85,38.85,38.13,38.45,110714
2011-04-26,TDG,38.46,39.05,38.39,38.77,218260
2011-04-27,TDG,38.79,39.16,38.67,39.14,138260
2011-04-28,TDG,39.11,39.49,38.98,39.48,161687
2011-04-29,TDG,39.59,40.35,39.59,40.35,210696
2011-05-02,TDG,40.63,40.84,40.0,40.15,293525
2011-05-03,TDG,40.06,40.26,39.7,39.87,217946
2011-05-04,TDG,39.86,39.97,39.25,39.49,164558
2011-05-05,TDG,39.86,39.97,39.25,39.49,164558
2011-05-06,TDG,40.08,40.65,40.08,40.16,379047
2011-05-09,TDG,40.06,40.48,39.85,40.44,313731
2011-05-10,TDG,39.48,40.68,39.48,40.22,396420
2011-05-11,TDG,40.18,40.47,39.99,40.19,409682
2011-05-12,TDG,40.02,40.67,39.88,40.51,285784
2011-05-13,TDG,40.57,40.68,39.91,40.05,124010
2011-05-16,TDG,39.9,40.36,39.77,39.94,144418
2011-05-17,TDG,39.96,40.1,39.34,39.83,246818
2011-05-18,TDG,39.93,40.69,39.74,40.64,212190
2011-05-19,TDG,40.78,41.11,40.33,40.42,332288
2011-05-20,TDG,40.39,40.39,39.71,39.9,179984
2011-05-23,TDG,39.41,39.41,38.75,38.99,202425
2011-05-24,TDG,39.01,39.21,38.56,38.8,153488
2011-05-25,TDG,38.67,38.83,38.45,38.76,181599
2011-05-26,TDG,38.67,38.68,38.42,38.56,300116
2011-05-27,TDG,38.73,39.07,38.65,39.02,84634
2011-05-31,TDG,39.22,39.72,38.7,39.72,391759
2011-06-01,TDG,39.67,39.88,39.32,39.4,516304
2011-06-02,TDG,39.47,39.68,39.11,39.34,307309
2011-06-03,TDG,38.88,39.34,38.66,38.91,144624
2011-06-06,TDG,39.03,39.33,38.59,39.0,147576
2011-06-07,TDG,39.26,39.33,38.76,39.01,273458
2011-06-08,TDG,38.93,39.01,38.66,38.79,282091
2011-06-09,TDG,38.81,39.05,38.58,39.05,111549
2011-06-10,TDG,38.83,38.99,38.36,38.78,284083
2011-06-13,TDG,38.75,38.92,38.37,38.74,279439
2011-06-14,TDG,39.39,39.98,39.08,39.95,299628
2011-06-15,TDG,39.63,39.93,39.45,39.8,362392
2011-06-16,TDG,39.74,39.96,39.53,39.92,428112
2011-06-17,TDG,40.21,40.73,40.15,40.61,381701
2011-06-20,TDG,40.46,41.64,40.37,41.33,330773
2011-06-21,TDG,41.61,42.34,41.51,42.11,419956
2011-06-22,TDG,42.14,42.91,41.66,42.09,700435
2011-06-23,TDG,41.55,41.92,41.25,41.84,324695
2011-06-24,TDG,41.77,41.99,41.44,41.56,295595
2011-06-27,TDG,41.36,42.41,41.24,42.29,323986
2011-06-28,TDG,42.48,43.22,42.32,43.07,363777
2011-06-29,TDG,43.26,43.26,42.82,43.04,399823
2011-06-30,TDG,43.26,44.23,43.21,44.17,479967
2011-07-01,TDG,44.18,45.57,44.18,45.19,459882
2011-07-05,TDG,45.24,45.62,44.97,45.23,358764
2011-07-06,TDG,45.27,45.89,45.18,45.5,230383
2011-07-07,TDG,46.03,46.04,45.32,45.41,203116
2011-07-08,TDG,45.04,45.46,44.88,45.41,205464
2011-07-11,TDG,44.95,45.37,44.67,44.83,172282
2011-07-12,TDG,44.6,44.82,43.8,43.91,318044
2011-07-13,TDG,44.24,44.92,44.12,44.54,192848
2011-07-14,TDG,44.54,44.76,43.91,44.18,205222
2011-07-15,TDG,44.32,44.52,43.46,43.88,183708
2011-07-18,TDG,43.78,43.82,43.25,43.45,142398
2011-07-19,TDG,43.63,44.31,43.63,44.27,76377
2011-07-20,TDG,44.61,44.66,44.11,44.43,154872
2011-07-21,TDG,44.76,45.33,44.75,45.29,148082
2011-07-22,TDG,45.16,45.18,44.46,45.06,186047
2011-07-25,TDG,44.74,45.05,44.4,44.86,119253
2011-07-26,TDG,44.67,44.8,44.04,44.23,192218
2011-07-27,TDG,44.08,44.08,43.12,43.54,276232
2011-07-28,TDG,43.68,44.16,43.44,43.6,148135
2011-07-29,TDG,43.13,44.04,42.97,43.63,224483
2011-08-01,TDG,43.99,44.25,42.58,43.14,290599
2011-08-02,TDG,43.0,43.46,41.97,42.01,204728
2011-08-03,TDG,42.01,43.07,41.54,42.93,399870
2011-08-04,TDG,42.32,42.42,39.09,39.26,456193
2011-08-05,TDG,39.72,39.87,38.0,39.65,586391
2011-08-08,TDG,38.54,38.95,35.73,35.76,769837
2011-08-09,TDG,36.83,41.11,36.39,41.11,1391873
2011-08-10,TDG,40.64,40.73,38.1,38.25,581894
2011-08-11,TDG,38.38,42.45,38.27,42.07,678885
2011-08-12,TDG,42.48,42.66,41.45,42.49,317155
2011-08-15,TDG,43.05,43.21,42.31,43.13,276923
2011-08-16,TDG,42.76,43.97,42.49,43.49,806378
2011-08-17,TDG,43.8,44.19,43.65,44.19,686731
2011-08-18,TDG,43.84,43.89,41.08,41.48,515631
2011-08-19,TDG,41.19,42.62,40.79,41.07,632222
2011-08-22,TDG,42.15,42.53,41.41,41.58,502908
2011-08-23,TDG,41.8,42.16,41.25,42.09,819632
2011-08-24,TDG,42.12,42.26,41.25,42.1,851193
2011-08-25,TDG,42.35,42.57,41.5,41.63,449955
2011-08-26,TDG,41.26,42.63,40.68,42.53,363085
2011-08-29,TDG,43.4,44.26,43.01,44.26,530285
2011-08-30,TDG,44.19,44.3,43.52,43.55,632266
2011-08-31,TDG,43.87,44.55,43.83,44.5,520756
2011-09-01,TDG,44.78,45.11,43.96,44.1,409127
2011-09-02,TDG,43.6,44.12,43.1,43.31,434798
2011-09-06,TDG,41.88,42.71,41.45,42.67,362989
2011-09-07,TDG,43.48,44.33,43.44,44.05,328106
2011-09-08,TDG,43.56,44.16,43.17,43.3,284627
2011-09-09,TDG,42.66,43.31,41.73,41.97,347677
2011-09-12,TDG,41.2,41.55,40.68,41.49,470336
2011-09-13,TDG,41.67,42.64,41.23,42.44,361499
2011-09-14,TDG,42.61,43.88,41.96,43.4,308861
2011-09-15,TDG,43.57,43.96,42.94,43.33,368146
2011-09-16,TDG,43.62,44.85,43.57,44.74,595860
2011-09-19,TDG,43.84,45.19,43.53,44.62,647506
2011-09-20,TDG,44.81,45.04,43.69,43.69,308367
2011-09-21,TDG,43.51,43.79,41.75,41.75,225156
2011-09-22,TDG,39.63,40.96,39.62,39.95,524526
2011-09-23,TDG,39.77,41.37,39.56,41.14,355795
2011-09-26,TDG,41.54,41.66,40.8,41.29,457334
2011-09-27,TDG,42.29,42.78,41.73,41.95,272247
2011-09-28,TDG,41.84,42.05,39.91,40.18,458739
2011-09-29,TDG,40.99,41.08,38.58,39.57,529055
2011-09-30,TDG,39.07,39.82,38.74,39.56,685610
2011-10-03,TDG,39.17,39.89,37.26,37.48,870918
2011-10-04,TDG,36.93,37.66,35.99,37.66,1233064
2011-10-05,TDG,37.98,39.03,37.29,38.82,368600
2011-10-06,TDG,38.66,39.72,38.48,39.68,285024
2011-10-07,TDG,39.99,40.83,39.29,40.11,441563
2011-10-10,TDG,40.63,41.28,40.48,41.05,205047
2011-10-11,TDG,40.47,41.56,40.47,41.42,208686
2011-10-12,TDG,41.53,41.85,41.35,41.62,288050
2011-10-13,TDG,41.29,41.84,41.2,41.78,254779
2011-10-14,TDG,42.52,42.58,41.9,42.24,171189
2011-10-17,TDG,42.0,42.59,41.92,42.27,435555
2011-10-18,TDG,42.39,42.84,41.95,42.55,200790
2011-10-19,TDG,42.38,43.16,41.33,41.49,246910
2011-10-20,TDG,41.17,41.7,40.77,41.3,446412
2011-10-21,TDG,42.06,42.85,41.59,42.85,412015
2011-10-24,TDG,43.0,44.69,42.89,44.68,446654
2011-10-25,TDG,44.39,45.03,44.1,44.28,378262
2011-10-26,TDG,44.81,45.28,43.42,43.56,329481
2011-10-27,TDG,45.05,45.6,43.98,44.76,389832
2011-10-28,TDG,44.81,45.35,44.64,45.22,443516
2011-10-31,TDG,44.4,46.01,44.4,45.49,480831
2011-11-01,TDG,43.84,44.69,43.28,43.67,276092
2011-11-02,TDG,44.37,44.63,43.68,43.9,198606
2011-11-03,TDG,44.35,45.93,44.05,45.79,323272
2011-11-04,TDG,45.39,45.69,44.8,45.48,96518
2011-11-07,TDG,45.51,45.76,45.22,45.69,321970
2011-11-08,TDG,46.01,47.92,45.25,47.72,809088
2011-11-09,TDG,46.74,47.81,46.06,46.88,832014
2011-11-10,TDG,47.45,47.5,46.41,46.63,289736
2011-11-11,TDG,46.99,47.73,46.96,47.44,180785
2011-11-14,TDG,47.47,48.29,47.13,47.19,213257
2011-11-15,TDG,47.31,47.87,47.2,47.66,438530
2011-11-16,TDG,47.34,47.72,46.58,47.04,376837
2011-11-17,TDG,47.28,49.76,44.46,45.33,1218195
2011-11-18,TDG,45.14,46.09,44.57,45.73,443303
2011-11-21,TDG,44.84,45.34,44.31,44.78,392923
2011-11-22,TDG,44.76,45.35,44.32,44.96,437168
2011-11-23,TDG,44.56,44.73,43.79,44.0,264036
2011-11-25,TDG,44.14,44.76,43.85,44.16,163457
2011-11-28,TDG,45.57,45.57,44.78,45.04,470657
2011-11-29,TDG,44.94,45.43,44.79,44.84,306700
2011-11-30,TDG,46.04,46.78,45.92,46.71,1515410
2011-12-01,TDG,46.54,47.47,46.54,47.32,322510
2011-12-02,TDG,47.49,47.82,46.73,46.76,181388
2011-12-05,TDG,47.42,47.64,46.78,46.9,268005
2011-12-06,TDG,47.04,47.09,46.39,46.57,162289
2011-12-07,TDG,46.17,46.6,45.35,46.03,223944
2011-12-08,TDG,45.73,46.19,45.53,45.78,315206
2011-12-09,TDG,46.01,47.33,45.93,47.16,210694
2011-12-12,TDG,46.82,46.92,46.07,46.5,240404
2011-12-13,TDG,46.7,47.2,45.67,45.89,305829
2011-12-14,TDG,45.55,46.06,45.38,45.84,453038
2011-12-15,TDG,46.11,46.33,45.95,46.09,195370
2011-12-16,TDG,46.19,46.56,44.56,46.49,331661
2011-12-19,TDG,46.42,46.98,46.16,46.29,217483
2011-12-20,TDG,47.12,47.3,46.61,46.95,187161
2011-12-21,TDG,46.76,47.05,45.99,47.05,278493
2011-12-22,TDG,47.02,47.43,46.79,47.11,154811
2011-12-23,TDG,47.06,47.71,47.02,47.69,97848
2011-12-27,TDG,47.57,47.91,47.45,47.6,78430
2011-12-28,TDG,47.47,47.66,46.17,46.18,194813
2011-12-29,TDG,46.15,46.82,46.15,46.74,172411
2011-12-30,TDG,46.74,46.79,46.26,46.35,160769
2012-01-03,TDG,47.9,47.91,45.49,45.57,795394
2012-01-04,TDG,45.44,45.59,45.09,45.11,295006
2012-01-05,TDG,44.92,46.26,44.55,46.11,417248
2012-01-06,TDG,46.26,47.62,46.18,46.86,411475
2012-01-09,TDG,47.04,47.56,46.8,47.2,188845
2012-01-10,TDG,47.82,48.16,47.55,47.81,195283
2012-01-11,TDG,47.5,47.84,47.21,47.65,226849
2012-01-12,TDG,47.77,47.89,47.43,47.49,208163
2012-01-13,TDG,47.15,47.49,47.08,47.26,138342
2012-01-17,TDG,47.93,47.93,47.23,47.46,176960
2012-01-18,TDG,46.95,47.54,46.52,46.79,267273
2012-01-19,TDG,47.03,47.63,46.88,47.19,321109
2012-01-20,TDG,46.96,47.25,46.76,47.02,215604
2012-01-23,TDG,47.0,49.73,47.0,48.98,853472
2012-01-24,TDG,49.14,49.33,48.57,48.71,251183
2012-01-25,TDG,48.85,49.64,48.39,49.51,313816
2012-01-26,TDG,49.7,49.98,49.15,49.33,454886
2012-01-27,TDG,49.2,49.27,48.83,49.1,184995
2012-01-30,TDG,49.03,49.54,48.56,49.49,312553
2012-01-31,TDG,49.63,50.91,49.5,50.63,729353
2012-02-01,TDG,50.99,52.31,50.98,51.75,451405
2012-02-02,TDG,51.77,52.13,51.29,51.38,238181
2012-02-03,TDG,51.93,52.4,51.86,52.23,189327
2012-02-06,TDG,52.05,52.81,51.69,52.03,531039
2012-02-07,TDG,54.65,55.71,51.03,55.13,1089934
2012-02-08,TDG,55.69,56.62,54.93,56.19,798746
2012-02-09,TDG,56.81,57.38,56.14,56.24,472736
2012-02-10,TDG,55.87,56.38,55.34,56.28,370909
2012-02-13,TDG,56.62,57.56,56.13,57.25,418419
2012-02-14,TDG,57.26,57.29,56.05,56.42,440937
2012-02-15,TDG,56.55,56.93,55.46,55.71,541429
2012-02-16,TDG,55.72,56.67,55.22,56.36,393946
2012-02-17,TDG,56.74,56.74,56.11,56.16,433652
2012-02-21,TDG,56.46,56.59,55.92,56.31,303942
2012-02-22,TDG,56.32,57.09,55.71,56.86,353894
2012-02-23,TDG,56.68,56.86,56.35,56.71,308877
2012-02-24,TDG,56.69,57.84,56.4,56.71,538916
2012-02-27,TDG,56.57,58.84,55.86,56.93,293586
2012-02-28,TDG,57.27,57.6,56.19,56.61,299838
2012-02-29,TDG,56.84,58.55,56.84,57.54,515456
2012-03-01,TDG,57.64,57.96,56.71,56.73,487315
2012-03-02,TDG,56.33,56.98,54.91,55.7,669387
2012-03-05,TDG,55.71,56.36,55.58,55.85,420015
2012-03-06,TDG,55.04,55.16,53.78,54.2,601331
2012-03-07,TDG,54.14,54.87,53.91,54.53,365916
2012-03-08,TDG,54.89,55.64,54.7,55.19,382144
2012-03-09,TDG,55.15,55.67,54.62,55.12,240232
2012-03-12,TDG,55.23,55.75,54.92,55.14,295806
2012-03-13,TDG,55.25,55.97,55.13,55.94,404353
2012-03-14,TDG,56.04,56.18,55.45,55.72,231217
2012-03-15,TDG,55.87,56.07,54.98,55.85,500340
2012-03-16,TDG,55.75,55.98,55.34,55.86,410845
2012-03-19,TDG,55.05,55.55,54.14,54.81,599900
2012-03-20,TDG,54.36,55.0,53.57,54.86,432149
2012-03-21,TDG,55.0,55.73,54.82,55.53,463139
2012-03-22,TDG,55.12,56.05,55.08,55.93,372832
2012-03-23,TDG,55.87,55.96,55.07,55.88,185495
2012-03-26,TDG,56.51,57.26,56.24,56.72,382335
2012-03-27,TDG,56.52,56.85,56.28,56.33,405306
2012-03-28,TDG,56.46,56.56,55.65,56.19,514899
2012-03-29,TDG,55.78,55.92,55.06,55.69,414481
2012-03-30,TDG,55.82,56.61,55.74,56.07,322019
2012-04-02,TDG,56.21,57.08,56.13,56.67,428099
2012-04-03,TDG,56.67,57.01,56.18,56.81,275580
2012-04-04,TDG,56.23,56.49,56.02,56.28,246312
2012-04-05,TDG,56.21,56.54,55.87,56.34,658881
2012-04-09,TDG,55.71,55.82,55.33,55.56,215672
2012-04-10,TDG,55.6,56.32,54.04,54.22,672981
2012-04-11,TDG,55.02,55.57,54.37,55.33,328067
2012-04-12,TDG,55.33,57.53,55.33,56.7,381673
2012-04-13,TDG,56.65,56.74,56.04,56.21,257703
2012-04-16,TDG,56.43,57.03,55.79,56.69,340097
2012-04-17,TDG,56.97,57.88,56.81,57.71,351745
2012-04-18,TDG,57.6,58.83,57.55,58.22,447876
2012-04-19,TDG,58.22,58.59,57.34,57.68,354670
2012-04-20,TDG,59.77,59.77,58.66,59.22,720163
2012-04-23,TDG,58.7,59.19,57.87,59.1,437239
2012-04-24,TDG,59.08,59.15,58.31,58.97,277769
2012-04-25,TDG,59.62,60.55,59.33,60.4,631045
2012-04-26,TDG,60.52,61.23,60.41,60.75,468586
2012-04-27,TDG,61.1,62.14,60.76,61.59,506155
2012-04-30,TDG,62.1,62.14,60.8,61.09,528091
2012-05-01,TDG,61.28,62.0,60.8,61.55,488681
2012-05-02,TDG,61.03,62.1,60.19,61.92,687294
2012-05-03,TDG,61.84,63.02,61.71,62.67,671351
2012-05-04,TDG,62.07,62.1,61.41,61.79,563055
2012-05-07,TDG,61.17,62.16,60.62,61.73,967282
2012-05-08,TDG,64.26,64.28,60.55,62.25,1001387
2012-05-09,TDG,62.25,62.41,60.94,61.01,630232
2012-05-10,TDG,60.71,61.74,60.55,61.36,523479
2012-05-11,TDG,61.08,61.78,60.83,60.91,460895
2012-05-14,TDG,60.46,61.0,59.53,60.52,502330
2012-05-15,TDG,60.56,60.65,59.74,59.9,420406
2012-05-16,TDG,60.35,60.99,59.94,60.07,561216
2012-05-17,TDG,60.1,60.41,57.9,58.24,578187
2012-05-18,TDG,58.61,58.68,57.37,57.56,462219
2012-05-21,TDG,57.62,59.57,57.58,59.4,672000
2012-05-22,TDG,59.65,61.01,59.43,60.71,593985
2012-05-23,TDG,60.43,60.77,59.4,60.71,560600
2012-05-24,TDG,61.0,61.03,59.67,60.53,448195
2012-05-25,TDG,60.73,60.93,59.92,60.18,291239
2012-05-29,TDG,61.01,61.2,59.88,61.2,731236
2012-05-30,TDG,60.98,60.98,59.61,59.74,509276
2012-05-31,TDG,59.87,59.87,58.49,59.58,1954287
2012-06-01,TDG,58.78,59.42,58.27,58.96,727353
2012-06-04,TDG,59.1,59.27,58.38,58.97,576467
2012-06-05,TDG,58.9,59.0,58.3,58.52,491769
2012-06-06,TDG,59.19,61.39,59.19,61.39,552633
2012-06-07,TDG,61.87,62.0,60.92,61.13,463131
2012-06-08,TDG,61.02,61.59,60.53,61.59,305221
2012-06-11,TDG,62.32,62.42,61.02,61.07,495484
2012-06-12,TDG,61.16,61.53,60.73,61.44,417203
2012-06-13,TDG,61.36,61.54,60.36,60.63,304900
2012-06-14,TDG,60.75,61.55,60.12,60.3,721142
2012-06-15,TDG,60.29,60.4,59.64,60.2,669524
2012-06-18,TDG,60.04,61.77,60.04,61.52,452458
2012-06-19,TDG,61.53,62.16,61.52,61.67,308936
2012-06-20,TDG,61.69,63.12,61.48,62.88,490266
2012-06-21,TDG,63.02,63.11,61.69,61.76,397377
2012-06-22,TDG,61.94,62.07,60.81,61.59,342041
2012-06-25,TDG,60.81,61.13,60.45,61.11,404700
2012-06-26,TDG,61.08,61.76,60.93,61.74,474127
2012-06-27,TDG,61.76,62.08,61.48,62.0,478681
2012-06-28,TDG,61.33,62.71,61.17,61.79,573870
2012-06-29,TDG,63.02,65.12,62.89,65.05,733473
2012-07-02,TDG,65.36,66.04,63.41,63.92,715097
2012-07-03,TDG,63.94,65.0,63.83,64.43,206030
2012-07-05,TDG,64.54,65.34,64.25,64.75,281419
2012-07-06,TDG,64.28,64.34,63.13,63.4,265502
2012-07-09,TDG,63.46,63.97,63.26,63.44,173185
2012-07-10,TDG,63.87,64.85,62.62,62.99,216573
2012-07-11,TDG,63.05,63.2,61.39,61.87,205890
2012-07-12,TDG,61.37,62.18,60.53,61.7,248336
2012-07-13,TDG,61.77,63.56,61.77,63.37,242547
2012-07-16,TDG,63.09,63.09,62.61,62.8,322216
2012-07-17,TDG,63.14,63.14,62.18,62.91,296156
2012-07-18,TDG,62.6,63.03,62.35,62.8,221889
2012-07-19,TDG,63.0,63.21,62.75,62.96,428873
2012-07-20,TDG,62.48,63.28,62.13,62.83,265793
2012-07-23,TDG,61.87,62.54,61.31,62.36,228966
2012-07-24,TDG,62.27,62.56,57.05,58.13,1874147
2012-07-25,TDG,58.18,58.61,57.4,58.25,542881
2012-07-26,TDG,59.25,59.43,57.66,58.16,355181
2012-07-27,TDG,58.64,59.15,58.1,58.92,258984
2012-07-30,TDG,58.74,58.96,57.91,58.55,307164
2012-07-31,TDG,58.62,60.04,58.62,59.76,488586
2012-08-01,TDG,60.1,60.46,57.92,58.25,420870
2012-08-02,TDG,57.79,58.82,57.62,58.72,490141
2012-08-03,TDG,59.74,60.5,59.74,60.17,218500
2012-08-06,TDG,60.7,61.01,59.46,59.57,477033
2012-08-07,TDG,63.22,63.22,60.4,60.77,609243
2012-08-08,TDG,60.42,60.95,59.36,60.61,579534
2012-08-09,TDG,60.64,61.65,60.23,61.52,393120
2012-08-10,TDG,61.09,62.0,60.99,61.76,357017
2012-08-13,TDG,61.77,62.23,61.58,61.83,231791
2012-08-14,TDG,62.21,62.46,61.73,61.93,132657
2012-08-15,TDG,61.73,62.28,61.43,62.23,254892
2012-08-16,TDG,62.04,64.19,62.04,64.1,454913
2012-08-17,TDG,64.32,66.83,64.27,66.74,773235
2012-08-20,TDG,67.09,67.51,66.41,67.1,423869
2012-08-21,TDG,67.08,67.49,65.51,66.27,445227
2012-08-22,TDG,65.96,66.39,65.57,66.01,240449
2012-08-23,TDG,65.98,66.38,65.56,66.16,331725
2012-08-24,TDG,66.02,67.45,65.78,67.12,278027
2012-08-27,TDG,67.49,69.34,67.33,67.54,507490
2012-08-28,TDG,67.33,67.48,66.81,66.84,445449
2012-08-29,TDG,67.07,67.51,66.74,67.22,197595
2012-08-30,TDG,66.76,67.28,66.73,66.93,226457
2012-08-31,TDG,67.46,67.51,66.22,67.15,196429
2012-09-04,TDG,67.34,67.34,66.26,67.17,283522
2012-09-05,TDG,66.91,67.07,66.07,66.38,281123
2012-09-06,TDG,66.85,68.53,66.84,68.01,365721
2012-09-07,TDG,68.23,69.56,67.21,69.53,410816
2012-09-10,TDG,69.27,69.86,68.23,68.53,216881
2012-09-11,TDG,68.53,69.05,68.31,68.88,203961
2012-09-12,TDG,68.98,69.54,68.57,69.24,157056
2012-09-13,TDG,69.14,69.68,68.15,69.32,225714
2012-09-14,TDG,69.63,70.83,69.31,70.53,324533
2012-09-17,TDG,70.34,70.51,69.55,69.64,192451
2012-09-18,TDG,69.32,69.53,68.58,69.11,240127
2012-09-19,TDG,69.14,69.59,68.55,69.29,424035
2012-09-20,TDG,69.19,69.55,68.54,68.82,188047
2012-09-21,TDG,68.94,71.07,68.94,70.0,338201
2012-09-24,TDG,69.82,70.21,69.24,69.45,226654
2012-09-25,TDG,69.75,70.83,69.75,70.21,1162500
2012-09-26,TDG,69.74,70.52,67.88,68.32,889408
2012-09-27,TDG,68.86,69.2,66.97,68.34,1010700
2012-09-28,TDG,67.96,68.96,67.27,68.72,694851
2012-10-01,TDG,68.74,69.19,67.74,68.63,453224
2012-10-02,TDG,69.21,69.45,68.41,68.82,363667
2012-10-03,TDG,68.63,70.39,68.4,70.39,744523
2012-10-04,TDG,70.8,72.31,70.5,72.16,738890
2012-10-05,TDG,73.2,73.93,72.35,72.7,754374
2012-10-08,TDG,72.46,72.8,71.02,71.13,485619
2012-10-09,TDG,70.9,71.63,70.41,70.71,274343
2012-10-10,TDG,70.24,70.6,69.52,70.27,298038
2012-10-11,TDG,71.17,71.69,70.51,70.53,209031
2012-10-12,TDG,70.74,72.73,70.74,72.26,390498
2012-10-15,TDG,72.3,72.47,71.65,72.03,278262
2012-10-16,TDG,71.88,73.31,71.88,73.1,1112159
2012-10-17,TDG,73.23,73.76,72.13,72.18,973439
2012-10-18,TDG,72.66,72.98,71.52,72.05,672458
2012-10-19,TDG,71.45,71.45,70.06,70.58,597383
2012-10-22,TDG,71.06,71.65,70.31,71.4,644690
2012-10-23,TDG,69.81,70.13,67.02,69.66,1008774
2012-10-24,TDG,69.65,70.88,69.56,69.74,351632
2012-10-25,TDG,69.98,71.82,68.89,71.7,701221
2012-10-26,TDG,71.69,73.07,71.58,71.88,576326
2012-10-30,TDG,71.7011,73.0785,71.5844,71.8869,576326
2012-10-31,TDG,72.38,72.54,70.52,70.69,803414
2012-11-01,TDG,70.41,73.08,70.41,72.48,374945
2012-11-02,TDG,73.19,73.77,71.94,72.64,275073
2012-11-05,TDG,72.33,73.06,72.14,72.61,487132
2012-11-06,TDG,72.92,74.56,72.3,74.36,251321
2012-11-07,TDG,73.08,73.86,72.31,73.24,311296
2012-11-08,TDG,73.08,73.6,72.71,72.79,305387
2012-11-09,TDG,72.71,73.35,72.1,72.88,242889
2012-11-12,TDG,72.81,72.81,71.82,71.94,268532
2012-11-13,TDG,72.14,72.48,71.24,72.18,340377
2012-11-14,TDG,72.34,72.55,69.11,69.73,506756
2012-11-15,TDG,65.01,68.4,64.03,66.68,2153885
2012-11-16,TDG,61.88,68.7,61.88,68.34,826199
2012-11-19,TDG,68.69,69.71,68.22,69.04,494505
2012-11-20,TDG,69.14,69.76,68.99,69.56,572438
2012-11-21,TDG,69.4,70.17,69.15,69.8,347534
2012-11-23,TDG,70.21,70.3,69.6,70.26,62567
2012-11-26,TDG,69.76,70.67,69.74,70.59,199888
2012-11-27,TDG,70.06,71.85,69.46,70.86,902527
2012-11-28,TDG,69.67,71.41,69.67,70.79,760845
2012-11-29,TDG,71.66,72.29,71.08,71.61,657553
2012-11-30,TDG,71.8,72.22,71.24,72.19,630290
2012-12-03,TDG,72.4,72.42,70.44,70.68,662486
2012-12-04,TDG,69.44,71.75,69.44,70.77,655263
2012-12-05,TDG,70.73,71.69,70.0,71.27,1457733
2012-12-06,TDG,71.3,71.6,70.4,71.55,528026
2012-12-07,TDG,71.07,71.38,68.21,68.84,1837681
2012-12-10,TDG,68.72,69.44,67.97,69.03,1028430
2012-12-11,TDG,69.31,70.22,68.44,69.45,772842
2012-12-12,TDG,69.62,69.68,67.97,68.03,929322
2012-12-13,TDG,67.82,68.24,66.86,66.96,1254875
2012-12-14,TDG,66.94,67.17,66.23,66.61,1389086
2012-12-17,TDG,67.1,68.18,66.86,68.05,743635
2012-12-18,TDG,68.27,70.26,67.61,69.96,744196
2012-12-19,TDG,69.76,71.41,69.51,71.06,690780
2012-12-20,TDG,71.03,71.67,70.6,71.47,402125
2012-12-21,TDG,70.85,71.98,70.56,71.7,449070
2012-12-24,TDG,71.4,71.85,70.72,71.74,107734
2012-12-26,TDG,71.21,71.93,70.68,70.7,232358
2012-12-27,TDG,70.64,71.6,70.4,71.42,190589
2012-12-28,TDG,70.76,71.69,70.54,70.61,144778
2012-12-31,TDG,70.29,72.61,70.27,72.37,214337
2013-01-02,TDG,73.66,74.88,73.61,74.3,659055
2013-01-03,TDG,74.33,74.98,73.82,74.09,375862
2013-01-04,TDG,74.06,74.46,73.66,74.45,305002
2013-01-07,TDG,74.22,74.7,73.67,74.7,366663
2013-01-08,TDG,74.49,74.95,72.53,72.97,792610
2013-01-09,TDG,73.13,74.09,73.05,74.08,949301
2013-01-10,TDG,74.38,74.38,71.62,72.22,1125187
2013-01-11,TDG,72.47,73.36,72.29,72.99,718719
2013-01-14,TDG,72.79,73.18,71.71,72.04,507387
2013-01-15,TDG,71.55,72.65,71.47,71.9,768752
2013-01-16,TDG,71.74,71.74,70.58,71.54,222732
2013-01-17,TDG,71.77,72.7,71.49,72.54,296407
2013-01-18,TDG,72.59,72.59,71.28,72.29,487104
2013-01-21,TDG,72.59,72.59,71.28,72.29,487104
2013-01-22,TDG,72.22,72.77,71.91,72.72,241085
2013-01-23,TDG,72.7,73.0,72.28,72.93,163705
2013-01-24,TDG,72.78,73.96,72.71,73.35,260997
2013-01-25,TDG,73.57,73.75,73.12,73.45,334267
2013-01-28,TDG,73.87,73.87,72.15,72.64,290123
2013-01-29,TDG,72.41,73.61,72.2,73.15,387129
2013-01-30,TDG,72.81,73.52,72.78,73.14,608458
2013-01-31,TDG,73.1,73.35,71.86,71.88,390510
2013-02-01,TDG,72.41,72.98,72.16,72.4,587377
2013-02-04,TDG,72.17,76.39,71.36,73.09,1404015
2013-02-05,TDG,73.8,74.45,73.24,74.0,504387
2013-02-06,TDG,73.83,74.32,73.37,74.16,587220
2013-02-07,TDG,74.24,76.26,74.03,76.21,789890
2013-02-08,TDG,76.21,76.87,75.75,75.92,541220
2013-02-11,TDG,76.02,77.72,75.86,77.05,685019
2013-02-12,TDG,77.24,77.65,76.11,76.9,282593
2013-02-13,TDG,76.95,77.32,76.19,76.82,244229
2013-02-14,TDG,76.57,76.83,75.71,76.12,242413
2013-02-15,TDG,76.0,76.5,75.83,76.3,264173
2013-02-18,TDG,76.0,76.5,75.83,76.3,264173
2013-02-19,TDG,76.28,76.54,75.57,75.92,563090
2013-02-20,TDG,76.03,76.27,74.14,74.22,357048
2013-02-21,TDG,74.02,74.94,73.72,74.91,374385
2013-02-22,TDG,75.09,75.89,75.09,75.75,243315
2013-02-25,TDG,75.99,76.01,73.68,73.68,280424
2013-02-26,TDG,74.05,74.27,73.49,73.86,207718
2013-02-27,TDG,73.92,76.17,73.77,75.68,358318
2013-02-28,TDG,75.79,76.6,75.33,75.54,455850
2013-03-01,TDG,75.21,76.21,74.58,75.72,197078
2013-03-04,TDG,75.41,75.93,74.83,75.23,295456
2013-03-05,TDG,75.69,76.74,75.59,75.81,195486
2013-03-06,TDG,76.24,76.5,75.81,76.16,141817
2013-03-07,TDG,76.4,76.62,75.76,76.27,160609
2013-03-08,TDG,76.61,76.77,76.08,76.34,329517
2013-03-11,TDG,77.72,78.41,77.12,78.31,526549
2013-03-12,TDG,78.37,78.63,77.58,77.96,272535
2013-03-13,TDG,78.0,79.97,77.81,79.92,325273
2013-03-14,TDG,80.12,80.15,79.34,80.09,244969
2013-03-15,TDG,79.75,80.65,79.65,80.15,629057
2013-03-18,TDG,79.33,80.34,79.3,79.66,264356
2013-03-19,TDG,79.84,80.14,79.07,79.84,319293
2013-03-20,TDG,80.11,80.76,79.58,80.51,216129
2013-03-21,TDG,80.03,80.33,79.07,79.45,178205
2013-03-22,TDG,79.71,79.85,78.99,79.26,148053
2013-03-25,TDG,79.49,79.96,78.47,78.69,305575
2013-03-26,TDG,79.16,79.91,78.73,79.75,241791
2013-03-27,TDG,79.32,80.4,78.88,80.11,179897
2013-03-28,TDG,80.24,81.26,79.68,81.15,213889
2013-03-29,TDG,80.24,81.26,79.68,81.15,213889
2013-04-01,TDG,81.3,81.59,79.96,80.18,269574
2013-04-02,TDG,80.23,80.76,79.73,79.81,241647
2013-04-03,TDG,80.03,80.39,78.99,79.36,243741
2013-04-04,TDG,79.44,79.76,78.94,79.52,94909
2013-04-05,TDG,78.63,78.84,77.59,78.48,293687
2013-04-08,TDG,78.39,80.14,78.35,79.75,192330
2013-04-09,TDG,79.82,80.54,79.78,80.25,266019
2013-04-10,TDG,80.48,81.54,79.8,81.31,285485
2013-04-11,TDG,81.53,82.35,80.66,81.2,308047
2013-04-12,TDG,80.86,81.55,80.17,81.14,139700
2013-04-15,TDG,81.14,81.43,78.81,79.01,235756
2013-04-16,TDG,79.81,79.87,77.94,78.63,365793
2013-04-17,TDG,77.89,78.24,76.33,77.21,351861
2013-04-18,TDG,77.29,77.31,75.85,76.52,146569
2013-04-19,TDG,76.8,77.19,76.45,77.15,128439
2013-04-22,TDG,77.27,77.9,76.06,77.57,212540
2013-04-23,TDG,78.09,78.12,76.96,77.95,139626
2013-04-24,TDG,78.29,78.81,78.12,78.59,178091
2013-04-25,TDG,78.65,78.76,78.07,78.2,141736
2013-04-26,TDG,78.25,78.34,76.85,77.12,251529
2013-04-29,TDG,77.27,77.45,76.45,76.88,320657
2013-04-30,TDG,76.91,78.06,76.81,77.91,446492
2013-05-01,TDG,77.87,78.62,77.51,78.01,325095
2013-05-02,TDG,78.34,79.6,78.34,79.08,192816
2013-05-03,TDG,80.08,80.13,79.3,79.34,238561
2013-05-06,TDG,79.36,80.14,79.08,79.76,265702
2013-05-07,TDG,80.14,80.14,77.61,79.67,453472
2013-05-08,TDG,79.75,79.96,78.46,78.81,283786
2013-05-09,TDG,79.1,80.12,78.54,79.54,253701
2013-05-10,TDG,79.5,79.71,78.89,78.99,142144
2013-05-13,TDG,78.99,78.99,78.17,78.6,264939
2013-05-14,TDG,78.49,79.72,78.48,79.65,251108
2013-05-15,TDG,79.65,82.77,79.55,82.09,556889
2013-05-16,TDG,82.23,82.49,79.7,79.95,443200
2013-05-17,TDG,79.97,80.81,78.97,79.51,447622
2013-05-20,TDG,79.32,80.13,79.25,79.52,158347
2013-05-21,TDG,79.51,79.71,79.05,79.3,190719
2013-05-22,TDG,79.23,80.75,79.13,79.61,399054
2013-05-23,TDG,78.9,78.9,78.18,78.46,247303
2013-05-24,TDG,78.34,78.63,77.66,78.01,264075
2013-05-28,TDG,78.56,80.03,77.95,78.68,501276
2013-05-29,TDG,78.59,78.62,77.45,77.97,214307
2013-05-30,TDG,78.2,79.05,77.06,77.54,650691
2013-05-31,TDG,77.28,78.1,77.02,77.54,261943
2013-06-03,TDG,77.71,79.21,77.57,79.01,380955
2013-06-04,TDG,78.81,79.35,78.3,78.42,312403
2013-06-05,TDG,78.1,78.71,77.6,78.25,318369
2013-06-06,TDG,78.37,79.99,77.86,79.99,431084
2013-06-07,TDG,80.17,80.45,79.27,79.53,407045
2013-06-10,TDG,79.53,80.07,79.28,79.6,298388
2013-06-11,TDG,78.92,79.63,78.2,78.28,420571
2013-06-12,TDG,78.88,78.88,76.97,77.07,366667
2013-06-13,TDG,75.85,77.79,75.85,77.31,751607
2013-06-14,TDG,77.24,79.45,75.9,78.96,817611
2013-06-17,TDG,79.57,81.43,79.33,80.79,361086
2013-06-18,TDG,84.15,85.71,82.49,83.24,1492727
2013-06-19,TDG,83.37,84.01,82.74,83.23,914709
2013-06-20,TDG,81.98,83.5,81.58,83.39,899775
2013-06-21,TDG,82.36,86.94,82.36,86.23,1330459
2013-06-24,TDG,85.45,87.13,84.32,86.07,937548
2013-06-25,TDG,86.28,87.36,82.15,83.22,1311569
2013-06-26,TDG,83.75,84.02,82.75,83.21,665396
2013-06-27,TDG,84.04,84.74,83.25,83.87,769044
2013-06-28,TDG,83.53,84.42,83.11,83.2,610198
2013-07-01,TDG,83.09,83.89,81.91,82.24,988457
2013-07-02,TDG,82.32,83.1,79.68,80.49,701993
2013-07-03,TDG,80.47,81.71,79.97,81.57,342518
2013-07-04,TDG,80.47,81.71,79.97,81.57,342518
2013-07-05,TDG,83.59,83.99,81.67,83.85,855034
2013-07-08,TDG,84.0,85.27,83.98,84.97,1207632
2013-07-09,TDG,85.19,87.24,84.64,84.81,907025
2013-07-10,TDG,84.95,86.1,84.41,85.34,1259730
2013-07-11,TDG,85.85,88.01,85.85,87.08,660883
2013-07-12,TDG,87.06,87.88,86.12,87.52,422136
2013-07-15,TDG,87.92,88.0,86.59,86.68,369114
2013-07-16,TDG,86.65,86.65,85.41,85.56,494469
2013-07-17,TDG,85.64,86.4,84.57,85.55,711170
2013-07-18,TDG,85.48,85.85,84.9,85.3,418504
2013-07-19,TDG,85.44,85.53,84.31,85.1,357150
2013-07-22,TDG,84.87,86.19,84.87,86.08,273174
2013-07-23,TDG,86.47,86.91,85.91,86.66,274075
2013-07-24,TDG,86.9,87.42,86.75,87.18,327529
2013-07-25,TDG,87.17,87.31,86.38,87.12,248123
2013-07-26,TDG,86.95,87.81,86.7,87.7,259736
2013-07-29,TDG,87.86,88.46,87.3,87.97,368787
2013-07-30,TDG,88.37,89.21,88.04,88.48,302355
2013-07-31,TDG,88.94,89.65,88.48,88.89,318875
2013-08-01,TDG,89.58,92.12,89.31,91.56,453660
2013-08-02,TDG,91.61,92.25,90.51,90.91,367620
2013-08-05,TDG,90.54,91.31,89.65,91.06,617496
2013-08-06,TDG,89.72,91.69,88.77,89.27,643823
2013-08-07,TDG,88.97,88.97,87.04,87.93,488763
2013-08-08,TDG,88.2,88.76,86.02,86.55,632898
2013-08-09,TDG,86.37,87.02,86.07,86.49,260250
2013-08-12,TDG,86.36,86.66,85.92,86.3,282427
2013-08-13,TDG,86.27,86.64,85.7,85.84,163202
2013-08-14,TDG,85.75,86.07,84.87,85.43,181944
2013-08-15,TDG,85.4,85.8,84.69,84.78,317381
2013-08-16,TDG,84.5,84.97,83.51,84.26,339303
2013-08-19,TDG,84.23,85.8,84.23,84.97,289199
2013-08-20,TDG,84.97,85.63,84.76,85.16,196731
2013-08-21,TDG,84.61,85.49,84.47,84.99,235839
2013-08-22,TDG,85.17,85.94,84.57,85.57,86298
2013-08-23,TDG,85.59,86.32,85.51,86.03,115801
2013-08-26,TDG,86.07,86.63,85.61,86.01,203018
2013-08-27,TDG,85.31,86.01,83.93,84.64,170078
2013-08-28,TDG,84.76,85.15,84.09,84.52,120041
2013-08-29,TDG,84.1,85.87,84.08,84.78,188606
2013-08-30,TDG,84.93,84.93,83.75,84.23,310548
2013-09-03,TDG,84.74,86.43,84.74,85.29,312940
2013-09-04,TDG,85.27,85.27,84.01,84.8,588779
2013-09-05,TDG,84.74,85.47,84.67,84.85,268233
2013-09-06,TDG,84.89,85.5,83.66,84.87,214972
2013-09-09,TDG,85.24,85.88,84.8,85.7,195860
2013-09-10,TDG,85.85,86.69,85.46,86.61,222153
2013-09-11,TDG,86.5,87.32,86.39,87.32,198044
2013-09-12,TDG,87.31,89.21,87.26,89.04,337911
2013-09-13,TDG,89.23,89.39,87.3,87.96,285296
2013-09-16,TDG,88.75,89.36,88.08,89.3,205012
2013-09-17,TDG,89.3,89.81,88.92,89.15,200077
2013-09-18,TDG,88.09,88.35,86.86,87.76,698935
2013-09-19,TDG,87.73,88.1,87.31,87.54,306021
2013-09-20,TDG,87.28,87.35,85.72,85.89,336724
2013-09-23,TDG,85.6,86.0,82.82,82.96,668351
2013-09-24,TDG,82.68,84.58,82.68,83.93,877463
2013-09-25,TDG,84.35,84.53,83.22,83.41,227136
2013-09-26,TDG,83.54,84.42,83.42,84.36,952601
2013-09-27,TDG,84.41,85.41,83.77,85.25,527259
2013-09-30,TDG,85.16,86.12,84.16,85.27,669477
2013-10-01,TDG,85.03,86.87,84.85,86.86,492850
2013-10-02,TDG,86.08,87.51,85.87,87.44,767021
2013-10-03,TDG,87.04,87.57,86.13,86.72,656056
2013-10-04,TDG,86.65,86.76,86.08,86.37,716173
2013-10-07,TDG,85.54,86.64,84.94,85.92,248161
2013-10-08,TDG,85.83,86.3,85.25,85.88,678812
2013-10-09,TDG,85.88,86.36,84.14,84.76,725806
2013-10-10,TDG,85.75,86.7,85.32,86.5,466488
2013-10-11,TDG,86.59,87.42,86.23,86.42,677954
2013-10-14,TDG,85.84,86.71,85.68,86.38,242370
2013-10-15,TDG,86.32,86.72,85.52,85.91,159407
2013-10-16,TDG,86.61,86.94,85.83,86.18,410983
2013-10-17,TDG,86.01,86.83,85.86,86.63,824077
2013-10-18,TDG,86.95,87.2,85.67,86.15,1312363
2013-10-21,TDG,86.44,86.71,85.46,85.79,299020
2013-10-22,TDG,85.81,86.37,85.51,85.74,429885
2013-10-23,TDG,85.81,89.92,85.65,89.4,886192
2013-10-24,TDG,89.55,90.41,89.01,90.04,609138
2013-10-25,TDG,90.07,90.45,89.32,89.9,249335
2013-10-28,TDG,89.93,90.18,89.01,89.27,752062
2013-10-29,TDG,89.31,90.71,89.11,90.49,568208
2013-10-30,TDG,90.74,91.36,89.68,90.49,202965
2013-10-31,TDG,90.28,90.5,89.28,89.4,371790
2013-11-01,TDG,89.4,90.73,89.4,90.59,373749
2013-11-04,TDG,90.97,91.65,90.55,91.43,316808
2013-11-05,TDG,91.27,91.27,90.11,90.82,286890
2013-11-06,TDG,90.81,91.56,90.62,91.46,256957
2013-11-07,TDG,91.78,92.12,89.58,89.83,351673
2013-11-08,TDG,89.66,90.74,89.66,90.54,332182
2013-11-11,TDG,90.83,91.39,90.34,90.52,300831
2013-11-12,TDG,90.46,91.05,89.95,90.83,311898
2013-11-13,TDG,90.62,91.97,90.14,91.7,320434
2013-11-14,TDG,91.96,91.96,88.25,89.67,806859
2013-11-15,TDG,90.22,92.12,90.22,91.27,642807
2013-11-18,TDG,91.7,92.21,90.26,90.44,610945
2013-11-19,TDG,90.55,90.59,88.88,89.21,266244
2013-11-20,TDG,89.42,89.42,88.03,88.14,299439
2013-11-21,TDG,88.26,89.66,88.19,89.18,214915
2013-11-22,TDG,89.32,91.67,89.15,91.3,635201
2013-11-25,TDG,91.57,94.38,91.13,93.17,650073
2013-11-26,TDG,93.27,96.52,93.14,95.95,712752
2013-11-27,TDG,95.87,97.2,95.64,97.09,1039373
2013-11-29,TDG,95.87,97.2,95.64,97.09,1039373
2013-12-02,TDG,96.43,97.0,94.73,95.27,481339
2013-12-03,TDG,95.31,97.05,95.22,95.41,364869
2013-12-04,TDG,95.1,96.09,94.21,94.78,595822
2013-12-05,TDG,94.89,95.28,94.36,94.72,255881
2013-12-06,TDG,95.15,96.03,94.6,95.96,315402
2013-12-09,TDG,95.68,96.07,94.92,95.16,351329
2013-12-10,TDG,94.85,95.98,94.73,95.61,354715
2013-12-11,TDG,95.63,96.43,95.4,96.06,388937
2013-12-12,TDG,95.82,96.72,94.86,96.3,293534
2013-12-13,TDG,96.58,96.58,94.8,96.09,388730
2013-12-16,TDG,96.28,96.38,95.61,96.07,317783
2013-12-17,TDG,96.03,97.22,94.6,95.15,405829
2013-12-18,TDG,95.29,95.71,94.13,95.03,524778
2013-12-19,TDG,94.79,96.55,94.79,96.3,284472
2013-12-20,TDG,96.27,98.54,95.92,98.44,457170
2013-12-23,TDG,98.73,99.08,97.94,98.1,499762
2013-12-24,TDG,98.05,98.45,97.82,98.35,88643
2013-12-26,TDG,98.48,99.17,98.4,98.94,132854
2013-12-27,TDG,100.14,100.18,97.83,98.44,119974
2013-12-30,TDG,98.44,98.88,97.78,98.14,107033
2013-12-31,TDG,98.09,99.11,98.03,99.0,125361
2014-01-02,TDG,98.74,98.74,97.67,98.1,527923
2014-01-03,TDG,98.15,99.64,98.0,98.93,192861
2014-01-06,TDG,98.76,99.53,98.36,98.52,186856
2014-01-07,TDG,98.55,99.57,98.38,99.0,174402
2014-01-08,TDG,99.01,100.1,98.45,100.08,264170
2014-01-09,TDG,100.62,101.51,100.0,101.31,376983
2014-01-10,TDG,100.29,101.21,99.35,101.18,375885
2014-01-13,TDG,101.73,104.66,100.78,102.93,766379
2014-01-14,TDG,102.77,104.37,102.46,104.34,325015
2014-01-15,TDG,104.21,106.47,103.95,105.9,565674
2014-01-16,TDG,105.9,106.13,105.32,106.08,315938
2014-01-17,TDG,106.37,107.07,105.63,106.49,449070
2014-01-21,TDG,107.1,107.55,106.37,106.86,179637
2014-01-22,TDG,107.33,108.37,106.67,108.27,397836
2014-01-23,TDG,107.62,107.62,106.48,106.83,489779
2014-01-24,TDG,106.07,107.05,103.95,103.96,355252
2014-01-27,TDG,104.44,105.06,102.53,102.65,537953
2014-01-28,TDG,103.16,105.02,102.27,104.66,528956
2014-01-29,TDG,103.8,104.22,102.84,103.37,243094
2014-01-30,TDG,104.62,104.74,102.66,103.24,235012
2014-01-31,TDG,102.27,103.9,102.12,102.69,405780
2014-02-03,TDG,103.01,104.9,101.33,101.44,498790
2014-02-04,TDG,106.62,108.06,102.24,105.7,1659773
2014-02-05,TDG,106.24,106.97,104.6,106.64,968373
2014-02-06,TDG,106.66,108.25,105.6,105.88,798505
2014-02-07,TDG,106.46,108.12,105.01,105.98,513938
2014-02-10,TDG,106.21,107.17,105.86,106.91,435712
2014-02-11,TDG,106.84,107.16,105.18,106.54,347143
2014-02-12,TDG,106.79,107.7,106.49,107.63,382133
2014-02-13,TDG,106.84,107.93,106.37,107.33,283512
2014-02-14,TDG,107.25,108.19,106.1,108.06,212556
2014-02-18,TDG,108.27,109.18,107.64,108.14,353804
2014-02-19,TDG,108.09,109.67,107.58,108.56,267004
2014-02-20,TDG,108.63,109.51,107.85,109.32,184435
2014-02-21,TDG,109.45,110.2,108.94,109.74,151645
2014-02-24,TDG,109.96,111.17,109.56,109.57,204377
2014-02-25,TDG,109.64,110.61,108.25,108.43,194458
2014-02-26,TDG,108.5,109.32,108.24,108.56,167666
2014-02-27,TDG,108.51,109.4,107.85,108.99,117184
2014-02-28,TDG,109.08,110.04,108.59,109.52,206513
2014-03-03,TDG,109.24,110.14,108.57,110.04,177683
2014-03-04,TDG,110.66,112.39,110.41,112.25,262917
2014-03-05,TDG,112.23,113.25,111.26,111.37,147761
2014-03-06,TDG,111.73,112.64,111.31,112.24,198200
2014-03-07,TDG,112.24,113.25,110.37,111.05,500827
2014-03-10,TDG,110.41,110.83,109.81,110.57,595784
2014-03-11,TDG,110.52,111.53,110.27,110.44,459314
2014-03-12,TDG,110.73,111.07,109.46,110.93,408185
2014-03-13,TDG,110.9,111.59,110.51,111.35,416739
2014-03-14,TDG,110.99,112.18,110.09,110.38,848723
2014-03-17,TDG,110.63,111.88,109.97,111.59,222269
2014-03-18,TDG,111.59,112.5,111.29,112.11,199449
2014-03-19,TDG,112.32,112.71,110.87,111.46,238742
2014-03-20,TDG,111.08,111.73,110.17,111.65,174776
2014-03-21,TDG,112.32,112.85,111.52,112.56,698768
2014-03-24,TDG,113.26,113.61,111.05,112.51,805627
2014-03-25,TDG,112.74,114.48,112.05,113.87,798063
2014-03-26,TDG,113.87,115.36,113.12,113.43,1158104
2014-03-27,TDG,113.74,115.28,111.91,113.24,1799317
2014-03-28,TDG,113.77,114.66,112.64,113.04,734394
2014-03-31,TDG,113.17,114.54,112.61,113.86,1115244
2014-04-01,TDG,114.32,115.0,113.33,114.76,580368
2014-04-02,TDG,114.9,115.33,113.84,114.12,228096
2014-04-03,TDG,114.37,114.37,113.56,113.69,370938
2014-04-04,TDG,114.13,114.52,110.87,111.09,359040
2014-04-07,TDG,111.28,111.64,108.62,109.47,375915
2014-04-08,TDG,109.24,109.5,107.37,108.32,355000
2014-04-09,TDG,108.33,110.11,107.47,110.02,333534
2014-04-10,TDG,110.09,110.65,107.56,107.64,241243
2014-04-11,TDG,107.32,107.86,106.46,106.56,172878
2014-04-14,TDG,106.2,107.39,105.81,106.72,368215
2014-04-15,TDG,107.1,108.47,106.22,108.4,314949
2014-04-16,TDG,108.59,110.04,108.22,109.45,267235
2014-04-17,TDG,109.44,111.51,109.2,111.28,262780
2014-04-21,TDG,111.53,111.66,110.61,111.47,213692
2014-04-22,TDG,111.8,112.39,110.93,111.54,215688
2014-04-23,TDG,111.76,112.48,111.1,111.25,185941
2014-04-24,TDG,111.48,111.99,109.68,110.46,170757
2014-04-25,TDG,110.25,110.38,107.72,107.79,254832
2014-04-28,TDG,108.34,109.05,106.31,107.26,620613
2014-04-29,TDG,107.76,108.27,107.07,107.42,384871
2014-04-30,TDG,107.47,109.55,106.94,109.35,216771
2014-05-01,TDG,109.19,110.7,108.73,109.92,242357
2014-05-02,TDG,109.78,111.49,109.57,110.36,295904
2014-05-05,TDG,110.37,113.12,109.64,112.64,417207
2014-05-06,TDG,110.67,112.22,107.62,109.83,830473
2014-05-07,TDG,110.25,110.3,109.11,110.02,479780
2014-05-08,TDG,110.24,112.19,109.32,111.46,268600
2014-05-09,TDG,111.27,111.92,110.17,110.66,194685
2014-05-12,TDG,110.85,111.14,110.16,110.31,450947
2014-05-13,TDG,111.12,114.65,110.66,112.96,1017385
2014-05-14,TDG,112.96,113.77,111.82,113.74,614792
2014-05-15,TDG,113.71,113.71,112.32,112.88,813444
2014-05-16,TDG,112.42,113.03,111.57,112.91,617460
2014-05-19,TDG,112.96,114.79,112.7,114.75,837422
2014-05-20,TDG,114.59,115.56,112.14,112.24,496474
2014-05-21,TDG,112.27,113.89,112.24,113.79,306662
2014-05-22,TDG,113.81,115.72,113.1,115.29,394470
2014-05-23,TDG,115.21,115.32,114.21,114.56,509582
2014-05-27,TDG,114.83,115.22,114.0,115.18,263725
2014-05-28,TDG,115.47,115.94,114.45,115.6,700028
2014-05-29,TDG,115.6,115.91,114.45,115.75,295397
2014-05-30,TDG,115.59,116.09,115.01,116.02,265969
2014-06-02,TDG,116.25,116.8,115.79,116.75,154564
2014-06-03,TDG,116.8,117.69,116.18,117.45,326017
2014-06-04,TDG,117.09,117.86,116.84,117.53,414076
2014-06-05,TDG,119.01,119.04,115.72,117.41,1177619
2014-06-06,TDG,117.76,121.07,117.43,120.24,1115788
2014-06-09,TDG,120.21,121.91,120.21,121.12,1136250
2014-06-10,TDG,120.69,121.04,118.72,120.14,858412
2014-06-11,TDG,119.32,120.74,119.32,120.03,563628
2014-06-12,TDG,119.59,119.87,114.36,118.25,894999
2014-06-13,TDG,118.58,119.25,118.39,119.02,429611
2014-06-16,TDG,119.07,120.08,118.94,119.88,560918
2014-06-17,TDG,119.11,120.19,118.98,119.3,253868
2014-06-18,TDG,119.66,121.03,119.01,120.76,558981
2014-06-19,TDG,120.88,120.9,119.51,120.28,201061
2014-06-20,TDG,120.58,121.57,119.74,121.57,806579
2014-06-23,TDG,121.22,121.3,119.51,120.04,318285
2014-06-24,TDG,120.04,120.23,118.31,118.32,442870
2014-06-25,TDG,118.1,118.56,117.75,118.26,396327
2014-06-26,TDG,118.31,118.98,117.66,118.28,360398
2014-06-27,TDG,118.11,118.49,117.26,118.01,440808
2014-06-30,TDG,118.01,118.32,117.1,117.94,448705
2014-07-01,TDG,117.89,119.01,117.11,118.72,400975
2014-07-02,TDG,118.43,119.13,117.22,118.75,325925
2014-07-03,TDG,118.8,119.23,117.63,118.6,305954
2014-07-07,TDG,118.53,118.99,117.75,118.13,514489
2014-07-08,TDG,118.29,118.77,116.38,116.57,911656
2014-07-09,TDG,116.88,117.23,116.35,117.07,335515
2014-07-10,TDG,116.34,117.36,116.16,116.77,280688
2014-07-11,TDG,117.1,118.27,116.64,118.16,309905
2014-07-14,TDG,118.84,119.81,118.46,119.68,527774
2014-07-15,TDG,119.87,120.52,118.81,119.21,244967
2014-07-16,TDG,119.51,120.21,118.68,118.93,260619
2014-07-17,TDG,118.59,119.59,117.51,117.62,232048
2014-07-18,TDG,117.84,119.69,117.84,119.54,234613
2014-07-21,TDG,119.28,121.46,118.96,121.21,264725
2014-07-22,TDG,121.83,123.43,121.43,122.68,447426
2014-07-23,TDG,122.4,122.98,121.07,121.14,269584
2014-07-24,TDG,121.09,121.99,120.04,120.37,409530
2014-07-25,TDG,120.26,120.79,119.73,120.01,503548
2014-07-28,TDG,120.29,120.78,119.64,120.68,536808
2014-07-29,TDG,120.62,121.48,119.63,119.87,347255
2014-07-30,TDG,120.6,120.73,119.43,120.47,296793
2014-07-31,TDG,119.87,119.94,118.12,118.4,278821
2014-08-01,TDG,118.21,120.02,118.21,119.62,376093
2014-08-04,TDG,119.97,120.04,118.83,119.82,282959
2014-08-05,TDG,119.23,123.72,118.89,123.47,1308138
2014-08-06,TDG,122.69,123.0,120.85,121.63,826744
2014-08-07,TDG,121.98,123.2,121.86,122.7,364004
2014-08-08,TDG,122.96,123.29,121.95,122.31,481857
2014-08-11,TDG,123.22,124.1,122.36,122.93,318855
2014-08-12,TDG,123.12,123.41,122.28,122.48,347239
2014-08-13,TDG,122.74,124.74,122.74,124.62,364302
2014-08-14,TDG,124.75,125.42,123.96,125.03,231245
2014-08-15,TDG,125.38,126.43,124.8,125.85,241937
2014-08-18,TDG,126.7,127.21,126.35,127.04,234853
2014-08-19,TDG,127.62,128.1,126.95,127.2,190121
2014-08-20,TDG,127.27,129.91,127.27,129.42,325899
2014-08-21,TDG,129.89,130.97,129.71,130.39,548383
2014-08-22,TDG,130.46,131.28,129.82,130.4,280747
2014-08-25,TDG,131.01,133.52,130.56,132.97,592931
2014-08-26,TDG,132.83,133.36,132.2,132.5,325614
2014-08-27,TDG,132.83,132.91,132.23,132.69,292675
2014-08-28,TDG,131.64,132.87,131.23,132.54,202019
2014-08-29,TDG,133.95,133.95,132.32,132.55,297556
2014-09-01,TDG,132.576,133.034,131.955,132.569,297556
2014-09-02,TDG,132.56,133.02,131.94,132.66,507740
2014-09-03,TDG,132.84,133.5,132.54,133.03,307068
2014-09-04,TDG,133.53,133.73,132.12,132.44,228414
2014-09-05,TDG,133.25,133.93,131.78,132.96,326664
2014-09-08,TDG,133.15,133.41,132.16,132.42,332733
2014-09-09,TDG,132.53,133.15,132.13,132.45,272738
2014-09-10,TDG,132.02,133.38,131.96,132.68,269684
2014-09-11,TDG,132.38,133.19,131.52,132.92,188926
2014-09-12,TDG,133.19,134.07,133.0,133.56,434537
2014-09-15,TDG,132.72,134.21,132.47,133.96,305914
2014-09-16,TDG,133.96,134.14,133.05,134.09,193051
2014-09-17,TDG,134.09,134.67,133.26,133.76,154909
2014-09-18,TDG,133.89,134.78,133.52,133.96,210770
2014-09-19,TDG,134.5,135.55,132.69,132.7,481319
2014-09-22,TDG,132.71,133.36,131.48,131.9,219329
2014-09-23,TDG,132.19,132.43,130.39,130.44,274510
2014-09-24,TDG,130.13,131.04,129.71,130.09,297223
2014-09-25,TDG,130.09,130.09,128.12,128.77,344510
2014-09-26,TDG,128.89,131.17,128.74,130.45,240515
2014-09-29,TDG,129.14,130.38,128.46,130.37,317670
2014-09-30,TDG,130.76,130.93,129.76,129.97,412600
2014-10-01,TDG,129.73,130.09,128.05,128.6,413213
2014-10-02,TDG,128.71,129.05,127.4,127.92,316839
2014-10-03,TDG,128.88,131.32,128.87,130.61,296071
2014-10-06,TDG,131.25,131.42,129.21,129.6,189806
2014-10-07,TDG,128.84,129.1,127.69,127.96,297479
2014-10-08,TDG,127.97,129.86,127.63,129.69,247750
2014-10-09,TDG,127.14,128.12,125.63,126.55,658272
2014-10-10,TDG,126.21,126.82,124.3,124.45,465598
2014-10-13,TDG,124.7,125.16,121.9,122.48,510251
2014-10-14,TDG,123.02,124.99,121.45,121.72,658698
2014-10-15,TDG,120.84,121.74,117.48,121.15,755857
2014-10-16,TDG,119.72,123.66,119.43,121.93,397591
2014-10-17,TDG,122.86,124.44,122.43,123.29,276877
2014-10-20,TDG,122.62,124.05,122.08,123.36,247753
2014-10-21,TDG,124.18,125.92,123.96,125.83,293839
2014-10-22,TDG,125.78,126.67,124.8,124.96,205414
2014-10-23,TDG,126.16,128.8,126.13,127.79,285636
2014-10-24,TDG,128.17,129.09,127.64,128.92,186214
2014-10-27,TDG,129.03,129.46,127.67,128.79,532934
2014-10-28,TDG,129.3,130.17,128.58,130.15,363769
2014-10-29,TDG,130.44,130.44,128.98,129.96,302448
2014-10-30,TDG,129.44,131.06,129.44,130.79,354288
2014-10-31,TDG,132.91,132.91,130.59,131.87,411371
2014-11-03,TDG,131.94,131.97,130.42,131.01,327316
2014-11-04,TDG,130.96,131.49,130.16,131.11,234387
2014-11-05,TDG,131.57,132.82,130.5,131.85,558122
2014-11-06,TDG,131.82,132.97,131.15,132.39,263762
2014-11-07,TDG,132.66,132.71,131.86,132.09,346083
2014-11-10,TDG,132.13,133.0,130.78,132.65,294437
2014-11-11,TDG,132.83,133.12,131.52,131.8,208232
2014-11-12,TDG,131.14,132.28,130.72,131.39,400822
2014-11-13,TDG,133.26,137.86,131.14,135.23,767460
2014-11-14,TDG,135.3,135.91,134.19,135.7,429967
2014-11-17,TDG,135.68,137.66,135.07,135.61,402949
2014-11-18,TDG,135.92,137.21,135.21,135.58,518226
2014-11-19,TDG,135.56,136.25,134.98,135.35,523499
2014-11-20,TDG,134.93,135.96,134.93,135.47,473333
2014-11-21,TDG,135.96,136.24,135.25,135.92,374612
2014-11-24,TDG,136.81,137.71,136.73,137.38,275851
2014-11-25,TDG,137.65,138.07,136.39,136.48,379196
2014-11-26,TDG,136.8,137.54,136.28,136.66,268515
2014-11-27,TDG,136.8,137.54,136.28,136.66,268515
2014-11-28,TDG,137.2,140.79,137.03,139.46,404074
2014-12-01,TDG,138.67,139.76,137.68,138.57,384960
2014-12-02,TDG,138.31,139.04,136.35,137.21,286529
2014-12-03,TDG,137.6,138.21,136.8,137.74,249465
2014-12-04,TDG,137.81,138.67,136.79,138.28,344283
2014-12-05,TDG,138.8,139.39,137.43,138.19,231365
2014-12-08,TDG,138.19,138.34,136.15,136.56,171587
2014-12-09,TDG,134.82,137.56,134.32,137.5,225642
2014-12-10,TDG,136.24,137.32,135.25,135.82,539307
2014-12-11,TDG,136.62,137.66,135.82,136.18,252873
2014-12-12,TDG,134.94,137.04,134.63,135.42,343728
2014-12-15,TDG,135.75,136.44,134.33,136.03,374190
2014-12-16,TDG,136.15,137.02,134.53,134.85,559363
2014-12-17,TDG,134.98,137.68,134.01,137.28,610291
2014-12-18,TDG,137.9,139.88,137.25,138.43,675145
2014-12-19,TDG,138.32,139.55,137.89,139.47,348244
2014-12-22,TDG,139.37,140.31,138.93,139.37,154392
2014-12-23,TDG,139.61,139.84,138.97,139.79,237310
2014-12-24,TDG,139.72,141.75,139.35,141.45,134878
2014-12-26,TDG,141.58,141.7,140.56,141.09,171942
2014-12-29,TDG,140.64,140.98,139.31,140.0,210092
2014-12-30,TDG,139.69,140.43,138.93,139.29,127916
2014-12-31,TDG,139.26,140.12,138.33,138.45,173809
2015-01-02,TDG,138.74,139.95,137.64,139.43,360852
2015-01-05,TDG,139.08,140.23,137.1,138.52,508326
2015-01-06,TDG,138.49,139.45,137.0,138.87,448103
2015-01-07,TDG,140.15,141.26,139.19,140.71,271055
2015-01-08,TDG,141.73,143.14,141.32,143.06,232372
2015-01-09,TDG,143.14,143.46,141.35,141.95,406701
2015-01-12,TDG,142.2,142.77,141.02,141.9,256617
2015-01-13,TDG,143.32,144.81,142.28,143.86,287648
2015-01-14,TDG,142.02,145.08,142.02,143.93,348664
2015-01-15,TDG,144.55,144.55,142.91,143.66,211837
2015-01-16,TDG,143.1,144.54,142.41,143.84,256620
2015-01-20,TDG,144.47,144.47,142.69,143.66,401993
2015-01-21,TDG,143.49,144.88,143.17,144.55,254009
2015-01-22,TDG,144.84,145.71,143.62,145.28,384660
2015-01-23,TDG,145.43,147.39,145.43,146.94,670280
2015-01-26,TDG,146.66,147.19,145.12,147.06,636515
2015-01-27,TDG,142.61,145.6,141.02,143.59,1032688
2015-01-28,TDG,145.0,147.14,142.73,143.14,460958
2015-01-29,TDG,142.87,146.01,141.81,145.39,582022
2015-01-30,TDG,144.73,145.68,143.21,144.92,420495
2015-02-02,TDG,145.53,146.14,143.14,145.93,373660
2015-02-03,TDG,146.7,147.39,145.41,146.52,404102
2015-02-04,TDG,146.29,149.26,145.62,147.85,292400
2015-02-05,TDG,148.51,149.14,147.3,148.79,302568
2015-02-06,TDG,148.15,149.71,148.15,149.56,362653
2015-02-09,TDG,148.87,149.59,146.4,146.57,440874
2015-02-10,TDG,147.03,148.16,146.03,146.59,383617
2015-02-11,TDG,146.72,147.41,145.46,145.86,412135
2015-02-12,TDG,146.62,147.08,145.28,145.72,384460
2015-02-13,TDG,145.47,147.27,145.47,147.1,285727
2015-02-17,TDG,147.07,147.34,146.23,146.79,292480
2015-02-18,TDG,146.84,147.77,146.47,147.45,276287
2015-02-19,TDG,147.67,149.69,147.08,149.47,247936
2015-02-20,TDG,149.5,150.73,148.67,150.7,272444
2015-02-23,TDG,152.14,158.35,152.0,157.11,807476
2015-02-24,TDG,156.76,159.23,156.76,158.84,731238
2015-02-25,TDG,159.06,159.5,156.97,157.55,711274
2015-02-26,TDG,157.55,157.55,155.79,156.24,455045
2015-02-27,TDG,154.85,156.04,152.14,152.91,515474
2015-03-02,TDG,153.33,155.11,152.19,153.79,529641
2015-03-03,TDG,153.19,153.75,152.55,153.52,284261
2015-03-04,TDG,153.35,153.67,151.71,151.83,285859
2015-03-05,TDG,151.73,152.77,150.67,151.84,256240
2015-03-06,TDG,151.52,152.25,149.62,150.27,308043
2015-03-09,TDG,150.55,152.32,150.33,151.42,334000
2015-03-10,TDG,150.21,151.1,150.14,150.19,218940
2015-03-11,TDG,150.63,151.48,150.36,151.0,214632
2015-03-12,TDG,151.55,152.68,150.96,152.5,285924
2015-03-13,TDG,152.0,152.88,150.03,151.47,176159
2015-03-16,TDG,151.49,153.2,151.06,153.11,385313
2015-03-17,TDG,152.63,153.03,151.7,152.65,286400
2015-03-18,TDG,151.77,153.27,150.38,152.61,269656
2015-03-19,TDG,152.82,153.42,150.55,151.45,202899
2015-03-20,TDG,153.78,154.02,151.61,152.13,434388
2015-03-23,TDG,152.13,153.25,151.04,152.15,243580
2015-03-24,TDG,151.79,152.9,151.17,151.7,181605
2015-03-25,TDG,151.55,152.13,150.79,150.89,432150
2015-03-26,TDG,150.69,152.2,149.99,151.72,426682
2015-03-27,TDG,151.72,154.33,151.72,153.62,206975
2015-03-30,TDG,154.0,155.57,153.62,155.0,271150
2015-03-31,TDG,155.14,155.14,153.77,154.22,313716
2015-04-01,TDG,153.33,154.9,153.01,154.22,329781
2015-04-02,TDG,154.41,155.7,153.97,155.3,209967
2015-04-06,TDG,154.58,156.14,154.24,154.94,186723
2015-04-07,TDG,155.05,156.2,154.73,155.71,257691
2015-04-08,TDG,156.05,156.77,154.6,155.55,303214
2015-04-09,TDG,156.21,156.76,155.44,156.5,277611
2015-04-10,TDG,157.08,157.94,156.39,157.38,203992
2015-04-13,TDG,157.56,157.92,156.67,157.11,297299
2015-04-14,TDG,157.19,157.22,155.86,156.74,171796
2015-04-15,TDG,157.29,157.85,156.14,156.76,190972
2015-04-16,TDG,156.41,156.94,155.83,156.59,172760
2015-04-17,TDG,156.19,156.19,154.25,154.68,337133
2015-04-20,TDG,155.67,156.97,155.67,156.87,153340
2015-04-21,TDG,157.54,157.66,156.15,157.66,217290
2015-04-22,TDG,157.59,157.62,155.68,156.4,225256
2015-04-23,TDG,155.81,157.72,155.81,156.48,150786
2015-04-24,TDG,157.34,157.59,156.04,157.26,242921
2015-04-27,TDG,157.4,157.49,154.26,154.45,275269
2015-04-28,TDG,153.75,155.0,152.7,153.62,343106
2015-04-29,TDG,152.42,153.12,150.09,150.26,353563
2015-04-30,TDG,149.66,150.86,149.01,149.57,275346
2015-05-01,TDG,151.24,154.88,150.9,154.3,409805
2015-05-04,TDG,155.11,155.64,154.45,155.32,505854
2015-05-05,TDG,154.11,154.59,149.81,151.55,900200
2015-05-06,TDG,152.36,155.34,151.26,155.21,609814
2015-05-07,TDG,155.1,157.37,153.94,156.58,694487
2015-05-08,TDG,157.94,158.64,156.12,156.43,443739
2015-05-11,TDG,156.66,157.94,156.37,156.85,345277
2015-05-12,TDG,155.95,157.86,155.81,157.55,295599
2015-05-13,TDG,157.94,158.59,157.08,158.32,198281
2015-05-14,TDG,158.63,162.23,158.0,161.62,398636
2015-05-15,TDG,161.98,162.17,159.8,160.45,384059
2015-05-18,TDG,159.8,160.76,159.45,159.87,292027
2015-05-19,TDG,160.24,162.1,159.93,161.36,211118
2015-05-20,TDG,161.75,162.43,160.37,160.9,184990
2015-05-21,TDG,161.02,161.47,160.51,161.4,144735
2015-05-22,TDG,161.43,161.45,159.85,160.14,191825
2015-05-26,TDG,160.69,161.72,159.3,159.98,303412
2015-05-27,TDG,160.14,161.64,159.74,161.46,240975
2015-05-28,TDG,161.47,161.47,159.83,160.4,166421
2015-05-29,TDG,160.58,160.58,158.59,159.38,435532
2015-06-01,TDG,160.06,161.5,158.92,160.94,273053
2015-06-02,TDG,160.85,160.85,159.26,159.64,203301
2015-06-03,TDG,159.95,161.32,158.86,160.28,205081
2015-06-04,TDG,159.31,159.98,158.34,158.77,221270
2015-06-05,TDG,158.61,159.59,158.05,159.44,150540
2015-06-08,TDG,159.44,160.4,158.38,158.68,239237
2015-06-09,TDG,158.92,159.52,158.15,159.23,232541
2015-06-10,TDG,159.71,160.69,159.06,159.71,243269
2015-06-11,TDG,160.02,161.24,159.62,160.65,183048
2015-06-12,TDG,159.85,159.93,158.17,159.08,244752
2015-06-15,TDG,159.26,159.26,158.02,158.74,320083
2015-06-16,TDG,158.89,160.31,158.81,159.33,213054
2015-06-17,TDG,159.51,160.87,159.16,160.39,146419
2015-06-18,TDG,160.92,161.62,160.92,161.32,185837
2015-06-19,TDG,161.36,163.58,160.99,162.94,379919
2015-06-22,TDG,163.55,163.71,162.38,162.94,170699
2015-06-23,TDG,162.98,163.58,161.86,162.05,120444
2015-06-24,TDG,161.82,163.01,160.13,160.49,170321
2015-06-25,TDG,161.28,161.53,160.28,161.11,189347
2015-06-26,TDG,161.51,161.97,160.28,161.59,280299
2015-06-29,TDG,160.26,161.31,158.85,158.92,225281
2015-06-30,TDG,160.08,160.7,158.27,158.41,368923
2015-07-01,TDG,159.22,160.86,159.01,160.42,304545
2015-07-02,TDG,160.6,161.47,160.17,160.61,161625
2015-07-06,TDG,159.59,161.06,158.66,160.29,353270
2015-07-07,TDG,160.41,160.64,157.46,160.49,506675
2015-07-08,TDG,159.41,159.52,156.18,156.76,421729
2015-07-09,TDG,158.18,159.8,157.61,157.69,473652
2015-07-10,TDG,158.73,160.11,157.17,157.6,285684
2015-07-13,TDG,159.04,159.65,157.96,158.83,234185
2015-07-14,TDG,159.49,163.71,158.56,163.37,505585
2015-07-15,TDG,163.89,165.18,161.02,161.18,437909
2015-07-16,TDG,161.56,163.29,160.91,162.93,536880
2015-07-17,TDG,162.74,164.89,162.31,164.71,191063
2015-07-20,TDG,164.85,165.64,163.85,165.19,348016
2015-07-21,TDG,164.32,164.32,160.65,161.62,566677
2015-07-22,TDG,160.76,161.89,158.91,159.6,775527
2015-07-23,TDG,159.3,162.77,159.06,159.2,338091
2015-07-24,TDG,159.06,160.1,157.38,158.37,412051
2015-07-27,TDG,156.72,159.3,152.38,152.96,1018317
2015-07-28,TDG,153.35,154.25,151.46,153.05,816690
2015-07-29,TDG,154.6,157.88,154.41,155.84,679661
2015-07-30,TDG,155.83,156.86,154.71,154.95,653934
2015-07-31,TDG,155.5,160.03,155.5,159.56,515123
2015-08-03,TDG,159.93,162.26,158.82,161.7,645952
2015-08-04,TDG,152.55,163.52,152.53,161.01,815584
2015-08-05,TDG,162.6,169.02,162.6,168.27,679339
2015-08-06,TDG,169.44,169.8,166.28,167.94,547279
2015-08-07,TDG,167.9,168.12,164.75,165.64,315606
2015-08-10,TDG,167.31,168.65,166.23,167.11,341947
2015-08-11,TDG,166.44,167.92,165.7,167.53,339245
2015-08-12,TDG,166.26,167.2,162.65,165.24,686928
2015-08-13,TDG,164.91,169.08,164.19,168.53,256724
2015-08-14,TDG,168.01,172.04,167.13,171.4,500453
2015-08-17,TDG,171.13,172.46,169.23,172.29,347268
2015-08-18,TDG,171.14,172.68,170.78,171.03,222683
2015-08-19,TDG,170.63,171.83,168.85,170.18,211416
2015-08-20,TDG,169.37,169.37,164.01,164.14,408780
2015-08-21,TDG,162.43,163.64,160.1,160.59,316362
2015-08-24,TDG,151.66,160.76,151.41,156.22,587148
2015-08-25,TDG,159.14,160.83,155.0,155.82,541082
2015-08-26,TDG,158.49,161.67,155.13,160.4,712639
2015-08-27,TDG,162.38,167.47,160.93,166.2,373905
2015-08-28,TDG,165.66,168.55,165.3,167.11,358653
2015-08-31,TDG,167.08,167.08,162.02,162.05,395697
2015-09-01,TDG,159.12,160.18,156.07,156.9,479768
2015-09-02,TDG,159.06,162.01,158.51,161.91,390611
2015-09-03,TDG,162.92,163.85,161.23,161.81,461217
2015-09-04,TDG,159.54,161.19,158.79,159.63,260153
2015-09-08,TDG,161.43,163.87,161.32,163.53,256559
2015-09-09,TDG,164.51,165.36,160.73,160.84,339767
2015-09-10,TDG,160.57,162.35,159.54,160.06,298815
2015-09-11,TDG,159.59,161.36,158.67,161.36,205711
2015-09-14,TDG,161.71,161.83,160.16,161.14,273683
2015-09-15,TDG,161.58,162.87,159.65,161.77,178383
2015-09-16,TDG,161.89,162.96,160.95,162.29,182121
2015-09-17,TDG,162.04,165.68,161.89,163.93,360644
2015-09-18,TDG,161.78,164.07,161.5,162.79,507379
2015-09-21,TDG,163.37,165.2,161.91,162.66,231903
2015-09-22,TDG,161.27,161.73,159.54,160.67,203626
2015-09-23,TDG,161.27,161.62,159.06,159.56,170859
2015-09-24,TDG,158.01,159.16,155.83,158.44,370216
2015-09-25,TDG,160.33,160.33,156.77,157.88,244046
2015-09-28,TDG,156.63,157.99,154.22,154.3,480069
2015-09-29,TDG,153.93,154.45,146.91,149.64,958788
2015-09-30,TDG,150.3,152.07,148.2,149.77,774080
2015-10-01,TDG,149.21,152.83,148.25,152.03,515131
2015-10-02,TDG,150.19,153.86,149.77,153.44,352350
2015-10-05,TDG,154.9,155.69,153.55,154.28,394238
2015-10-06,TDG,154.8,154.8,149.28,150.36,803646
2015-10-07,TDG,151.07,152.85,150.5,152.13,319183
2015-10-08,TDG,151.86,155.34,151.78,154.85,277487
2015-10-09,TDG,155.45,155.98,154.09,155.34,306448
2015-10-12,TDG,155.16,157.66,154.27,156.33,334965
2015-10-13,TDG,155.87,157.01,154.33,154.82,234685
2015-10-14,TDG,154.6,155.61,148.23,149.32,988538
2015-10-15,TDG,149.61,151.8,149.5,151.64,440697
2015-10-16,TDG,152.24,152.93,150.46,152.48,264622
2015-10-19,TDG,151.39,153.11,151.39,152.77,287566
2015-10-20,TDG,152.6,153.22,151.72,152.18,229340
2015-10-21,TDG,153.35,154.42,151.87,152.54,260504
2015-10-22,TDG,153.03,156.83,152.52,154.4,482415
2015-10-23,TDG,155.83,155.83,152.6,153.44,320290
2015-10-26,TDG,153.32,154.11,152.14,153.14,216616
2015-10-27,TDG,152.83,153.58,152.3,152.99,459373
2015-10-28,TDG,152.3,153.54,151.82,153.42,468531
2015-10-29,TDG,152.56,157.18,152.56,157.04,400548
2015-10-30,TDG,156.76,157.96,154.91,155.02,268781
2015-11-02,TDG,154.89,160.3,154.89,160.25,632346
2015-11-03,TDG,159.99,160.18,157.24,158.65,326590
2015-11-04,TDG,159.13,161.04,158.86,160.8,327960
2015-11-05,TDG,160.92,162.06,158.24,160.35,368249
2015-11-06,TDG,159.71,160.61,158.33,159.59,354884
2015-11-09,TDG,158.85,160.24,155.9,157.22,219865
2015-11-10,TDG,156.67,157.91,155.84,157.46,230801
2015-11-11,TDG,158.33,159.53,154.18,154.33,474247
2015-11-12,TDG,159.3,165.52,159.11,161.82,1258335
2015-11-13,TDG,161.43,162.69,160.78,161.98,785955
2015-11-16,TDG,162.02,163.37,159.89,163.05,818103
2015-11-17,TDG,163.06,164.29,161.64,163.09,390605
2015-11-18,TDG,163.12,164.29,162.5,163.86,387324
2015-11-19,TDG,163.35,166.54,163.35,166.33,473787
2015-11-20,TDG,167.35,167.5,165.8,166.58,486158
2015-11-23,TDG,166.91,167.52,165.34,166.52,457185
2015-11-24,TDG,165.4,167.77,165.2,166.31,298506
2015-11-25,TDG,166.2,167.02,165.91,166.64,252546
2015-11-27,TDG,166.49,167.35,165.59,167.26,86606
2015-11-30,TDG,167.06,167.36,165.13,165.44,433110
2015-12-01,TDG,166.1,168.11,165.8,167.97,212693
2015-12-02,TDG,167.6,168.17,166.2,166.69,302930
2015-12-03,TDG,167.41,168.07,164.56,165.27,193746
2015-12-04,TDG,165.68,167.84,164.65,167.82,191680
2015-12-07,TDG,167.75,168.16,166.06,167.21,351313
2015-12-08,TDG,165.49,167.14,163.02,164.06,384130
2015-12-09,TDG,163.41,165.04,161.05,162.34,220715
2015-12-10,TDG,162.88,163.56,161.41,162.68,242316
2015-12-11,TDG,162.95,162.96,156.81,157.49,479197
2015-12-14,TDG,157.47,158.5,152.54,153.77,625144
2015-12-15,TDG,154.68,155.11,152.7,153.49,924436
2015-12-16,TDG,153.56,156.82,150.86,156.07,867024
2015-12-17,TDG,156.27,157.24,154.3,154.9,517770
2015-12-18,TDG,154.59,155.77,153.71,155.05,562877
2015-12-21,TDG,156.11,159.8,155.35,159.37,449034
2015-12-22,TDG,160.08,160.54,157.47,159.47,277804
2015-12-23,TDG,160.02,160.88,159.44,160.43,268720
2015-12-24,TDG,160.23,160.74,159.35,159.91,85534
2015-12-28,TDG,159.61,159.61,157.56,158.8,227951
2015-12-29,TDG,159.44,161.38,159.44,161.02,166028
2015-12-30,TDG,161.02,161.67,160.16,160.68,179820
2015-12-31,TDG,159.89,161.69,159.89,161.08,239498
2016-01-04,TDG,160.9,162.79,158.03,162.07,838787
2016-01-05,TDG,162.42,163.88,159.56,160.47,641935
2016-01-06,TDG,160.28,162.25,158.59,162.24,613594
2016-01-07,TDG,159.69,161.83,159.69,160.26,862545
2016-01-08,TDG,161.37,161.83,155.91,156.17,717303
2016-01-11,TDG,157.86,162.62,157.12,161.15,778316
2016-01-12,TDG,162.28,163.18,159.93,161.69,407685
2016-01-13,TDG,162.24,162.58,155.83,155.88,611032
2016-01-14,TDG,156.01,160.46,153.9,159.74,813417
2016-01-15,TDG,156.46,157.1,150.27,153.9,1019712
2016-01-19,TDG,155.09,156.94,153.62,155.7,824660
2016-01-20,TDG,153.87,156.57,148.21,153.5,1276111
2016-01-21,TDG,153.9,155.11,151.6,152.63,673998
2016-01-22,TDG,154.53,157.28,154.05,157.12,456343
2016-01-25,TDG,157.3,157.41,155.02,155.21,386138
2016-01-26,TDG,155.74,159.42,155.48,159.0,466570
2016-01-27,TDG,157.82,157.82,154.62,155.93,696535
2016-01-28,TDG,156.34,157.96,153.93,154.62,679810
2016-01-29,TDG,155.81,158.46,154.64,158.46,715258
2016-02-01,TDG,157.58,162.17,156.35,161.25,446212
2016-02-02,TDG,159.59,159.59,155.26,155.57,605955
2016-02-03,TDG,156.46,157.93,153.52,157.58,518586
2016-02-04,TDG,157.01,160.47,156.73,160.3,385219
2016-02-05,TDG,160.12,160.3,155.16,156.16,561477
2016-02-08,TDG,153.69,155.71,148.85,151.34,1482787
2016-02-09,TDG,138.9,145.65,127.45,132.06,4434150
2016-02-10,TDG,133.39,141.27,133.39,136.02,2041830
2016-02-11,TDG,132.87,134.48,130.23,134.11,2048221
2016-02-12,TDG,135.76,138.31,134.36,137.57,1288633
2016-02-16,TDG,138.93,144.93,137.68,144.71,931336
2016-02-17,TDG,146.58,149.04,145.63,146.26,1021786
2016-02-18,TDG,147.56,148.52,146.46,147.25,552814
2016-02-19,TDG,146.66,147.89,144.68,146.24,550654
2016-02-22,TDG,148.47,149.8,147.19,147.83,593120
2016-02-23,TDG,147.52,149.96,146.66,149.15,392294
2016-02-24,TDG,147.58,151.78,146.29,151.07,516441
2016-02-25,TDG,151.67,154.13,150.27,151.77,428017
2016-02-26,TDG,151.63,154.05,151.39,153.18,324144
2016-02-29,TDG,152.83,154.54,150.58,150.6,941813
2016-03-01,TDG,151.71,153.43,149.97,152.52,641960
2016-03-02,TDG,152.53,154.04,150.39,153.93,637623
2016-03-03,TDG,154.14,156.67,152.41,154.86,404243
2016-03-04,TDG,156.05,157.37,154.52,157.01,765955
2016-03-07,TDG,155.25,156.84,155.18,156.65,702863
2016-03-08,TDG,156.25,156.38,153.88,153.91,407555
2016-03-09,TDG,154.42,156.24,153.92,155.09,327162
2016-03-10,TDG,155.69,155.9,152.08,153.99,423778
2016-03-11,TDG,154.71,156.13,154.08,155.95,457719
2016-03-14,TDG,154.84,155.58,153.26,154.33,526170
2016-03-15,TDG,153.25,154.97,152.71,154.48,344086
2016-03-16,TDG,154.25,156.37,153.82,155.12,221169
2016-03-17,TDG,154.52,162.17,154.06,159.92,1250516
2016-03-18,TDG,160.42,161.16,158.59,158.7,832274
2016-03-21,TDG,158.43,159.13,157.34,157.84,473160
2016-03-22,TDG,157.23,158.63,155.69,157.65,310463
2016-03-23,TDG,157.58,158.41,155.71,155.79,480772
2016-03-24,TDG,154.92,155.39,152.21,154.9,355123
2016-03-28,TDG,154.8,155.26,153.16,154.86,271548
2016-03-29,TDG,154.29,157.94,153.68,157.58,608629
2016-03-30,TDG,158.14,158.73,155.79,155.97,484458
2016-03-31,TDG,155.78,156.27,154.2,155.36,434261
2016-04-01,TDG,154.0,156.42,153.03,156.12,415887
2016-04-04,TDG,155.81,156.18,154.47,155.19,380259
2016-04-05,TDG,154.88,155.57,154.23,154.63,483640
2016-04-06,TDG,154.63,158.08,154.42,157.49,358987
2016-04-07,TDG,156.01,158.53,156.01,158.1,368326
2016-04-08,TDG,159.66,160.41,157.51,158.04,379262
2016-04-11,TDG,159.2,160.13,157.27,158.29,225814
2016-04-12,TDG,157.92,159.8,156.61,158.76,294473
2016-04-13,TDG,157.02,160.04,154.11,158.81,647351
2016-04-14,TDG,158.81,159.46,157.34,158.75,325190
2016-04-15,TDG,158.75,159.97,158.34,159.63,233723
2016-04-18,TDG,159.18,160.05,158.49,158.71,552291
2016-04-19,TDG,159.65,160.16,158.32,160.09,468855
2016-04-20,TDG,160.09,163.89,158.02,161.82,773487
2016-04-21,TDG,162.09,162.55,160.83,161.09,434411
2016-04-22,TDG,160.85,162.12,157.81,159.91,446062
2016-04-25,TDG,159.94,160.28,157.64,158.25,498525
2016-04-26,TDG,159.01,163.19,158.69,162.81,419785
2016-04-27,TDG,162.17,164.83,161.69,164.03,549302
2016-04-28,TDG,163.2,164.42,161.93,162.11,361222
2016-04-29,TDG,161.12,162.05,159.47,160.67,609366
2016-05-02,TDG,160.84,162.18,158.94,159.0,439482
2016-05-03,TDG,157.4,160.43,157.31,159.7,956090
2016-05-04,TDG,158.86,160.23,158.61,159.74,358106
2016-05-05,TDG,160.32,161.07,159.54,160.35,388913
2016-05-06,TDG,159.36,160.7,157.7,157.98,839946
2016-05-09,TDG,156.18,160.39,155.2,159.12,890642
2016-05-10,TDG,166.76,176.82,166.76,175.92,2495675
2016-05-11,TDG,175.92,176.63,173.76,174.24,898288
2016-05-12,TDG,175.43,176.25,172.39,174.16,754850
2016-05-13,TDG,173.49,176.01,173.49,175.48,768968
2016-05-16,TDG,175.22,176.97,174.56,175.99,877927
2016-05-17,TDG,175.54,177.32,174.42,175.5,528199
2016-05-18,TDG,175.22,176.37,173.85,174.89,608140
2016-05-19,TDG,174.55,175.32,172.3,174.67,363639
2016-05-20,TDG,176.02,177.15,174.83,176.2,277717
2016-05-23,TDG,176.13,176.25,174.77,175.39,344708
2016-05-24,TDG,176.27,180.2,172.7,179.55,700732
2016-05-25,TDG,179.5,181.42,179.07,180.27,577255
2016-05-26,TDG,180.68,180.68,178.64,179.65,533400
2016-05-27,TDG,179.85,180.67,179.02,180.48,423015
2016-05-31,TDG,187.14,187.46,185.17,185.82,2665686
2016-06-01,TDG,184.55,188.54,184.14,187.62,1803916
2016-06-02,TDG,187.82,188.48,185.66,187.44,9761017
2016-06-03,TDG,186.86,187.35,184.81,186.41,1120315
2016-06-06,TDG,186.85,187.81,185.3,187.06,631871
2016-06-07,TDG,187.38,188.37,186.13,188.03,623421
2016-06-08,TDG,187.78,188.97,186.53,186.84,646845
2016-06-09,TDG,186.22,187.94,186.11,187.72,498510
2016-06-10,TDG,188.38,188.38,183.54,184.1,599685
2016-06-13,TDG,183.89,185.24,180.7,182.5,452984
2016-06-14,TDG,182.07,183.42,181.38,182.88,538688
2016-06-15,TDG,183.59,184.12,182.27,183.08,401837
2016-06-16,TDG,182.95,183.2,180.41,182.93,514147
2016-06-17,TDG,183.11,183.14,181.03,182.95,774061
2016-06-20,TDG,185.09,185.7,184.13,184.36,420127
2016-06-21,TDG,184.02,185.91,183.19,185.26,535657
2016-06-22,TDG,184.94,186.03,183.35,184.64,493253
2016-06-23,TDG,185.48,187.26,184.64,187.1,543855
2016-06-24,TDG,181.92,186.33,181.29,181.67,944750
2016-06-27,TDG,180.27,180.64,175.95,177.59,634999
2016-06-28,TDG,178.99,181.58,178.71,181.3,429630
2016-06-29,TDG,183.9,184.57,182.53,183.96,327947
2016-06-30,TDG,183.96,186.07,183.28,185.93,550069
2016-07-01,TDG,185.86,187.82,184.33,185.24,480686
2016-07-05,TDG,184.08,184.74,181.41,183.19,609567
2016-07-06,TDG,182.27,185.24,182.09,184.96,277245
2016-07-07,TDG,185.11,186.79,184.43,185.06,386393
2016-07-08,TDG,186.79,190.43,186.31,190.24,610795
2016-07-11,TDG,189.96,190.28,188.78,189.19,388622
2016-07-12,TDG,190.77,192.01,189.36,190.03,301979
2016-07-13,TDG,190.38,191.87,190.03,191.15,398289
2016-07-14,TDG,192.92,192.92,190.85,192.31,335898
2016-07-15,TDG,192.73,192.73,190.58,191.4,343236
2016-07-18,TDG,191.81,191.85,190.97,191.74,397595
2016-07-19,TDG,191.17,194.71,191.17,193.35,486428
2016-07-20,TDG,193.81,194.42,192.9,193.23,298192
2016-07-21,TDG,193.17,193.47,190.3,191.02,433190
2016-07-22,TDG,191.22,193.53,190.12,193.31,268723
2016-07-25,TDG,192.56,193.31,191.74,193.1,209913
2016-07-26,TDG,193.35,195.68,193.3,195.52,343327
2016-07-27,TDG,196.38,196.85,195.09,196.12,302574
2016-07-28,TDG,196.02,197.09,195.14,196.72,422627
2016-07-29,TDG,195.31,197.63,195.16,197.09,505671
2016-08-01,TDG,196.39,197.56,195.86,196.74,520838
2016-08-02,TDG,196.55,197.22,194.95,195.42,301268
2016-08-03,TDG,195.33,196.5,194.69,195.98,384857
2016-08-04,TDG,196.42,197.27,195.0,195.87,249742
2016-08-05,TDG,196.26,197.96,196.09,197.86,303988
2016-08-08,TDG,198.58,198.58,195.19,196.75,631183
2016-08-09,TDG,197.47,202.48,195.57,202.39,605886
2016-08-10,TDG,202.72,203.57,199.9,202.79,656829
2016-08-11,TDG,203.41,204.25,201.62,201.67,338483
2016-08-12,TDG,200.58,200.59,199.23,199.61,337370
2016-08-15,TDG,200.45,201.47,199.66,201.13,488858
2016-08-16,TDG,200.29,201.1,199.78,199.98,190983
2016-08-17,TDG,200.37,200.56,199.11,200.2,215388
2016-08-18,TDG,200.47,201.81,200.02,201.07,236498
2016-08-19,TDG,200.53,201.64,199.83,201.24,155197
2016-08-22,TDG,201.07,202.68,200.7,201.57,176339
2016-08-23,TDG,202.19,202.56,201.03,202.19,228210
2016-08-24,TDG,201.4,202.29,200.03,200.45,193186
2016-08-25,TDG,200.23,201.91,199.98,200.54,181244
2016-08-26,TDG,201.09,202.24,198.87,200.76,131523
2016-08-29,TDG,201.06,204.22,201.06,203.89,255849
2016-08-30,TDG,203.94,204.45,201.24,202.52,251413
2016-08-31,TDG,202.46,202.59,200.39,201.09,249657
2016-09-01,TDG,201.26,202.96,200.32,202.65,270909
2016-09-02,TDG,203.65,205.08,202.6,203.32,229687
2016-09-06,TDG,203.44,205.06,203.05,204.54,259941
2016-09-07,TDG,204.54,207.57,204.13,205.76,285582
2016-09-08,TDG,204.58,205.42,202.74,203.41,471797
2016-09-09,TDG,201.83,202.15,199.67,199.83,416812
2016-09-12,TDG,198.65,202.52,197.82,201.98,348028
2016-09-13,TDG,200.62,201.17,197.85,198.65,264544
2016-09-14,TDG,198.75,201.0,197.72,198.38,216652
2016-09-15,TDG,198.42,201.22,197.66,200.47,220888
2016-09-16,TDG,199.71,201.78,198.16,198.82,767695
2016-09-19,TDG,200.01,201.07,198.1,199.19,247722
2016-09-20,TDG,200.11,200.11,196.38,197.22,286928
2016-09-21,TDG,197.43,199.32,196.72,199.32,323116
2016-09-22,TDG,201.87,203.56,201.4,202.26,279654
2016-09-23,TDG,201.78,204.2,201.63,203.18,288741
2016-09-26,TDG,202.65,205.75,202.45,204.61,458093
2016-09-27,TDG,205.01,206.17,203.21,204.88,269767
2016-09-28,TDG,205.2,206.29,203.32,205.42,202963
2016-09-29,TDG,204.74,205.06,201.92,202.43,281040
2016-09-30,TDG,203.8,204.67,202.3,203.86,263226
2016-10-03,TDG,202.96,204.62,202.89,204.38,164843
2016-10-04,TDG,206.06,206.72,199.13,199.63,733811
2016-10-05,TDG,199.63,200.83,198.99,200.11,484961
2016-10-06,TDG,200.11,201.66,199.07,201.31,381751
2016-10-07,TDG,200.5,200.5,196.92,198.06,1006949
2016-10-10,TDG,198.7,200.56,197.75,199.73,428262
2016-10-11,TDG,198.56,199.4,194.52,195.1,355253
2016-10-12,TDG,194.88,196.06,193.9,195.62,378447
2016-10-13,TDG,194.38,197.06,194.0,196.49,453698
2016-10-14,TDG,197.7,197.91,195.67,195.68,183949
2016-10-17,TDG,196.91,197.78,196.04,197.45,385600
2016-10-18,TDG,199.52,199.52,197.98,198.89,291901
2016-10-19,TDG,198.49,199.52,197.59,198.6,441076
2016-10-20,TDG,197.73,200.62,197.4,200.53,666691
2016-10-21,TDG,199.15,202.89,198.76,202.59,406145
2016-10-24,TDG,204.24,205.94,203.69,205.74,451210
2016-10-25,TDG,205.67,207.42,204.87,206.64,535077
2016-10-26,TDG,206.32,209.07,206.22,208.92,406481
2016-10-27,TDG,209.5,210.43,207.35,207.8,439168
2016-10-28,TDG,208.17,210.57,207.62,209.37,380706
2016-10-31,TDG,210.32,211.16,208.81,209.98,341133
2016-11-01,TDG,210.72,211.51,207.0,208.21,377855
2016-11-02,TDG,208.18,209.25,204.82,204.87,456555
2016-11-03,TDG,205.49,205.85,203.8,205.37,309843
2016-11-04,TDG,205.46,209.14,205.46,206.12,336571
2016-11-07,TDG,209.3,209.3,205.01,208.44,544406
2016-11-08,TDG,208.46,211.4,208.16,210.21,253064
2016-11-09,TDG,208.51,210.63,207.93,209.63,1415801
2016-11-10,TDG,211.29,213.74,205.28,207.64,985062
2016-11-11,TDG,206.76,210.36,205.76,209.85,763242
2016-11-14,TDG,210.73,211.17,194.18,194.94,2229403
2016-11-15,TDG,194.13,202.29,194.13,199.55,1327881
2016-11-16,TDG,198.67,199.89,195.4,197.14,701121
2016-11-17,TDG,197.19,199.73,197.19,199.47,473762
2016-11-18,TDG,198.45,198.45,192.12,192.7,840589
2016-11-21,TDG,193.19,194.43,193.12,193.74,669824
2016-11-22,TDG,193.85,194.8,193.5,194.6,697697
2016-11-23,TDG,194.89,200.47,194.89,199.63,609484
2016-11-25,TDG,200.74,201.2,198.63,200.41,227199
2016-11-28,TDG,199.83,201.14,198.58,199.21,507246
2016-11-29,TDG,199.8,201.79,198.83,199.36,520516
2016-11-30,TDG,199.46,200.47,192.71,193.78,853692
2016-12-01,TDG,193.54,193.68,188.61,188.81,1239023
2016-12-02,TDG,188.31,189.91,181.22,189.03,1154533
2016-12-05,TDG,190.81,193.37,189.57,190.67,675845
2016-12-06,TDG,190.59,193.32,189.92,193.3,414963
2016-12-07,TDG,194.46,198.24,192.53,197.37,818945
2016-12-08,TDG,198.27,198.45,192.14,192.47,751169
2016-12-09,TDG,191.97,193.11,190.99,192.26,637830
2016-12-12,TDG,191.54,191.76,188.33,190.36,772973
2016-12-13,TDG,191.5,193.15,189.4,192.74,548195
2016-12-14,TDG,192.81,195.55,192.71,193.28,648383
2016-12-15,TDG,193.41,197.73,192.82,195.74,623423
2016-12-16,TDG,195.72,196.41,193.01,193.82,871170
2016-12-19,TDG,193.29,195.0,192.92,193.52,492426
2016-12-20,TDG,193.62,194.49,192.18,192.48,607968
2016-12-21,TDG,192.99,193.56,190.81,191.87,493003
2016-12-22,TDG,192.1,193.09,191.47,191.87,312848
2016-12-23,TDG,192.38,193.01,191.33,192.75,210695
2016-12-27,TDG,193.61,193.81,192.35,193.37,214901
2016-12-28,TDG,193.06,193.25,191.28,192.29,188979
2016-12-29,TDG,192.45,193.82,191.99,192.54,186973
2016-12-30,TDG,192.94,192.94,190.75,191.87,253374
2017-01-03,TDG,193.72,195.81,191.64,193.09,750329
2017-01-04,TDG,193.92,194.36,191.86,194.25,579424
2017-01-05,TDG,194.39,194.75,192.51,194.01,676570
2017-01-06,TDG,194.21,198.36,193.53,197.38,427771
2017-01-09,TDG,197.31,197.59,194.99,196.78,461718
2017-01-10,TDG,196.85,197.42,195.2,195.2,458497
2017-01-11,TDG,195.2,196.87,194.12,194.51,421724
2017-01-12,TDG,194.62,196.74,192.85,195.46,469889
2017-01-13,TDG,195.45,195.46,192.51,194.4,623906
2017-01-17,TDG,193.82,194.0,190.61,192.44,774722
2017-01-18,TDG,192.86,195.33,192.74,193.36,623085
2017-01-19,TDG,192.68,194.64,191.27,194.03,506225
2017-01-20,TDG,192.68,193.33,168.48,174.87,8692294
2017-01-23,TDG,177.26,177.54,167.51,172.48,3504962
2017-01-24,TDG,173.16,175.3,172.47,173.57,3051932
2017-01-25,TDG,174.08,174.95,170.67,170.84,1256804
2017-01-26,TDG,171.21,171.87,168.74,169.48,1566307
2017-01-27,TDG,170.9,171.42,168.23,168.78,1287101
2017-01-30,TDG,168.78,168.98,165.43,166.94,1187312
2017-01-31,TDG,167.22,169.19,165.71,166.78,1673610
2017-02-01,TDG,167.34,169.58,166.71,169.31,2135363
2017-02-02,TDG,169.1,170.99,167.25,170.92,1631893
2017-02-03,TDG,171.1,174.39,171.1,173.53,966856
2017-02-06,TDG,174.13,178.53,172.71,177.99,2076763
2017-02-07,TDG,184.18,189.72,183.58,189.5,3035139
2017-02-08,TDG,189.83,191.74,188.27,190.69,1505061
2017-02-09,TDG,191.43,195.35,190.73,193.92,968359
2017-02-10,TDG,193.82,195.88,192.98,195.08,971193
2017-02-13,TDG,195.55,196.36,193.58,194.38,1140357
2017-02-14,TDG,193.48,194.77,192.14,192.83,1201849
2017-02-15,TDG,192.4,194.07,192.34,193.45,779676
2017-02-16,TDG,193.25,194.62,192.36,194.56,586927
2017-02-17,TDG,193.88,193.88,191.96,192.47,907430
2017-02-21,TDG,192.14,196.33,191.87,196.22,894654
2017-02-22,TDG,196.64,198.12,195.4,196.88,656920
2017-02-23,TDG,196.89,197.63,194.36,196.24,757216
2017-02-24,TDG,195.16,195.85,192.89,193.44,729878
2017-02-27,TDG,192.96,196.58,191.62,195.21,909249
2017-02-28,TDG,195.03,196.97,193.59,195.91,699563
2017-03-01,TDG,196.04,200.05,195.42,195.5,924229
2017-03-02,TDG,195.35,195.53,191.15,191.6,593713
2017-03-03,TDG,190.89,192.66,189.87,191.79,559476
2017-03-06,TDG,190.84,191.47,188.92,190.51,597316
2017-03-07,TDG,190.83,191.4,180.15,186.94,2456321
2017-03-08,TDG,186.05,187.94,184.59,185.68,962369
2017-03-09,TDG,185.59,186.84,181.16,186.22,3042735
2017-03-10,TDG,184.61,185.61,177.08,178.32,3391310
2017-03-13,TDG,177.95,181.01,176.66,180.92,1841057
2017-03-14,TDG,181.68,181.68,177.42,178.59,1878971
2017-03-15,TDG,178.63,179.51,176.13,178.62,951651
2017-03-16,TDG,184.09,185.78,181.46,182.78,1478286
2017-03-17,TDG,182.85,187.36,180.69,185.01,1494900
2017-03-20,TDG,185.35,185.75,183.26,183.38,868830
2017-03-21,TDG,184.17,184.54,165.69,173.25,4355484
2017-03-22,TDG,169.86,170.55,164.83,165.58,2528392
2017-03-23,TDG,165.58,167.15,162.87,163.03,2156658
2017-03-24,TDG,162.78,164.3,157.01,161.88,1976919
2017-03-27,TDG,159.87,165.45,159.87,165.35,1488699
2017-03-28,TDG,164.78,167.89,162.64,167.67,1365190
2017-03-29,TDG,166.86,168.92,165.65,168.73,1122443
2017-03-30,TDG,168.74,171.95,168.59,169.58,1199887
2017-03-31,TDG,170.18,170.69,169.05,169.68,927291
2017-04-03,TDG,168.94,170.54,167.56,168.6,762706
2017-04-04,TDG,168.78,173.19,168.78,172.19,911416
2017-04-05,TDG,172.19,174.77,172.19,172.98,1121714
2017-04-06,TDG,173.22,175.64,172.93,174.53,832135
2017-04-07,TDG,175.72,176.79,172.86,176.27,1156615
2017-04-10,TDG,175.82,180.2,175.82,179.57,830353
2017-04-11,TDG,178.96,182.61,177.97,182.26,760596
2017-04-12,TDG,182.69,182.75,180.17,181.62,1125797
2017-04-13,TDG,180.41,182.32,179.58,180.16,769395
2017-04-17,TDG,180.78,184.51,180.44,184.37,574735
2017-04-18,TDG,184.17,185.38,176.95,182.24,1866840
2017-04-19,TDG,182.23,183.94,181.82,182.97,487556
2017-04-20,TDG,183.44,185.11,182.42,184.93,485900
2017-04-21,TDG,185.33,186.47,184.74,185.13,553784
2017-04-24,TDG,187.5,192.05,186.02,191.39,846655
2017-04-25,TDG,191.45,192.61,189.58,191.26,437761
2017-04-26,TDG,191.27,193.85,190.64,193.24,736397
2017-04-27,TDG,193.28,194.31,191.91,193.36,397139
2017-04-28,TDG,193.25,193.25,190.05,190.15,1000037
2017-05-01,TDG,190.7,193.22,189.63,192.58,490588
2017-05-02,TDG,192.6,193.46,191.72,193.32,644305
2017-05-03,TDG,192.93,192.93,189.44,190.84,1035802
2017-05-04,TDG,190.61,192.81,190.61,192.71,609260
2017-05-05,TDG,192.68,196.94,192.4,196.51,664731
2017-05-08,TDG,196.12,196.95,193.25,196.55,1042424
2017-05-09,TDG,189.19,190.75,183.67,186.83,1725315
2017-05-10,TDG,186.84,189.14,184.76,188.78,877031
2017-05-11,TDG,189.25,189.25,185.89,187.4,630339
2017-05-12,TDG,187.16,187.77,185.15,187.51,777851
2017-05-15,TDG,187.22,191.58,187.22,191.47,695018
2017-05-16,TDG,191.74,193.15,190.48,191.87,856847
2017-05-17,TDG,189.95,190.42,186.52,187.13,764929
2017-05-18,TDG,186.4,191.32,183.07,190.98,1356318
2017-05-19,TDG,192.26,199.56,191.03,196.96,2130637
2017-05-22,TDG,198.09,198.87,194.05,198.38,1749980
2017-05-23,TDG,199.31,203.36,198.05,202.91,1021968
2017-05-24,TDG,202.91,204.93,202.09,204.57,851191
2017-05-25,TDG,205.26,206.81,203.84,205.8,469207
2017-05-26,TDG,205.82,206.42,202.49,203.78,427927
2017-05-30,TDG,203.53,205.47,202.72,205.31,592977
2017-05-31,TDG,205.95,206.75,203.56,206.61,660447
2017-06-01,TDG,206.32,209.37,206.02,207.43,693319
2017-06-02,TDG,207.73,209.69,206.75,209.38,546524
2017-06-05,TDG,209.56,209.76,207.79,208.54,333745
2017-06-06,TDG,207.81,209.86,206.97,208.22,439255
2017-06-07,TDG,208.16,209.52,206.37,208.12,404499
2017-06-08,TDG,208.27,210.95,207.1,210.59,419576
2017-06-09,TDG,211.37,211.93,205.96,208.04,486555
2017-06-12,TDG,207.41,208.39,192.81,202.52,1422779
2017-06-13,TDG,202.08,208.02,201.96,207.54,537165
2017-06-14,TDG,208.09,210.93,207.27,208.54,463482
2017-06-15,TDG,206.67,209.98,206.12,209.11,445492
2017-06-16,TDG,208.77,209.85,207.85,208.29,593894
2017-06-19,TDG,209.18,210.38,207.88,208.95,440902
2017-06-20,TDG,207.63,208.6,204.9,205.01,633445
2017-06-21,TDG,205.92,208.77,204.74,206.51,443089
2017-06-22,TDG,206.53,207.93,205.74,206.16,371191
2017-06-23,TDG,206.25,208.35,205.19,206.64,588764
2017-06-26,TDG,206.93,210.59,206.58,206.74,623616
2017-06-27,TDG,206.26,207.92,201.53,204.53,795664
2017-06-28,TDG,206.24,206.86,204.75,206.15,624215
2017-06-29,TDG,205.88,206.86,203.16,204.24,777137
2017-06-30,TDG,205.28,208.04,204.42,207.22,511595
2017-07-03,TDG,207.25,208.84,204.29,204.3,272652
2017-07-05,TDG,204.44,208.04,204.44,206.79,322401
2017-07-06,TDG,205.89,206.89,202.73,203.16,467388
2017-07-07,TDG,203.25,206.43,203.25,205.51,461621
2017-07-10,TDG,206.2,210.0,205.75,208.56,535544
2017-07-11,TDG,208.56,209.6,207.17,208.57,302278
2017-07-12,TDG,210.35,212.75,209.11,211.63,365476
2017-07-13,TDG,211.12,212.24,209.7,212.17,295772
2017-07-14,TDG,212.76,218.97,212.76,217.45,737861
2017-07-17,TDG,217.45,218.33,216.41,217.49,566303
2017-07-18,TDG,217.92,217.92,215.24,216.22,217355
2017-07-19,TDG,217.9,221.45,216.76,220.76,376052
2017-07-20,TDG,220.07,220.61,218.24,218.77,349971
2017-07-21,TDG,218.44,220.81,218.44,220.81,286442
2017-07-24,TDG,220.6,221.54,219.37,221.21,273493
2017-07-25,TDG,221.78,222.9,219.7,221.65,320308
2017-07-26,TDG,222.39,223.23,219.73,220.46,314700
2017-07-27,TDG,221.08,222.12,216.81,217.72,544770
2017-07-28,TDG,217.45,218.79,216.57,217.85,572761
2017-07-31,TDG,218.11,219.46,216.27,217.45,415833
2017-08-01,TDG,218.36,219.0,217.11,218.17,365162
2017-08-02,TDG,217.66,218.83,216.13,217.68,389353
2017-08-03,TDG,215.48,218.37,212.78,215.9,664150
2017-08-04,TDG,216.8,216.8,214.83,216.26,451646
2017-08-07,TDG,216.69,220.14,216.6,219.18,468492
2017-08-08,TDG,219.65,227.36,218.49,220.19,788620
2017-08-09,TDG,219.66,220.62,213.07,214.04,519641
2017-08-10,TDG,213.48,215.66,210.29,210.69,310710
2017-08-11,TDG,210.56,212.49,209.77,211.45,193629
2017-08-14,TDG,213.68,215.7,212.36,214.82,271518
2017-08-15,TDG,214.58,215.16,212.23,214.96,213564
2017-08-16,TDG,215.21,216.79,215.02,216.07,217887
2017-08-17,TDG,215.21,216.57,211.55,211.7,288905
2017-08-18,TDG,210.72,212.56,210.22,210.49,241138
2017-08-21,TDG,210.45,210.85,208.51,209.19,242328
2017-08-22,TDG,209.9,212.25,208.84,212.2,335006
2017-08-23,TDG,211.4,212.09,209.37,209.49,246757
2017-08-24,TDG,211.95,213.87,208.73,209.19,431052
2017-08-25,TDG,210.23,211.03,208.48,208.59,342200
2017-08-28,TDG,208.95,210.27,208.82,208.92,325204
2017-08-29,TDG,207.61,212.48,206.06,211.75,390228
2017-08-30,TDG,211.8,213.51,210.37,213.11,282322
2017-08-31,TDG,213.64,220.18,213.48,218.28,555893
2017-09-01,TDG,218.77,219.78,215.04,215.09,395693
2017-09-05,TDG,214.74,214.81,212.31,212.78,424264
2017-09-06,TDG,213.11,213.11,208.99,209.71,409442
2017-09-07,TDG,210.95,212.62,209.12,212.49,382766
2017-09-08,TDG,212.05,213.21,211.25,212.72,469900
2017-09-11,TDG,213.96,216.64,213.21,213.54,332450
2017-09-12,TDG,213.83,214.67,211.29,212.85,293506
2017-09-13,TDG,212.7,213.65,210.64,211.36,245139
2017-09-14,TDG,211.03,214.24,211.03,213.3,709426
2017-09-15,TDG,213.54,214.55,211.62,214.5,633932
2017-09-18,TDG,215.12,221.95,215.09,221.61,1159855
2017-09-19,TDG,221.02,223.93,216.68,222.08,1227056
2017-09-20,TDG,215.63,220.09,213.65,217.1,1754831
2017-09-21,TDG,216.44,222.08,214.8,221.3,807504
2017-09-22,TDG,221.06,221.63,217.43,218.06,275079
2017-09-25,TDG,217.96,218.05,213.71,216.23,336549
2017-09-26,TDG,216.41,217.34,214.19,214.83,323764
2017-09-27,TDG,214.78,215.71,212.81,213.09,335856
2017-09-28,TDG,212.23,213.82,211.69,212.32,312348
2017-09-29,TDG,212.06,214.27,211.32,214.08,317596
2017-10-02,TDG,214.91,216.23,213.49,216.2,368386
2017-10-03,TDG,216.16,219.69,214.42,219.68,352810
2017-10-04,TDG,219.01,220.72,218.85,220.14,462481
2017-10-05,TDG,220.36,225.55,219.98,224.63,841103
2017-10-06,TDG,224.21,225.08,220.78,221.89,451151
2017-10-09,TDG,221.89,223.23,221.01,223.08,180381
2017-10-10,TDG,223.68,223.68,222.07,223.19,223739
2017-10-11,TDG,223.41,223.61,219.81,221.54,388899
2017-10-12,TDG,221.38,223.14,221.29,222.88,296853
2017-10-13,TDG,223.01,223.69,222.24,222.32,387006
2017-10-16,TDG,223.08,223.93,219.35,220.76,333281
2017-10-17,TDG,220.59,223.23,219.54,222.75,428747
2017-10-18,TDG,223.07,223.19,221.38,222.5,438065
2017-10-19,TDG,222.03,222.61,219.88,221.49,365075
2017-10-20,TDG,222.56,224.94,220.69,224.93,329392
2017-10-23,TDG,225.25,225.98,223.64,224.07,242036
2017-10-24,TDG,223.44,224.83,222.54,224.27,178665
2017-10-25,TDG,223.94,229.2,223.94,228.29,302001
2017-10-26,TDG,228.99,229.18,226.0,228.61,520709
2017-10-27,TDG,228.45,232.38,226.71,232.38,555857
2017-10-30,TDG,231.11,233.03,230.39,232.13,376549
2017-10-31,TDG,232.46,233.44,231.31,232.38,354900
2017-11-01,TDG,234.17,236.88,233.58,235.27,421241
2017-11-02,TDG,234.34,237.51,234.34,236.61,662451
2017-11-03,TDG,236.06,238.78,234.88,236.58,409090
2017-11-06,TDG,236.34,238.14,235.63,236.98,386658
2017-11-07,TDG,237.47,237.47,234.26,237.26,573441
2017-11-08,TDG,236.29,239.13,235.78,238.63,662033
2017-11-09,TDG,221.1,230.87,218.42,222.4,1227832
2017-11-10,TDG,223.69,226.66,219.82,223.59,760565
2017-11-13,TDG,222.82,222.95,219.07,219.4,714816
2017-11-14,TDG,219.54,224.73,219.21,224.44,371413
2017-11-15,TDG,223.6,223.6,220.03,222.04,419583
2017-11-16,TDG,223.18,227.61,222.96,224.76,467850
2017-11-17,TDG,223.65,224.04,220.0,220.3,296427
2017-11-20,TDG,220.48,224.27,220.38,223.28,342671
2017-11-21,TDG,224.2,224.93,222.5,223.71,584606
2017-11-22,TDG,224.48,225.68,223.29,225.25,342705
2017-11-24,TDG,226.37,231.11,225.24,230.83,296415
2017-11-27,TDG,230.17,231.86,226.37,229.44,485494
2017-11-28,TDG,230.23,232.04,229.18,232.01,318610
2017-11-29,TDG,232.15,234.06,229.98,233.9,335070
2017-11-30,TDG,234.47,238.04,234.12,237.65,417634
2017-12-01,TDG,237.28,238.36,232.07,234.36,402168
2017-12-04,TDG,236.12,236.98,229.36,230.29,499190
2017-12-05,TDG,230.99,230.99,226.62,227.73,374013
2017-12-06,TDG,227.86,230.5,227.86,229.45,245584
2017-12-07,TDG,228.94,231.64,228.11,230.41,476828
2017-12-08,TDG,231.06,232.37,229.48,229.97,282484
2017-12-11,TDG,229.48,231.44,228.76,229.77,340421
2017-12-12,TDG,227.3,227.63,224.76,226.1,489402
2017-12-13,TDG,226.42,229.08,226.12,228.28,548871
2017-12-14,TDG,228.9,233.94,228.9,229.85,520963
2017-12-15,TDG,230.89,233.07,230.04,231.58,467245
2017-12-18,TDG,232.61,234.87,229.6,230.62,339583
2017-12-19,TDG,230.84,232.36,226.63,226.87,326490
2017-12-20,TDG,228.15,228.78,226.63,227.29,239102
2017-12-21,TDG,228.02,229.85,225.13,228.49,445930
2017-12-22,TDG,228.88,228.88,226.37,226.64,188088
2017-12-26,TDG,226.79,229.49,226.68,228.7,188169
2017-12-27,TDG,229.13,230.22,227.73,229.29,259451
2017-12-28,TDG,229.72,231.21,228.51,230.93,316786
2017-12-29,TDG,231.63,234.05,229.97,229.97,251752
2018-01-02,TDG,230.67,231.12,227.33,230.38,326986
2018-01-03,TDG,227.76,227.76,222.15,226.28,1007167
2018-01-04,TDG,227.56,228.99,224.94,228.48,636949
2018-01-05,TDG,229.62,230.95,228.81,230.21,224730
2018-01-08,TDG,230.0,232.38,229.42,231.14,543697
2018-01-09,TDG,232.31,236.69,231.69,236.49,379267
2018-01-10,TDG,236.25,236.41,234.09,235.5,353375
2018-01-11,TDG,236.54,241.01,235.82,240.76,316088
2018-01-12,TDG,241.77,246.46,241.25,244.94,392970
2018-01-16,TDG,246.27,248.68,245.17,246.07,564596
2018-01-17,TDG,247.85,247.98,245.67,246.56,377979
2018-01-18,TDG,246.61,248.04,244.86,246.28,315513
2018-01-19,TDG,247.87,250.94,244.24,250.52,366018
2018-01-22,TDG,248.98,250.66,246.58,248.58,279878
2018-01-23,TDG,248.71,251.8,248.0,251.53,325253
2018-01-24,TDG,251.25,256.36,250.92,254.49,423559
2018-01-25,TDG,254.78,257.31,253.15,256.96,385795
2018-01-26,TDG,258.36,263.45,256.7,263.05,317291
2018-01-29,TDG,261.84,268.27,261.84,265.69,560837
2018-01-30,TDG,264.3,267.95,263.45,265.77,348122
2018-01-31,TDG,267.95,269.12,265.23,265.38,440326
2018-02-01,TDG,264.58,266.69,262.92,263.95,393462
2018-02-02,TDG,261.95,263.0,256.8,257.32,466927
2018-02-05,TDG,256.57,261.04,245.74,248.59,717578
2018-02-06,TDG,231.96,245.22,224.76,243.4,1146715
2018-02-07,TDG,243.36,251.92,241.69,244.6,560780
2018-02-08,TDG,248.71,248.71,235.95,236.98,873529
2018-02-09,TDG,240.47,240.75,229.68,236.61,973470
2018-02-12,TDG,237.65,242.39,235.8,239.66,477808
2018-02-13,TDG,238.97,240.69,235.69,239.33,381151
2018-02-14,TDG,237.5,243.69,235.98,243.17,418546
2018-02-15,TDG,245.17,249.99,244.32,249.91,653671
2018-02-16,TDG,249.31,251.34,248.44,249.84,473936
2018-02-20,TDG,248.81,252.3,248.31,250.17,301576
2018-02-21,TDG,250.17,253.08,244.99,245.12,407381
2018-02-22,TDG,246.48,249.84,244.23,245.35,248241
2018-02-23,TDG,246.65,249.6,244.92,249.36,317810
2018-02-26,TDG,249.96,251.15,244.68,247.17,359261
2018-02-27,TDG,247.83,248.68,243.9,244.0,312874
2018-02-28,TDG,244.94,246.48,241.37,241.43,503855
2018-03-01,TDG,241.41,241.42,233.63,238.29,708261
2018-03-02,TDG,237.33,239.73,234.69,238.78,667375
2018-03-05,TDG,236.98,239.55,234.68,239.14,369263
2018-03-06,TDG,240.32,240.62,234.99,237.9,1736870
2018-03-07,TDG,236.31,241.4,235.28,240.35,1034727
2018-03-08,TDG,241.51,241.51,237.54,239.5,724328
2018-03-09,TDG,240.89,245.8,240.34,244.52,1014948
2018-03-12,TDG,245.65,245.99,240.88,241.17,525660
2018-03-13,TDG,241.77,245.57,240.96,242.44,834016
2018-03-14,TDG,244.26,248.84,242.37,247.13,617999
2018-03-15,TDG,247.58,248.37,243.73,247.87,494060
2018-03-16,TDG,248.01,250.86,244.88,250.58,583866
2018-03-19,TDG,251.92,254.69,249.75,253.31,622472
2018-03-20,TDG,254.39,259.38,252.77,258.04,453741
2018-03-21,TDG,257.61,261.2,256.91,259.04,451760
2018-03-22,TDG,257.35,260.42,253.25,253.51,597600
2018-03-23,TDG,253.39,258.68,252.71,253.56,568903
2018-03-26,TDG,256.42,259.38,254.0,259.08,247395
2018-03-27,TDG,260.33,262.88,254.01,255.52,450194
2018-03-28,TDG,255.93,256.42,249.67,251.88,498250
2018-03-29,TDG,254.22,257.84,253.92,257.03,607950
2018-04-02,TDG,255.75,257.5,249.85,252.12,381410
2018-04-03,TDG,253.69,256.02,251.19,255.8,343222
2018-04-04,TDG,251.91,258.4,250.03,258.01,498377
2018-04-05,TDG,258.75,262.07,257.45,260.38,518345
2018-04-06,TDG,259.21,260.91,255.55,256.55,463178
2018-04-09,TDG,258.1,259.37,253.72,253.9,414341
2018-04-10,TDG,258.02,258.38,254.78,256.45,356017
2018-04-11,TDG,255.49,259.88,254.93,256.86,218516
2018-04-12,TDG,257.42,260.34,257.12,258.08,386441
2018-04-13,TDG,259.28,261.02,256.69,258.94,378446
2018-04-16,TDG,262.13,269.08,261.8,268.18,548185
2018-04-17,TDG,269.05,272.2,267.39,271.01,402339
2018-04-18,TDG,272.26,275.33,271.04,273.3,231392
2018-04-19,TDG,273.83,276.47,273.05,275.55,354767
2018-04-20,TDG,276.58,277.34,273.76,274.42,298553
2018-04-23,TDG,274.2,276.77,273.83,274.78,357116
2018-04-24,TDG,276.26,279.37,268.87,273.48,471121
2018-04-25,TDG,273.09,273.54,265.89,271.64,478075
2018-04-26,TDG,272.3,275.09,270.05,272.1,334614
2018-04-27,TDG,271.37,273.41,266.85,268.24,363822
2018-04-30,TDG,269.77,273.2,268.02,268.45,710128
2018-05-01,TDG,269.48,273.86,260.52,263.24,733361
2018-05-02,TDG,263.37,269.64,262.71,267.11,417414
2018-05-03,TDG,266.08,269.68,263.68,268.14,282876
2018-05-04,TDG,267.01,271.74,266.97,270.46,316456
2018-05-07,TDG,270.42,276.76,270.42,275.6,476171
2018-05-08,TDG,275.6,278.88,275.6,277.92,465109
2018-05-09,TDG,279.4,280.76,278.49,280.09,304742
2018-05-10,TDG,281.56,283.79,280.19,281.12,405475
2018-05-11,TDG,280.92,282.19,278.52,279.56,196518
2018-05-14,TDG,279.69,280.4,277.0,278.58,328845
2018-05-15,TDG,275.09,275.16,271.31,272.48,448002
2018-05-16,TDG,271.79,272.41,270.44,270.92,301948
2018-05-17,TDG,270.92,272.49,269.43,271.59,213134
2018-05-18,TDG,271.1,276.82,271.1,276.43,249807
2018-05-21,TDG,277.93,280.57,277.21,278.6,233111
2018-05-22,TDG,278.67,280.06,273.39,274.47,254325
2018-05-23,TDG,273.29,279.76,272.66,279.46,259483
2018-05-24,TDG,279.21,282.28,278.62,281.16,251278
2018-05-25,TDG,280.62,281.69,278.59,279.78,172135
2018-05-29,TDG,278.12,281.12,277.29,279.0,441176
2018-05-30,TDG,279.4,282.2,277.31,281.22,293510
2018-05-31,TDG,281.51,283.87,279.35,279.78,590795
2018-06-01,TDG,281.69,284.55,281.04,283.4,242026
2018-06-04,TDG,283.88,284.69,280.95,282.98,164367
2018-06-05,TDG,282.76,283.18,279.68,281.62,327658
2018-06-06,TDG,281.76,284.62,281.39,284.54,255441
2018-06-07,TDG,284.51,287.98,283.54,284.81,317038
2018-06-08,TDG,285.02,290.17,283.53,289.74,253742
2018-06-11,TDG,289.32,289.97,285.05,286.39,259907
2018-06-12,TDG,287.22,287.43,283.88,287.24,168643
2018-06-13,TDG,287.44,288.64,284.62,284.96,211855
2018-06-14,TDG,286.12,288.29,284.11,288.21,295104
2018-06-15,TDG,286.88,287.61,284.17,284.64,766186
2018-06-18,TDG,284.69,285.39,283.05,284.85,305589
2018-06-19,TDG,284.01,286.46,281.45,282.36,323448
2018-06-20,TDG,282.29,286.49,282.22,285.5,249039
2018-06-21,TDG,284.72,286.21,281.73,285.35,350882
2018-06-22,TDG,286.81,287.8,285.59,286.59,515415
2018-06-25,TDG,285.13,286.47,281.99,282.98,916337
2018-06-26,TDG,283.25,285.53,280.74,284.0,254398
2018-06-27,TDG,284.48,290.09,283.27,283.34,380638
2018-06-28,TDG,283.35,283.39,277.82,282.05,441995
2018-06-29,TDG,282.85,291.13,280.44,289.02,409140
2018-07-02,TDG,287.41,288.08,283.07,286.9,310771
2018-07-03,TDG,288.4,290.81,287.7,288.43,159674
2018-07-05,TDG,290.86,291.42,287.89,291.0,333032
2018-07-06,TDG,291.03,293.09,289.72,291.42,144010
2018-07-09,TDG,292.95,297.28,292.25,295.56,432196
2018-07-10,TDG,295.1,296.0,294.29,295.07,135576
2018-07-11,TDG,295.33,295.73,293.01,294.27,226291
2018-07-12,TDG,296.1,300.55,295.29,298.31,552832
2018-07-13,TDG,298.95,303.19,298.95,302.21,249184
2018-07-16,TDG,302.25,307.57,300.84,302.33,230206
2018-07-17,TDG,302.32,305.25,301.46,303.88,239311
2018-07-18,TDG,303.88,304.83,301.25,301.53,322246
2018-07-19,TDG,302.33,304.18,300.76,303.9,293867
2018-07-20,TDG,339.352308,345.34485,336.820248,342.193842,139920
2018-07-23,TDG,305.61,305.61,299.83,299.89,231082
2018-07-24,TDG,301.78,305.25,299.91,304.53,342355
2018-07-25,TDG,304.16,312.16,302.76,311.57,232923
2018-07-26,TDG,311.57,314.48,309.91,312.29,246939
2018-07-27,TDG,313.25,313.83,307.85,309.84,243921
2018-07-30,TDG,308.62,310.44,305.95,306.45,442280
2018-07-31,TDG,308.44,316.26,308.44,314.48,500153
2018-08-01,TDG,313.46,315.19,307.89,308.73,270657
2018-08-02,TDG,307.49,309.67,305.97,307.89,445256
2018-08-03,TDG,308.47,310.71,306.76,309.69,388561
2018-08-06,TDG,309.67,312.73,307.95,309.0,600677
2018-08-07,TDG,296.57,301.33,291.71,298.7,1020955
2018-08-08,TDG,299.14,301.46,297.66,299.37,345223
2018-08-09,TDG,299.19,303.93,298.81,300.94,537355
2018-08-10,TDG,300.01,301.08,298.17,298.97,288925
2018-08-13,TDG,299.33,302.43,296.63,298.14,250912
2018-08-14,TDG,299.1,300.01,295.93,298.57,292445
2018-08-15,TDG,297.75,297.76,290.75,294.29,362439
2018-08-16,TDG,296.75,299.18,295.12,296.57,202564
2018-08-17,TDG,296.82,297.51,295.17,296.1,154371
2018-08-20,TDG,296.93,301.07,296.58,298.56,304443
2018-08-21,TDG,298.46,302.84,298.46,301.39,325812
2018-08-22,TDG,300.99,302.9,298.77,298.96,243494
2018-08-23,TDG,298.59,300.24,296.77,297.07,188561
2018-08-24,TDG,297.98,298.22,296.06,297.24,171405
2018-08-27,TDG,298.79,301.74,297.7,300.75,452404
2018-08-28,TDG,301.36,302.08,298.31,300.65,334478
2018-08-29,TDG,301.43,301.9,299.25,299.4,213519
2018-08-30,TDG,299.37,299.91,291.93,292.64,365086
2018-08-31,TDG,291.56,293.36,290.51,293.09,571491
2018-09-04,TDG,292.52,294.69,290.55,294.36,520726
2018-09-05,TDG,294.15,294.97,291.35,294.52,309939
2018-09-06,TDG,295.21,298.1,295.21,296.23,228009
2018-09-07,TDG,295.84,297.53,293.18,294.38,333855
2018-09-10,TDG,295.18,298.87,295.18,297.75,233997
2018-09-11,TDG,296.57,299.13,296.57,298.92,355800
2018-09-12,TDG,298.39,300.67,296.58,297.71,195193
2018-09-13,TDG,298.78,301.11,298.72,300.09,234906
2018-09-14,TDG,300.52,310.88,300.44,309.83,629249
2018-09-17,TDG,309.85,311.02,305.99,308.15,515818
2018-09-18,TDG,308.43,312.9,308.14,312.2,310212
2018-09-19,TDG,313.05,313.59,308.41,309.16,189730
2018-09-20,TDG,310.78,310.78,306.01,308.66,223380
2018-09-21,TDG,309.63,310.23,307.79,308.47,422182
2018-09-24,TDG,309.15,309.29,304.97,306.25,151061
2018-09-25,TDG,306.01,309.92,305.58,308.87,136414
2018-09-26,TDG,309.59,311.95,308.56,309.73,413111
2018-09-27,TDG,310.76,314.36,310.76,312.06,277547
2018-09-28,TDG,312.63,314.26,311.12,311.76,564822
2018-10-01,TDG,314.1,314.32,308.01,309.98,287119
2018-10-02,TDG,310.15,311.45,308.6,309.78,152160
2018-10-03,TDG,310.62,313.45,309.25,311.55,239963
2018-10-04,TDG,310.6,310.6,305.27,307.53,175282
2018-10-05,TDG,307.23,307.72,301.44,301.75,286349
2018-10-08,TDG,300.3,302.23,295.2,297.99,273999
2018-10-09,TDG,297.96,297.96,292.26,294.1,326769
2018-10-10,TDG,277.18,291.29,277.18,284.77,1186603
2018-10-11,TDG,283.2,283.2,265.5,268.91,1205107
2018-10-12,TDG,272.16,275.43,268.19,270.81,903538
2018-10-15,TDG,272.16,275.5,272.16,274.24,582373
2018-10-16,TDG,275.97,289.06,273.17,288.65,850307
2018-10-17,TDG,289.27,291.62,286.39,291.23,605987
2018-10-18,TDG,288.83,289.71,281.53,282.34,494186
2018-10-19,TDG,282.61,285.0,279.84,282.36,462255
2018-10-22,TDG,282.61,284.41,279.42,280.34,598814
2018-10-23,TDG,275.44,280.88,273.22,278.74,433301
2018-10-24,TDG,279.98,282.07,269.81,270.26,509563
2018-10-25,TDG,272.71,277.5,267.98,274.58,575193
2018-10-26,TDG,270.8,273.0,264.16,264.53,782333
2018-10-29,TDG,268.68,270.38,257.38,261.34,589039
2018-10-30,TDG,262.06,266.49,261.24,265.8,583282
2018-10-31,TDG,269.64,280.34,269.64,276.55,385358
2018-11-01,TDG,278.34,289.94,277.66,289.4,545787
2018-11-02,TDG,290.87,296.31,285.96,288.2,534527
2018-11-05,TDG,289.07,290.94,286.97,290.72,629830
2018-11-06,TDG,291.4,307.07,288.08,297.4,889147
2018-11-07,TDG,299.66,302.41,295.58,301.89,468438
2018-11-08,TDG,301.89,305.65,295.9,299.48,315357
2018-11-09,TDG,298.16,300.17,295.82,299.34,263201
2018-11-12,TDG,298.93,298.93,286.35,287.34,621127
2018-11-13,TDG,287.14,291.47,285.48,289.44,560538
2018-11-14,TDG,291.53,293.63,284.3,284.68,408230
2018-11-15,TDG,282.88,288.59,280.09,288.43,405999
2018-11-16,TDG,286.58,293.34,286.01,291.22,327732
2018-11-19,TDG,290.29,292.42,281.99,282.93,299508
2018-11-20,TDG,277.56,277.56,265.82,275.89,1019384
2018-11-21,TDG,278.22,285.44,276.48,283.62,400900
2018-11-23,TDG,281.58,289.52,281.17,285.65,155327
2018-11-26,TDG,288.54,293.68,287.81,293.37,393205
2018-11-27,TDG,290.98,292.39,287.43,291.82,343396
2018-11-28,TDG,293.93,302.83,293.93,301.95,350521
2018-11-29,TDG,301.58,310.37,300.43,307.64,370872
2018-11-30,TDG,308.0,308.56,299.63,302.86,492113
2018-12-03,TDG,309.13,313.48,308.49,311.84,507878
2018-12-04,TDG,310.74,311.35,295.56,296.28,582382
2018-12-06,TDG,290.72,295.0,286.42,291.29,665690
2018-12-07,TDG,291.53,296.51,283.81,287.55,366247
2018-12-10,TDG,286.01,292.39,282.17,289.56,426811
2018-12-11,TDG,295.28,299.48,288.75,289.51,317088
2018-12-12,TDG,293.92,299.74,293.92,296.07,206076
2018-12-13,TDG,296.38,297.53,291.36,291.48,203877
2018-12-14,TDG,288.74,293.26,288.27,290.41,277885
2018-12-17,TDG,289.19,294.67,281.99,284.59,392128
2018-12-18,TDG,287.09,290.71,283.54,287.1,350086
2018-12-19,TDG,287.84,291.63,276.34,279.15,402924
2018-12-20,TDG,277.67,281.01,269.51,271.59,583810
2018-12-21,TDG,271.0,276.76,268.17,270.25,551430
2018-12-24,TDG,266.89,270.2,260.82,263.37,316856
2018-12-26,TDG,264.62,278.82,263.09,278.43,521064
2018-12-27,TDG,273.95,277.9,265.02,277.9,429915
2018-12-28,TDG,279.45,285.28,276.71,280.76,251251
2018-12-31,TDG,283.66,287.55,282.35,284.77,355384
2019-01-02,TDG,280.96,285.39,276.66,284.42,313253
2019-01-03,TDG,282.94,282.94,272.04,272.62,404148
2019-01-04,TDG,276.96,285.53,275.8,285.53,285557
2019-01-07,TDG,285.46,288.28,283.58,286.0,329294
2019-01-08,TDG,289.2,291.78,286.59,289.62,360474
2019-01-09,TDG,290.42,292.64,289.25,290.16,307719
2019-01-10,TDG,288.41,293.93,285.55,293.0,369589
2019-01-11,TDG,291.0,292.8,288.82,292.67,219250
2019-01-14,TDG,289.56,293.85,287.63,291.47,325857
2019-01-15,TDG,291.56,292.99,289.2,292.16,265643
2019-01-16,TDG,292.61,292.71,290.31,291.98,288766
2019-01-17,TDG,290.58,295.63,290.45,292.29,381233
2019-01-18,TDG,294.53,298.08,293.16,298.02,383007
2019-01-22,TDG,295.44,296.62,286.21,287.72,314826
2019-01-23,TDG,290.59,294.71,286.18,290.93,230302
2019-01-24,TDG,290.08,294.32,289.92,292.05,135289
2019-01-25,TDG,295.09,297.65,293.42,294.65,235240
2019-01-28,TDG,290.97,294.33,288.57,293.73,255953
2019-01-29,TDG,298.89,318.09,298.89,314.63,706798
2019-01-30,TDG,317.09,324.87,314.86,322.45,746481
2019-01-31,TDG,321.85,329.57,321.48,327.42,480625
2019-02-01,TDG,327.84,331.15,323.27,329.29,322865
2019-02-04,TDG,329.74,337.51,328.39,337.16,576613
2019-02-05,TDG,359.04,359.04,347.19,350.09,805082
2019-02-06,TDG,351.19,351.62,346.0,351.62,503873
2019-02-07,TDG,350.41,352.75,347.89,352.53,481588
2019-02-08,TDG,349.92,356.22,349.92,356.22,367255
2019-02-11,TDG,357.23,359.24,355.86,359.02,312606
2019-02-12,TDG,361.76,362.56,359.6,361.07,301808
2019-02-13,TDG,362.29,362.99,355.9,361.83,279572
2019-02-14,TDG,357.74,362.26,357.74,359.89,601931
2019-02-15,TDG,363.28,368.61,362.87,368.53,302669
2019-02-19,TDG,367.06,368.08,364.57,365.56,309583
2019-02-20,TDG,364.91,368.67,364.54,365.27,358992
2019-02-21,TDG,365.09,366.43,362.14,363.0,368256
2019-02-22,TDG,365.72,365.95,363.44,365.85,214964
2019-02-25,TDG,368.46,368.46,363.6,365.06,331390
2019-02-26,TDG,363.61,364.46,359.5,361.63,715610
2019-02-27,TDG,360.9,362.28,359.4,359.65,400219
2019-02-28,TDG,360.02,367.27,358.42,363.51,417450
2019-03-01,TDG,365.89,368.46,363.72,366.2,235433
2019-03-04,TDG,368.56,373.07,359.77,364.25,376290
2019-03-05,TDG,363.42,367.04,355.37,359.24,768172
2019-03-06,TDG,358.4,360.38,356.08,357.56,291121
2019-03-07,TDG,356.94,359.71,353.37,358.2,354308
2019-03-08,TDG,354.71,358.81,353.43,358.13,312106
2019-03-11,TDG,354.86,363.0,354.22,362.48,657479
2019-03-12,TDG,362.65,366.83,361.46,365.78,446422
2019-03-13,TDG,366.78,371.43,366.27,368.41,501521
2019-03-14,TDG,367.89,373.42,367.89,370.62,411008
2019-03-15,TDG,370.76,371.55,366.97,368.35,945683
2019-03-18,TDG,369.22,376.7,368.87,376.05,376434
2019-03-19,TDG,378.59,381.62,374.31,375.83,438815
2019-03-20,TDG,376.16,377.09,372.0,373.16,358084
2019-03-21,TDG,371.86,380.64,371.18,379.95,241773
2019-03-22,TDG,378.88,380.39,372.07,372.4,286249
2019-03-25,TDG,372.22,374.87,367.89,374.33,267614
2019-03-26,TDG,377.18,377.81,368.41,373.13,424177
2019-03-27,TDG,374.25,376.18,368.6,373.13,225721
2019-03-28,TDG,374.0,376.85,368.03,376.12,247343
2019-03-29,TDG,378.47,380.47,377.02,380.17,309040
2019-04-01,TDG,383.15,389.27,383.15,388.88,278827
2019-04-02,TDG,389.05,390.42,385.69,386.3,226078
2019-04-03,TDG,388.91,390.18,384.23,389.78,270228
2019-04-04,TDG,390.62,392.75,387.4,387.98,219257
2019-04-05,TDG,388.73,391.35,386.14,387.53,233018
2019-04-08,TDG,384.37,387.25,382.16,387.15,286751
2019-04-09,TDG,383.96,385.39,379.48,380.49,300521
2019-04-10,TDG,380.41,384.45,379.38,382.66,300509
2019-04-11,TDG,382.77,387.83,382.77,386.48,563449
2019-04-12,TDG,389.36,390.81,385.66,388.03,255333
2019-04-15,TDG,389.33,389.33,382.88,383.66,213147
2019-04-16,TDG,384.48,387.16,382.96,383.64,157693
2019-04-17,TDG,385.08,385.31,380.43,382.06,269960
2019-04-18,TDG,382.78,393.59,382.69,392.98,285512
2019-04-22,TDG,390.99,393.08,388.77,391.34,338573
2019-04-23,TDG,393.58,402.14,393.58,401.7,251848
2019-04-24,TDG,403.28,405.6,398.18,399.79,334287
2019-04-25,TDG,397.72,400.36,394.82,399.28,173722
2019-04-26,TDG,401.37,404.46,399.44,404.41,226463
2019-04-29,TDG,403.69,406.1,403.13,404.1,252906
2019-04-30,TDG,404.29,407.84,403.14,404.06,317630
2019-05-01,TDG,407.79,410.28,399.28,399.93,146929
2019-05-02,TDG,399.36,401.17,396.63,400.77,248407
2019-05-03,TDG,402.5,402.77,396.69,400.57,183348
2019-05-06,TDG,392.69,398.04,390.68,398.01,287559
2019-05-07,TDG,394.22,406.33,388.55,392.78,546339
2019-05-08,TDG,395.51,406.89,393.75,403.24,396190
2019-05-09,TDG,397.09,397.49,387.9,396.13,450080
2019-05-10,TDG,393.6,397.98,386.95,396.81,319110
2019-05-13,TDG,388.56,389.88,383.14,388.7,397886
2019-05-14,TDG,390.46,397.39,389.64,391.44,295116
2019-05-15,TDG,387.91,389.64,372.92,379.03,693902
2019-05-16,TDG,379.12,392.73,379.12,389.51,361845
2019-05-17,TDG,385.04,388.34,380.84,383.32,415892
2019-05-20,TDG,381.2,381.88,374.49,375.72,336384
2019-05-21,TDG,378.21,384.25,376.67,383.95,382533
2019-05-22,TDG,383.27,385.39,382.1,384.86,228943
2019-05-23,TDG,380.92,381.94,372.23,374.85,196332
2019-05-24,TDG,377.05,378.5,373.27,373.4,159483
2019-05-28,TDG,373.6,378.41,372.39,375.58,451492
2019-05-29,TDG,373.06,376.49,370.22,373.87,213231
2019-05-30,TDG,374.38,379.53,373.38,377.37,221737
2019-05-31,TDG,373.47,375.25,368.97,369.25,232936
2019-06-03,TDG,368.67,372.24,366.76,369.45,365317
2019-06-04,TDG,372.31,380.88,369.7,380.87,299155
2019-06-05,TDG,384.58,391.75,383.72,391.58,420394
2019-06-06,TDG,391.23,396.21,387.54,392.35,403046
2019-06-07,TDG,394.87,397.68,390.97,392.64,393306
2019-06-10,TDG,396.99,400.91,395.72,397.49,296656
2019-06-11,TDG,398.8,401.0,384.38,391.19,323029
2019-06-12,TDG,389.21,393.66,388.64,392.83,248621
2019-06-13,TDG,395.28,397.31,393.35,396.14,192754
2019-06-14,TDG,395.49,397.14,394.78,395.97,182124
2019-06-17,TDG,396.24,396.7,392.28,394.87,183489
2019-06-18,TDG,397.75,405.08,396.63,402.67,246315
2019-06-19,TDG,402.29,409.11,402.29,408.09,171646
2019-06-20,TDG,413.97,417.13,412.8,415.94,414056
2019-06-21,TDG,417.18,417.53,411.77,416.57,476915
2019-06-24,TDG,417.03,419.68,411.04,411.16,340414
2019-06-25,TDG,411.26,412.67,402.92,405.64,298029
2019-06-26,TDG,405.13,406.39,398.45,400.7,246343
2019-06-27,TDG,401.95,404.91,397.08,398.67,178702
2019-06-28,TDG,398.69,406.11,397.47,405.13,556336
2019-07-01,TDG,410.23,411.16,397.34,405.7,342626
2019-07-02,TDG,405.7,410.78,403.74,409.09,240487
2019-07-03,TDG,408.74,416.78,407.61,416.02,155156
2019-07-05,TDG,413.45,416.56,412.0,416.25,141133
2019-07-08,TDG,414.81,415.35,410.22,411.43,161445
2019-07-09,TDG,405.26,408.94,400.31,405.1,311561
2019-07-10,TDG,410.0,412.45,408.99,410.13,392655
2019-07-11,TDG,409.33,413.06,409.33,412.19,211837
2019-07-12,TDG,414.51,417.15,411.72,417.08,203402
2019-07-15,TDG,417.74,418.65,415.06,417.34,243713
2019-07-16,TDG,417.75,420.93,416.42,416.88,214102
2019-07-17,TDG,415.28,415.51,409.32,409.32,205431
2019-07-18,TDG,407.06,409.1,405.85,408.74,194902
2019-07-19,TDG,411.88,411.88,403.3,404.96,303433
2019-07-22,TDG,404.31,406.52,400.47,405.5,209384
2019-07-23,TDG,408.47,415.07,405.98,413.22,293912
2019-07-24,TDG,411.52,416.51,410.16,414.23,181276
2019-07-25,TDG,417.48,419.08,412.91,417.41,150482
2019-07-26,TDG,417.72,418.94,415.23,415.35,161082
2019-07-29,TDG,415.35,415.56,409.57,411.46,291443
2019-07-30,TDG,409.77,414.17,404.15,407.41,243254
2019-07-31,TDG,407.72,411.64,404.13,406.51,219683
2019-08-01,TDG,406.3,412.56,401.05,401.39,196121
2019-08-02,TDG,401.13,401.63,392.4,394.37,248897
2019-08-05,TDG,387.1,388.03,381.35,386.32,478337
2019-08-06,TDG,423.81,464.98,421.17,439.12,962577
2019-08-07,TDG,441.2,452.46,439.63,449.96,484792
2019-08-08,TDG,450.68,463.68,450.68,461.27,404970
2019-08-09,TDG,458.64,461.23,455.48,456.16,327700
2019-08-12,TDG,453.23,455.51,449.32,453.75,303979
2019-08-13,TDG,453.23,459.57,449.32,459.07,320183
2019-08-14,TDG,455.94,462.16,448.63,451.4,386535
2019-08-15,TDG,453.23,458.99,450.19,457.78,243877
2019-08-16,TDG,463.21,470.83,460.15,470.09,332428
2019-08-19,TDG,475.61,478.93,473.86,476.73,355524
2019-08-20,TDG,474.93,476.88,470.17,474.08,540206
2019-08-21,TDG,478.87,478.87,471.18,472.59,317696
2019-08-22,TDG,475.52,476.2,468.81,470.23,361930
2019-08-23,TDG,473.13,479.28,460.2,462.49,432921
2019-08-26,TDG,466.3,467.34,457.94,462.69,334388
2019-08-27,TDG,456.6,456.6,443.45,454.49,801097
2019-08-28,TDG,454.56,463.05,448.97,462.2,398301
2019-08-29,TDG,465.57,469.12,463.32,468.93,391065
2019-08-30,TDG,469.77,478.4,464.83,477.38,441339
2019-09-03,TDG,477.99,478.76,471.78,474.24,441878
2019-09-04,TDG,478.67,479.29,475.54,475.84,301510
2019-09-05,TDG,478.87,480.74,471.46,472.64,289703
2019-09-06,TDG,472.6,476.5,470.9,473.47,344145
2019-09-09,TDG,473.75,478.33,453.1,455.44,457270
2019-09-10,TDG,453.58,454.06,437.2,447.76,480690
2019-09-11,TDG,446.45,451.63,442.69,444.38,433634
2019-09-12,TDG,446.69,457.35,446.69,456.49,474683
2019-09-13,TDG,457.62,464.31,454.95,460.98,266127
2019-09-16,TDG,459.21,465.99,457.79,464.28,319440
2019-09-17,TDG,464.01,467.2,461.35,466.09,341648
2019-09-18,TDG,466.28,471.32,464.62,470.34,332789
2019-09-19,TDG,469.92,473.44,467.61,471.14,248224
2019-09-20,TDG,472.61,473.31,463.71,467.57,436294
2019-09-23,TDG,465.44,474.08,465.13,469.51,295250
2019-09-24,TDG,476.25,476.25,464.76,466.79,368420
2019-09-25,TDG,465.45,468.96,462.78,468.28,245780
2019-09-26,TDG,469.56,473.5,468.55,470.59,166963
2019-09-27,TDG,474.27,476.34,457.07,459.53,324521
2019-09-30,TDG,460.23,464.17,458.24,461.73,221192
2019-10-01,TDG,462.57,463.79,448.75,449.14,256495
2019-10-02,TDG,445.03,447.14,441.15,443.19,343550
2019-10-03,TDG,442.84,449.88,441.03,449.81,198193
2019-10-04,TDG,451.63,455.82,448.72,455.47,213228
2019-10-07,TDG,452.54,462.66,452.32,456.19,201006
2019-10-08,TDG,452.72,456.29,444.49,451.08,200072
2019-10-09,TDG,453.7,455.35,448.72,451.51,216321
2019-10-10,TDG,450.02,456.06,448.81,453.15,176372
2019-10-11,TDG,459.95,467.81,456.7,465.37,331648
2019-10-14,TDG,465.02,466.14,459.53,459.98,224381
2019-10-15,TDG,462.01,465.69,460.26,463.8,210159
2019-10-16,TDG,462.65,463.54,458.82,460.11,199656
2019-10-17,TDG,460.11,468.59,460.11,466.94,223208
2019-10-18,TDG,468.12,468.12,460.7,466.96,339306
2019-10-21,TDG,466.1,469.17,462.13,462.85,314847
2019-10-22,TDG,462.02,465.44,450.79,453.09,350958
2019-10-23,TDG,450.68,457.83,450.68,456.59,174521
2019-10-24,TDG,457.09,469.02,455.19,468.04,221411
2019-10-25,TDG,467.58,469.98,463.5,464.2,191222
2019-10-28,TDG,464.03,470.88,464.03,467.8,198863
2019-10-29,TDG,471.78,478.59,465.92,466.43,286640
2019-10-30,TDG,466.51,472.31,462.45,471.74,165629
2019-10-31,TDG,471.95,472.35,465.16,466.71,204629
2019-11-01,TDG,470.92,478.38,469.05,477.35,239268
2019-11-04,TDG,478.43,479.79,469.38,472.7,186094
2019-11-05,TDG,471.22,475.01,468.05,474.85,187443
2019-11-06,TDG,474.93,475.84,470.52,475.7,226786
2019-11-07,TDG,478.22,481.74,476.79,477.36,265595
2019-11-08,TDG,477.86,483.21,477.62,479.83,195839
2019-11-11,TDG,478.95,482.69,477.36,481.63,211997
2019-11-12,TDG,481.83,483.77,479.87,482.86,180575
2019-11-13,TDG,482.68,490.44,482.01,487.03,209981
2019-11-14,TDG,485.75,497.15,485.03,496.4,205387
2019-11-15,TDG,497.79,500.23,493.92,496.41,346702
2019-11-18,TDG,498.38,504.44,496.61,503.42,279227
2019-11-19,TDG,486.67,508.16,482.71,503.84,460062
2019-11-20,TDG,503.52,515.29,503.52,509.91,363551
2019-11-21,TDG,509.62,513.7,502.59,508.26,268790
2019-11-22,TDG,494.83,502.11,489.97,498.74,653845
2019-11-25,TDG,498.56,507.11,497.29,506.37,323962
2019-11-26,TDG,507.13,510.16,505.25,508.53,493630
2019-11-27,TDG,506.39,508.09,498.75,503.11,244975
2019-11-29,TDG,501.51,506.27,499.44,502.9,118627
2019-12-02,TDG,503.25,505.09,493.5,493.58,339374
2019-12-03,TDG,489.02,494.21,487.75,492.63,382003
2019-12-04,TDG,495.1,507.43,495.1,499.27,359300
2019-12-05,TDG,499.85,502.05,496.16,501.09,344854
2019-12-06,TDG,504.85,507.44,503.19,505.57,251672
2019-12-09,TDG,504.55,507.19,498.04,500.16,302905
2019-12-10,TDG,500.66,506.65,500.66,504.81,257749
2019-12-11,TDG,506.01,506.03,501.89,505.52,217832
2019-12-12,TDG,504.79,507.2,500.17,503.33,174303
2019-12-13,TDG,505.11,511.66,503.32,510.63,243043
2019-12-16,TDG,514.34,514.34,503.27,510.21,311047
2019-12-17,TDG,508.3,509.9,502.92,505.76,289573
2019-12-18,TDG,505.87,505.87,494.18,503.21,343684
2019-12-19,TDG,504.38,510.88,502.2,509.87,315155
2019-12-20,TDG,523.35,527.6,517.1,524.36,717410
2019-12-23,TDG,525.15,529.41,523.83,525.9,375771
2019-12-24,TDG,528.76,529.71,525.22,525.54,99076
2019-12-26,TDG,526.41,530.25,525.48,530.11,258785
2019-12-27,TDG,532.67,534.57,525.79,528.9,221275
2019-12-30,TDG,529.28,531.14,523.11,527.05,196703
2019-12-31,TDG,526.55,529.4,523.61,525.17,202781
2020-01-02,TDG,525.92,532.15,524.32,532.15,290266
2020-01-03,TDG,526.42,542.43,526.42,541.9,278017
2020-01-06,TDG,541.1,549.02,538.96,548.43,377779
2020-01-07,TDG,547.08,552.68,544.63,550.49,255468
2020-01-08,TDG,554.16,554.16,547.41,549.2,409094
2020-01-09,TDG,553.71,558.79,549.56,558.38,316563
2020-01-10,TDG,558.68,563.56,556.15,558.43,256573
2020-01-13,TDG,559.32,568.4,558.49,566.97,199453
2020-01-14,TDG,565.39,573.06,564.82,571.12,534192
2020-01-15,TDG,586.58,586.58,575.96,581.12,439924
2020-01-16,TDG,584.11,595.1,581.05,593.94,356185
2020-01-17,TDG,596.1,599.2,591.78,597.06,379831
2020-01-21,TDG,594.25,604.72,594.2,603.76,382534
2020-01-22,TDG,606.71,609.46,602.21,603.96,422958
2020-01-23,TDG,610.46,621.62,606.77,617.01,462399
2020-01-24,TDG,619.88,625.79,612.85,615.88,393386
2020-01-27,TDG,603.89,611.76,598.87,610.05,321316
2020-01-28,TDG,613.26,619.28,605.83,616.94,267753
2020-01-29,TDG,622.0,623.21,613.19,613.49,276257
2020-01-30,TDG,606.81,614.54,605.69,613.21,242345
2020-01-31,TDG,609.36,612.48,598.84,603.27,360873
2020-02-03,TDG,606.28,617.87,605.98,611.71,396549
2020-02-04,TDG,623.64,631.62,594.29,601.38,632957
2020-02-05,TDG,602.89,606.32,581.98,587.23,550273
2020-02-06,TDG,587.25,595.75,579.59,594.36,392574
2020-02-07,TDG,593.87,598.72,590.07,595.07,325154
2020-02-10,TDG,595.07,603.81,592.74,603.26,445606
2020-02-11,TDG,606.41,615.75,604.09,609.62,402981
2020-02-12,TDG,609.67,611.06,599.24,609.79,286270
2020-02-13,TDG,609.17,618.97,609.17,614.89,235060
2020-02-14,TDG,615.1,616.91,604.82,606.52,507165
2020-02-18,TDG,603.07,608.39,600.1,601.56,230365
2020-02-19,TDG,604.2,609.02,599.77,601.37,258135
2020-02-20,TDG,600.3,604.72,586.79,594.87,443997
2020-02-21,TDG,592.48,595.5,586.13,590.72,309554
2020-02-24,TDG,579.59,581.15,562.04,564.04,613303
2020-02-25,TDG,567.48,569.55,532.94,536.62,615663
2020-02-26,TDG,538.3,549.16,528.68,529.51,456447
2020-02-27,TDG,519.13,531.68,514.03,515.29,670404
2020-02-28,TDG,497.66,523.82,484.29,523.11,911930
2020-03-02,TDG,524.89,535.86,512.38,533.1,527937
2020-03-03,TDG,530.66,550.01,517.2,522.42,423465
2020-03-04,TDG,530.23,542.01,521.63,541.52,472880
2020-03-05,TDG,528.58,529.4,492.39,503.01,946244
2020-03-06,TDG,486.23,489.56,463.95,471.82,1256442
2020-03-09,TDG,432.75,444.13,413.4,423.89,1241850
2020-03-10,TDG,439.37,466.08,437.97,464.81,944037
2020-03-11,TDG,445.43,454.81,423.26,433.42,1193391
2020-03-12,TDG,394.04,401.97,365.76,381.69,1708950
2020-03-13,TDG,409.09,413.94,373.12,388.92,1382037
2020-03-16,TDG,311.27,339.14,308.55,317.39,1911766
2020-03-17,TDG,321.6,321.98,277.54,295.42,1805628
2020-03-18,TDG,259.25,265.74,187.62,230.5,3571063
2020-03-19,TDG,227.04,293.33,226.21,286.75,1745347
2020-03-20,TDG,293.98,316.3,282.35,283.69,2093846
2020-03-23,TDG,282.35,299.65,263.35,282.77,1265506
2020-03-24,TDG,303.47,324.12,292.59,305.42,980457
2020-03-25,TDG,323.46,346.03,310.84,328.31,1099608
2020-03-26,TDG,338.83,383.34,333.92,377.08,1079593
2020-03-27,TDG,364.01,364.68,335.85,340.43,714584
2020-03-30,TDG,340.44,344.64,310.07,321.43,979588
2020-03-31,TDG,318.73,325.46,298.95,300.27,1051974
2020-04-01,TDG,283.76,285.26,252.35,255.59,1325656
2020-04-02,TDG,253.22,275.58,243.83,266.78,1308161
2020-04-03,TDG,265.09,265.09,244.78,253.5,1095282
2020-04-06,TDG,277.32,282.77,266.67,270.96,1327485
2020-04-07,TDG,295.03,298.22,264.64,268.61,1201201
2020-04-08,TDG,278.43,312.36,274.31,307.83,1186722
2020-04-09,TDG,319.24,350.23,314.37,323.11,1224016
2020-04-13,TDG,319.36,320.28,290.76,294.09,554291
2020-04-14,TDG,304.79,317.5,295.81,298.37,1014148
2020-04-15,TDG,288.94,301.48,284.97,297.23,612216
2020-04-16,TDG,296.13,298.13,277.97,282.18,683137
2020-04-17,TDG,310.4,327.2,307.89,316.41,965446
2020-04-20,TDG,314.16,314.63,293.86,296.72,527474
2020-04-21,TDG,285.04,292.05,282.47,288.61,467503
2020-04-22,TDG,296.02,297.86,282.47,285.34,482215
2020-04-23,TDG,290.5,304.17,286.66,294.73,535308
2020-04-24,TDG,293.96,295.09,285.5,285.95,776478
2020-04-27,TDG,288.72,301.88,280.98,297.7,791697
2020-04-28,TDG,308.55,319.07,297.31,315.71,708204
2020-04-29,TDG,330.0,355.43,324.95,348.09,816574
2020-04-30,TDG,339.7,343.7,323.25,340.5,1197768
2020-05-01,TDG,333.41,333.41,314.64,327.71,959926
2020-05-04,TDG,311.36,321.32,300.26,321.13,1085829
2020-05-05,TDG,329.53,337.07,292.78,304.4,1024672
2020-05-06,TDG,308.7,313.23,298.71,299.6,584219
2020-05-07,TDG,303.59,314.1,302.31,304.36,612920
2020-05-08,TDG,311.87,331.36,309.48,330.68,456860
2020-05-11,TDG,325.33,332.92,314.92,327.25,707602
2020-05-12,TDG,326.92,332.3,308.68,309.01,665204
2020-05-13,TDG,306.91,312.06,290.49,300.14,1005255
2020-05-14,TDG,296.22,312.22,284.63,309.89,653680
2020-05-15,TDG,303.94,311.94,298.31,304.79,411286
2020-05-18,TDG,323.88,351.67,323.2,347.47,807257
2020-05-19,TDG,345.89,353.18,336.83,338.73,783872
2020-05-20,TDG,344.94,353.77,338.92,342.61,445665
2020-05-21,TDG,343.81,366.34,343.81,352.0,616127
2020-05-22,TDG,354.64,358.3,345.58,357.11,571972
2020-05-26,TDG,383.92,384.93,368.7,377.99,1024570
2020-05-27,TDG,389.98,409.41,384.69,408.3,1227392
2020-05-28,TDG,415.86,418.39,402.38,404.31,1100983
2020-05-29,TDG,396.87,410.72,395.6,398.4,1136529
2020-06-01,TDG,397.41,414.7,397.41,411.5,596610
2020-06-02,TDG,414.71,417.75,400.5,405.54,1022009
2020-06-03,TDG,414.78,446.27,413.37,440.67,1041823
2020-06-04,TDG,439.09,458.63,438.43,451.77,803567
2020-06-05,TDG,487.66,504.12,455.81,460.25,995248
2020-06-08,TDG,481.09,481.09,459.16,464.15,634877
2020-06-09,TDG,449.33,459.48,438.67,449.39,555444
2020-06-10,TDG,445.45,447.44,426.09,432.4,904049
2020-06-11,TDG,408.98,418.55,387.43,394.4,929073
2020-06-12,TDG,420.2,426.85,395.98,419.56,456153
2020-06-15,TDG,397.5,433.67,395.99,431.14,430431
2020-06-16,TDG,449.59,452.12,422.74,436.26,595904
2020-06-17,TDG,438.73,439.1,427.89,431.1,269368
2020-06-18,TDG,425.24,438.58,421.36,436.78,328064
2020-06-19,TDG,447.06,447.87,431.58,434.2,958711
2020-06-22,TDG,427.97,439.68,424.24,435.82,357192
2020-06-23,TDG,435.14,438.02,425.01,429.71,760073
2020-06-24,TDG,424.5,425.3,404.17,406.91,762760
2020-06-25,TDG,401.39,412.4,397.89,408.88,574481
2020-06-26,TDG,408.89,409.82,390.33,394.9,1017464
2020-06-29,TDG,404.57,416.16,394.59,416.16,643217
2020-06-30,TDG,411.35,418.42,404.24,414.55,413113
2020-07-01,TDG,414.34,425.18,408.39,412.25,382119
2020-07-02,TDG,422.16,427.97,414.34,414.82,425625
2020-07-06,TDG,422.81,423.13,403.34,408.39,627910
2020-07-07,TDG,405.52,406.11,392.43,393.4,478370
2020-07-08,TDG,394.71,401.33,392.09,400.35,617203
2020-07-09,TDG,396.38,399.17,379.82,385.42,458998
2020-07-10,TDG,387.17,395.45,381.38,394.7,413437
2020-07-13,TDG,400.04,405.73,386.65,388.6,414068
2020-07-14,TDG,385.22,396.65,383.12,396.37,399180
2020-07-15,TDG,403.34,411.92,403.28,407.2,550575
2020-07-16,TDG,403.04,409.77,399.3,404.63,359921
2020-07-17,TDG,405.31,407.94,399.45,405.95,256267
2020-07-20,TDG,404.51,409.79,399.97,404.05,545304
2020-07-21,TDG,410.27,420.13,410.22,413.46,231813
2020-07-22,TDG,408.95,422.01,408.95,417.86,268986
2020-07-23,TDG,414.94,417.15,407.76,410.26,304939
2020-07-24,TDG,411.64,411.64,397.49,399.09,348606
2020-07-27,TDG,398.56,403.46,392.02,397.8,185333
2020-07-28,TDG,398.56,406.41,398.07,400.39,355730
2020-07-29,TDG,401.43,408.81,399.03,406.41,322521
2020-07-30,TDG,401.33,411.53,400.21,406.39,284605
2020-07-31,TDG,403.51,406.4,396.23,404.74,328262
2020-08-03,TDG,403.26,410.54,395.25,408.89,348702
2020-08-04,TDG,408.62,425.71,407.54,420.83,723697
2020-08-05,TDG,424.0,444.65,422.16,442.28,492389
2020-08-06,TDG,437.11,445.9,437.02,442.71,244373
2020-08-07,TDG,450.23,450.23,440.77,445.82,460500
2020-08-10,TDG,448.15,458.93,447.65,452.55,582340
2020-08-11,TDG,463.43,474.6,459.36,459.74,784514
2020-08-12,TDG,468.57,468.9,462.07,467.48,532366
2020-08-13,TDG,461.86,468.1,461.86,464.35,430836
2020-08-14,TDG,460.62,468.62,460.62,467.77,360466
2020-08-17,TDG,468.9,468.9,458.87,459.49,420462
2020-08-18,TDG,457.67,459.68,452.21,452.96,528210
2020-08-19,TDG,456.06,459.17,452.02,452.78,553814
2020-08-20,TDG,448.62,456.37,446.56,452.8,255215
2020-08-21,TDG,451.73,454.99,448.14,449.47,426050
2020-08-24,TDG,451.23,460.45,451.23,458.12,572883
2020-08-25,TDG,460.38,462.94,453.39,455.82,315421
2020-08-26,TDG,453.8,459.02,451.53,454.73,248365
2020-08-27,TDG,458.17,471.21,457.68,467.32,428460
2020-08-28,TDG,469.45,476.3,467.63,475.25,394545
2020-08-31,TDG,474.53,476.01,463.7,468.59,306948
2020-09-01,TDG,465.31,473.8,464.72,472.44,295514
2020-09-02,TDG,471.77,475.61,465.31,473.73,269127
2020-09-03,TDG,475.64,477.28,458.93,463.1,356328
2020-09-04,TDG,468.35,475.46,457.46,472.01,380822
2020-09-08,TDG,473.02,481.3,462.56,470.71,635717
2020-09-09,TDG,471.67,473.8,459.27,469.77,341961
2020-09-10,TDG,469.1,478.52,466.5,468.4,337107
2020-09-11,TDG,468.53,476.86,462.36,474.29,230575
2020-09-14,TDG,479.79,481.14,470.78,475.75,489507
2020-09-15,TDG,475.46,480.09,472.97,475.75,294049
2020-09-16,TDG,476.51,493.5,473.08,486.62,568167
2020-09-17,TDG,492.47,496.28,482.41,486.73,500671
2020-09-18,TDG,482.24,489.21,473.85,474.06,1291008
2020-09-21,TDG,463.18,464.2,445.3,457.47,656362
2020-09-22,TDG,460.07,471.38,460.07,470.8,361660
2020-09-23,TDG,469.7,474.28,449.28,449.47,338813
2020-09-24,TDG,447.31,457.22,438.81,449.77,271821
2020-09-25,TDG,445.52,466.17,445.52,464.0,266579
2020-09-28,TDG,471.09,479.63,467.36,467.59,399744
2020-09-29,TDG,470.1,470.1,458.12,458.66,584975
2020-09-30,TDG,458.58,464.02,441.91,445.57,694011
2020-10-01,TDG,451.58,461.84,445.61,451.4,579939
2020-10-02,TDG,439.42,458.64,439.42,455.38,445364
2020-10-05,TDG,459.52,463.88,456.23,456.71,368528
2020-10-06,TDG,462.39,471.72,450.53,450.65,437915
2020-10-07,TDG,458.41,465.72,457.18,458.12,336511
2020-10-08,TDG,461.48,463.28,453.14,460.43,265040
2020-10-09,TDG,463.19,463.58,454.09,454.83,198360
2020-10-12,TDG,456.5,458.3,452.44,455.77,283546
2020-10-13,TDG,450.17,452.84,440.15,443.95,380251
2020-10-14,TDG,445.01,459.1,445.01,453.64,426492
2020-10-15,TDG,450.03,463.98,447.35,460.76,288365
2020-10-16,TDG,465.1,466.97,457.63,461.39,474265
2020-10-19,TDG,461.71,470.5,452.84,454.05,318625
2020-10-20,TDG,459.52,467.92,458.57,462.7,400247
2020-10-21,TDG,461.21,463.0,450.7,452.87,307669
2020-10-22,TDG,454.35,465.08,454.35,462.4,220276
2020-10-23,TDG,466.87,472.55,462.02,470.75,302874
2020-10-26,TDG,465.38,466.27,451.08,453.14,414956
2020-10-27,TDG,452.78,454.65,434.78,435.16,600199
2020-10-28,TDG,428.4,436.86,425.54,429.64,804755
2020-10-29,TDG,427.91,448.27,427.87,446.9,423607
2020-10-30,TDG,444.48,452.28,438.57,447.72,363208
2020-11-02,TDG,452.36,464.74,449.3,463.68,363751
2020-11-03,TDG,473.25,480.58,471.53,476.93,284691
2020-11-04,TDG,478.62,487.0,472.03,480.2,256171
2020-11-05,TDG,480.83,489.21,480.83,486.99,217804
2020-11-06,TDG,486.99,491.27,483.3,488.09,190397
2020-11-09,TDG,538.73,573.61,532.82,532.97,1109546
2020-11-10,TDG,538.87,543.73,529.4,538.65,581091
2020-11-11,TDG,541.44,541.68,519.06,525.93,455304
2020-11-12,TDG,511.1,533.93,500.55,521.91,546360
2020-11-13,TDG,523.99,533.32,520.96,531.53,331420
2020-11-16,TDG,551.75,552.9,536.52,538.26,439578
2020-11-17,TDG,532.55,548.19,529.95,542.02,376036
2020-11-18,TDG,553.21,562.73,545.89,551.3,526785
2020-11-19,TDG,547.7,555.52,540.74,553.91,303161
2020-11-20,TDG,553.78,559.05,535.87,538.42,374351
2020-11-23,TDG,545.4,562.21,543.92,557.93,250603
2020-11-24,TDG,567.61,580.8,562.92,577.13,419697
2020-11-25,TDG,572.86,572.86,562.68,566.29,274602
2020-11-27,TDG,570.99,570.99,553.38,554.75,123910
2020-11-30,TDG,554.24,558.33,539.67,543.16,286267
2020-12-01,TDG,551.28,561.92,547.2,556.68,304873
2020-12-02,TDG,553.48,562.63,549.36,557.84,317212
2020-12-03,TDG,560.75,575.57,558.45,561.4,392304
2020-12-04,TDG,563.62,575.12,563.62,568.0,215063
2020-12-07,TDG,566.01,567.79,557.39,563.63,216129
2020-12-08,TDG,559.03,572.04,558.28,564.65,214833
2020-12-09,TDG,565.84,566.3,550.5,558.46,232344
2020-12-10,TDG,552.51,568.28,552.51,563.63,239903
2020-12-11,TDG,556.89,571.28,556.89,564.36,270326
2020-12-14,TDG,569.53,569.53,558.39,558.76,294137
2020-12-15,TDG,562.2,580.16,558.8,575.57,358515
2020-12-16,TDG,575.57,577.53,563.81,565.99,259235
2020-12-17,TDG,567.13,568.86,557.98,561.13,289402
2020-12-18,TDG,561.11,573.01,557.79,570.49,564538
2020-12-21,TDG,554.73,565.01,550.18,563.35,318007
2020-12-22,TDG,561.91,566.0,558.68,559.14,187864
2020-12-23,TDG,561.55,578.14,561.55,573.84,167869
2020-12-24,TDG,571.19,572.76,564.93,568.97,47705
2020-12-28,TDG,570.99,574.43,568.36,571.93,103281
2020-12-29,TDG,575.81,575.81,564.16,570.02,95884
2020-12-30,TDG,569.53,580.41,569.53,577.82,296673
2020-12-31,TDG,576.75,583.85,574.88,580.36,180344
2021-01-04,TDG,573.88,578.0,544.13,551.12,388449
2021-01-05,TDG,555.99,571.55,553.46,561.95,172279
2021-01-06,TDG,563.52,575.29,558.61,561.65,198186
2021-01-07,TDG,567.11,580.25,562.59,567.54,214345
2021-01-08,TDG,566.55,576.49,566.55,575.12,201881
2021-01-11,TDG,569.41,576.48,569.41,574.8,161848
2021-01-12,TDG,573.93,581.21,573.93,579.48,128511
2021-01-13,TDG,577.83,578.72,566.78,573.01,160204
2021-01-14,TDG,572.25,578.45,566.46,568.37,243802
2021-01-15,TDG,567.89,567.89,548.14,548.6,212751
2021-01-19,TDG,557.31,557.53,536.76,537.74,343336
2021-01-20,TDG,537.74,548.75,536.21,541.57,262702
2021-01-21,TDG,538.56,541.5,531.48,538.28,213336
2021-01-22,TDG,536.32,542.78,534.35,540.55,179504
2021-01-25,TDG,537.96,537.96,521.33,525.27,686483
2021-01-26,TDG,528.57,533.51,509.68,510.37,263688
2021-01-27,TDG,499.75,512.66,485.19,486.33,551950
2021-01-28,TDG,494.63,525.37,492.71,521.16,451555
2021-01-29,TDG,520.61,525.92,504.39,518.87,460557
2021-02-01,TDG,524.66,537.44,520.95,534.84,347712
2021-02-02,TDG,543.41,558.71,541.23,552.74,417854
2021-02-03,TDG,549.32,563.67,549.32,562.03,422784
2021-02-04,TDG,566.0,572.62,562.74,572.06,350238
2021-02-05,TDG,578.45,579.04,564.31,567.37,294883
2021-02-08,TDG,569.12,572.06,559.92,562.84,357549
2021-02-09,TDG,560.71,573.52,550.0,559.53,286027
2021-02-10,TDG,556.81,560.47,537.13,543.66,336812
2021-02-11,TDG,542.1,549.85,537.27,539.25,289972
2021-02-12,TDG,535.89,548.87,533.5,540.63,256922
2021-02-16,TDG,542.9,545.15,535.12,536.94,230473
2021-02-17,TDG,533.96,538.82,528.76,534.89,183513
2021-02-18,TDG,528.92,542.81,526.7,540.68,215300
2021-02-19,TDG,543.32,563.35,542.77,563.15,254978
2021-02-22,TDG,558.36,562.47,552.38,553.42,260265
2021-02-23,TDG,555.61,568.94,545.77,566.71,310148
2021-02-24,TDG,568.52,586.17,567.42,571.26,325887
2021-02-25,TDG,568.18,568.18,538.26,540.78,322583
2021-02-26,TDG,546.15,547.02,536.14,540.8,214016
2021-03-01,TDG,551.48,566.85,551.48,559.74,190736
2021-03-02,TDG,559.29,563.6,555.02,559.63,193042
2021-03-03,TDG,557.91,566.57,552.82,553.41,208389
2021-03-04,TDG,550.7,555.83,529.35,536.67,365515
2021-03-05,TDG,542.62,560.96,527.75,559.8,424445
2021-03-08,TDG,564.83,573.77,559.47,568.59,277525
2021-03-09,TDG,572.24,572.25,552.8,552.81,325395
2021-03-10,TDG,554.652432,566.29053,549.935298,562.089186,47277
2021-03-11,TDG,560.5,568.57,557.94,560.14,234002
2021-03-12,TDG,562.69,581.45,562.69,581.33,283565
2021-03-15,TDG,582.42,587.06,574.29,579.05,226094
2021-03-16,TDG,578.28,578.28,565.0,569.04,206604
2021-03-17,TDG,571.27,577.3,566.76,572.48,182895
2021-03-18,TDG,570.3,575.49,558.75,560.44,174390
2021-03-19,TDG,557.07,570.9,551.3,564.11,311427
2021-03-22,TDG,564.11,564.65,554.01,560.2,156707
2021-03-23,TDG,554.26,557.86,543.93,546.69,206773
2021-03-24,TDG,549.5,565.11,549.5,555.95,246541
2021-03-25,TDG,553.59,553.63,539.97,549.76,292693
2021-03-26,TDG,553.89,553.89,539.68,549.96,276416
2021-03-29,TDG,549.99,555.83,539.57,543.16,220661
2021-03-30,TDG,544.4,550.54,540.8,548.27,169852
2021-03-31,TDG,554.01,557.78,546.75,551.35,406351
2021-04-01,TDG,553.64,567.65,551.78,566.16,302347
2021-04-05,TDG,571.27,577.45,562.74,566.22,280883
2021-04-06,TDG,560.7,580.55,560.7,576.17,216732
2021-04-07,TDG,574.94,574.94,563.79,568.73,148232
2021-04-08,TDG,565.91,578.52,563.33,577.78,157840
2021-04-09,TDG,576.21,577.27,569.81,576.97,139572
2021-04-12,TDG,575.29,584.86,573.0,584.85,171107
2021-04-13,TDG,580.49,586.66,575.19,579.87,259817
2021-04-14,TDG,582.63,593.66,577.46,589.8,218109
2021-04-15,TDG,590.67,590.67,580.6,584.99,270059
2021-04-16,TDG,587.66,590.25,574.93,579.08,391482
2021-04-19,TDG,574.54,577.04,564.31,568.31,239777
2021-04-20,TDG,564.01,564.01,547.42,558.69,322833
2021-04-21,TDG,557.99,561.35,554.98,559.11,275206
2021-04-22,TDG,560.8,567.53,556.76,556.86,152041
2021-04-23,TDG,556.6,560.8,549.06,558.3,314892
2021-04-26,TDG,559.59,567.5,559.14,566.38,186675
2021-04-27,TDG,567.29,573.97,564.38,564.99,163253
2021-04-28,TDG,564.26,570.02,563.02,567.61,156721
2021-04-29,TDG,573.35,576.44,566.62,572.06,141406
2021-04-30,TDG,568.4,576.32,566.69,575.57,335395
2021-05-03,TDG,578.83,583.84,569.36,570.04,201151
2021-05-04,TDG,569.44,570.64,556.12,559.55,236229
2021-05-05,TDG,561.45,560.68,554.5,558.46,265592
2021-05-06,TDG,561.77,562.4,548.61,561.78,317628
2021-05-07,TDG,559.87,572.03,559.87,570.17,175961
2021-05-10,TDG,572.06,576.34,563.36,563.96,352283
2021-05-11,TDG,562.42,569.81,545.93,562.74,432747
2021-05-12,TDG,562.7,564.1,541.09,542.27,385049
2021-05-13,TDG,546.76,558.39,545.19,550.09,291971
2021-05-14,TDG,554.67,563.21,550.82,560.25,156162
2021-05-17,TDG,557.51,561.68,551.68,559.35,216978
2021-05-18,TDG,557.16,559.14,551.92,553.78,224305
2021-05-19,TDG,545.09,551.7,540.67,551.08,216482
2021-05-20,TDG,551.16,568.05,549.81,565.98,272893
2021-05-21,TDG,570.18,571.65,562.8,563.62,295404
2021-05-24,TDG,568.22,579.4,563.11,576.67,250063
2021-05-25,TDG,577.66,580.07,573.15,574.61,154685
2021-05-26,TDG,577.1,583.84,575.39,582.41,285059
2021-05-27,TDG,595.49,609.96,590.57,609.1,825646
2021-05-28,TDG,608.32,610.21,599.21,608.48,291137
2021-06-01,TDG,613.02,624.3,612.84,618.92,383039
2021-06-02,TDG,617.18,623.12,616.25,618.48,395322
2021-06-03,TDG,613.04,620.82,610.11,619.65,398264
2021-06-04,TDG,622.88,627.61,622.88,623.92,467381
2021-06-07,TDG,623.37,625.76,619.21,621.34,673881
2021-06-08,TDG,622.16,630.61,622.16,627.39,317849
2021-06-09,TDG,627.44,628.11,621.09,622.7,260416
2021-06-10,TDG,626.82,626.82,616.37,618.95,196312
2021-06-11,TDG,622.44,624.22,615.73,620.77,210188
2021-06-14,TDG,619.2,627.46,619.2,627.3,335404
2021-06-15,TDG,627.91,634.55,624.71,634.42,290299
2021-06-16,TDG,633.57,637.21,623.69,623.84,300644
2021-06-17,TDG,624.53,627.41,614.41,625.99,289636
2021-06-18,TDG,616.86,619.14,610.22,614.19,354863
2021-06-21,TDG,619.54,630.9,617.65,629.2,267696
2021-06-22,TDG,629.35,636.89,622.16,636.77,290221
2021-06-23,TDG,637.7,641.46,635.79,640.17,269865
2021-06-24,TDG,645.23,645.23,631.02,637.69,253047
2021-06-25,TDG,638.3,638.64,627.69,631.35,366657
2021-06-28,TDG,628.84,628.95,612.79,615.48,264114
2021-06-29,TDG,618.5,618.95,603.71,604.16,285203
2021-06-30,TDG,604.91,611.34,600.0,607.03,301295
2021-07-01,TDG,608.93,618.5,608.89,617.99,203447
2021-07-02,TDG,620.39,621.11,613.58,620.3,129985
2021-07-06,TDG,618.95,618.95,607.19,615.6,178704
2021-07-07,TDG,612.86,616.62,607.05,613.67,176920
2021-07-08,TDG,604.38,612.32,598.22,606.95,188192
2021-07-09,TDG,616.12,619.35,612.21,619.0,154763
2021-07-12,TDG,614.02,617.19,609.42,613.0,256403
2021-07-13,TDG,611.63,615.71,607.82,608.22,215774
2021-07-14,TDG,610.17,614.38,604.76,605.76,165615
2021-07-15,TDG,599.49,605.71,594.93,596.97,168578
2021-07-16,TDG,600.85,603.27,592.15,594.17,197159
2021-07-19,TDG,579.88,579.88,556.88,569.86,485419
2021-07-20,TDG,571.74,598.91,570.76,597.08,296333
2021-07-21,TDG,603.44,610.77,596.64,608.49,144827
2021-07-22,TDG,605.52,607.98,600.74,606.97,102461
2021-07-23,TDG,614.25,614.25,605.41,607.36,131118
2021-07-26,TDG,607.22,610.3,602.77,610.17,132557
2021-07-27,TDG,606.71,610.49,603.65,608.17,110568
2021-07-28,TDG,613.33,615.27,606.47,608.18,148714
2021-07-29,TDG,613.19,618.16,608.2,614.16,128175
2021-07-30,TDG,609.9,612.39,598.75,601.21,173902
2021-08-02,TDG,608.49,610.25,595.2,595.78,199625
2021-08-03,TDG,596.83,596.83,584.2,592.65,207145
2021-08-04,TDG,585.48,589.41,577.25,577.79,174745
2021-08-05,TDG,579.92,590.93,579.92,585.7,163536
2021-08-06,TDG,591.1,596.74,588.38,589.98,164921
2021-08-09,TDG,587.06,593.9,580.39,589.42,259098
2021-08-10,TDG,592.37,597.24,581.67,582.37,279701
2021-08-11,TDG,582.73,587.79,573.82,585.23,434154
2021-08-12,TDG,586.16,588.81,566.98,576.16,241411
2021-08-13,TDG,575.56,577.21,567.42,568.28,159336
2021-08-16,TDG,564.53,569.59,560.42,566.28,209848
2021-08-17,TDG,560.04,566.22,558.31,565.92,145750
2021-08-18,TDG,565.63,571.82,559.32,565.64,192115
2021-08-19,TDG,559.87,565.04,550.59,552.8,228218
2021-08-20,TDG,551.43,561.96,550.56,558.37,187463
2021-08-23,TDG,561.77,568.29,560.46,565.56,205488
2021-08-24,TDG,570.01,576.31,568.76,570.46,192444
2021-08-25,TDG,571.01,572.34,564.76,566.46,146697
2021-08-26,TDG,566.83,566.83,556.73,557.39,142156
2021-08-27,TDG,557.39,573.93,557.39,570.89,250596
2021-08-30,TDG,570.45,572.55,564.34,566.03,163753
2021-08-31,TDG,564.56,572.8,562.88,569.69,278371
2021-09-01,TDG,572.87,576.57,567.14,571.59,250503
2021-09-02,TDG,572.15,577.42,570.55,571.85,146496
2021-09-03,TDG,569.79,570.91,560.63,564.81,220688
2021-09-07,TDG,566.074836,567.359622,553.34889,554.183532,116032
2021-09-08,TDG,555.13071,557.672148,547.62831,548.631756,61462
2021-09-09,TDG,548.21,565.35,544.89,560.87,330735
2021-09-10,TDG,562.96,570.33,558.27,562.27,283601
2021-09-13,TDG,569.11,576.14,563.85,573.69,214526
2021-09-14,TDG,575.23,576.82,564.44,575.81,282901
2021-09-15,TDG,575.8,577.58,564.72,574.83,301424
2021-09-16,TDG,574.05,575.59,566.27,566.99,175630
2021-09-17,TDG,561.3,574.75,560.12,572.0,762761
2021-09-20,TDG,565.1,578.01,562.07,576.62,279293
2021-09-21,TDG,577.45,581.56,572.1,575.57,197387
2021-09-22,TDG,580.31,594.16,579.87,589.96,254532
2021-09-23,TDG,593.16,600.34,590.57,598.49,281458
2021-09-24,TDG,595.39,605.03,591.57,604.34,213956
2021-09-27,TDG,608.39,613.62,604.86,608.46,349989
2021-09-28,TDG,609.04,609.14,591.93,598.59,237734
2021-09-29,TDG,604.06,608.31,594.35,595.03,200541
2021-09-30,TDG,596.83,596.83,584.98,585.72,367978
2021-10-01,TDG,591.71,615.73,590.89,612.32,438593
2021-10-04,TDG,612.96,612.96,596.98,603.95,221789
2021-10-05,TDG,606.25,610.93,602.17,605.14,180713
2021-10-06,TDG,597.14,611.1,591.86,610.12,190809
2021-10-07,TDG,615.28,617.29,607.01,607.72,167916
2021-10-08,TDG,605.33,609.1,600.83,604.0,144580
2021-10-11,TDG,603.55,608.11,596.96,597.51,106236
2021-10-12,TDG,598.96,602.39,590.63,591.97,181412
2021-10-13,TDG,591.46,594.4,583.4,592.68,228747
2021-10-14,TDG,600.14,600.14,592.07,596.2,273666
2021-10-15,TDG,602.04,604.17,599.5,599.69,257815
2021-10-18,TDG,594.22,600.39,589.71,600.18,164723
2021-10-19,TDG,605.27,609.88,599.13,606.79,217184
2021-10-20,TDG,600.68,608.03,598.63,603.33,181335
2021-10-21,TDG,600.95,609.58,600.02,609.57,182526
2021-10-22,TDG,613.71,615.11,604.63,607.91,166013
2021-10-25,TDG,605.24,609.27,593.13,596.53,199513
2021-10-26,TDG,597.91,607.62,596.16,602.95,241818
2021-10-27,TDG,605.46,606.69,589.52,590.08,203630
2021-10-28,TDG,588.9,592.49,585.65,589.3,230731
2021-10-29,TDG,587.8,591.29,579.54,585.02,256083
2021-11-01,TDG,585.27,592.62,585.13,591.32,189630
2021-11-02,TDG,592.28,596.69,586.93,590.58,200553
2021-11-03,TDG,587.5,589.63,579.83,584.25,214722
2021-11-04,TDG,584.75,590.84,582.39,590.05,213347
2021-11-05,TDG,599.62,624.56,595.46,623.77,374720
2021-11-08,TDG,625.63,633.04,619.07,632.62,356055
2021-11-09,TDG,633.47,642.6,628.89,642.39,239435
2021-11-10,TDG,639.73,643.39,630.91,635.13,308322
2021-11-11,TDG,634.52,634.52,615.37,615.39,166734
2021-11-12,TDG,613.95,620.2,595.87,603.01,355714
2021-11-15,TDG,608.12,615.75,601.83,613.08,250140
2021-11-16,TDG,616.13,630.4,605.8,606.84,301292
2021-11-17,TDG,606.86,620.96,599.46,617.94,277536
2021-11-18,TDG,619.46,623.76,614.26,619.52,269522
2021-11-19,TDG,617.49,617.49,587.33,592.54,406248
2021-11-22,TDG,592.95,602.33,589.8,590.47,294378
2021-11-23,TDG,602.18,602.94,581.15,586.36,560449
2021-11-24,TDG,585.21,589.58,577.37,579.56,484123
2021-11-26,TDG,545.8,549.75,524.16,526.38,1105657
2021-11-29,TDG,537.74,550.29,523.4,547.88,1272891
2021-11-30,TDG,541.96,550.81,532.97,542.1,790723
2021-12-01,TDG,555.75,556.93,518.34,518.95,648391
2021-12-02,TDG,525.5,546.68,523.67,545.79,482397
2021-12-03,TDG,545.08,547.95,537.79,547.58,303738
2021-12-06,TDG,557.53,572.59,551.32,564.2,375438
2021-12-07,TDG,570.44,578.3,564.09,565.83,386482
2021-12-08,TDG,568.33,578.09,567.77,574.47,189552
2021-12-09,TDG,566.81,572.94,566.26,567.97,152721
2021-12-10,TDG,572.29,572.29,563.02,567.66,169614
2021-12-13,TDG,563.63,564.39,542.32,555.08,350519
2021-12-14,TDG,553.05,560.15,545.3,547.43,221632
2021-12-15,TDG,547.57,551.88,532.75,546.35,309239
2021-12-16,TDG,555.4,556.6,540.73,540.77,235080
2021-12-17,TDG,543.49,555.18,533.41,547.56,363849
2021-12-20,TDG,536.09,547.83,535.53,544.92,229576
2021-12-21,TDG,551.33,572.05,551.09,571.39,259568
2021-12-22,TDG,567.71,577.9,566.12,576.47,190832
2021-12-23,TDG,581.44,595.31,577.86,588.94,201550
2021-12-27,TDG,588.19,591.55,584.41,588.47,153210
2021-12-28,TDG,586.33,596.94,586.33,591.28,110702
2021-12-29,TDG,586.8,592.66,586.54,591.29,108760
2021-12-30,TDG,590.12,602.29,590.12,594.95,168199
2021-12-31,TDG,593.73,600.64,591.76,596.7,150104
2022-01-03,TDG,599.18,603.68,592.33,601.68,305934
2022-01-04,TDG,609.57,610.55,596.87,603.97,305784
2022-01-05,TDG,606.18,616.5,602.39,607.54,421284
2022-01-06,TDG,612.85,618.08,604.33,604.66,366300
2022-01-07,TDG,610.77,627.42,610.77,613.52,313780
2022-01-10,TDG,612.16,614.72,593.78,603.94,238847
2022-01-11,TDG,604.42,613.37,597.85,612.79,163013
2022-01-12,TDG,615.34,621.47,614.19,617.63,156287
2022-01-13,TDG,622.25,624.77,602.19,610.13,377660
2022-01-14,TDG,604.35,606.88,594.3,605.24,273031
2022-01-18,TDG,598.0,600.18,587.58,591.51,382059
2022-01-19,TDG,593.64,603.39,587.73,591.05,205326
2022-01-20,TDG,592.0,603.17,588.7,589.96,237533
2022-01-21,TDG,589.89,591.07,571.71,578.27,289161
2022-01-24,TDG,562.93,583.18,553.4,582.63,313282
2022-01-25,TDG,571.19,582.46,559.25,576.37,312217
2022-01-26,TDG,582.75,593.89,566.58,574.49,220553
2022-01-27,TDG,582.49,586.84,553.41,556.94,257162
2022-01-28,TDG,553.31,566.68,539.26,566.57,346895
2022-01-31,TDG,561.74,578.5,561.74,577.86,211329
2022-02-01,TDG,577.52,588.38,572.41,585.64,231340
2022-02-02,TDG,581.81,590.64,574.18,589.0,214064
2022-02-03,TDG,586.36,587.33,576.28,580.8,193151
2022-02-04,TDG,575.53,587.52,572.26,581.09,340273
2022-02-07,TDG,584.32,598.16,583.16,593.85,402904
2022-02-08,TDG,571.31,608.79,571.31,605.65,453852
2022-02-09,TDG,609.57,624.26,608.23,609.8,359296
2022-02-10,TDG,605.26,620.58,603.92,608.86,301279
2022-02-11,TDG,610.59,614.28,593.76,598.63,336336
2022-02-14,TDG,602.71,606.52,587.87,591.51,247020
2022-02-15,TDG,599.4,615.6,596.52,615.39,312902
2022-02-16,TDG,616.75,628.92,612.04,626.42,245148
2022-02-17,TDG,622.76,622.76,612.09,616.88,240592
2022-02-18,TDG,617.63,620.14,608.05,608.59,232906
2022-02-22,TDG,609.58,613.83,600.19,605.91,270874
2022-02-23,TDG,613.61,617.96,586.2,588.11,322518
2022-02-24,TDG,571.99,609.35,570.97,608.8,423820
2022-02-25,TDG,613.23,626.07,609.75,621.25,356146
2022-02-28,TDG,617.04,632.54,613.45,625.13,363650
2022-03-01,TDG,622.49,625.9,610.43,614.1,529694
2022-03-02,TDG,618.54,639.04,615.68,633.49,493587
2022-03-03,TDG,635.86,635.86,612.36,613.78,354259
2022-03-04,TDG,608.68,608.68,585.69,593.68,510776
2022-03-07,TDG,597.51,597.51,555.13,555.15,634780
2022-03-08,TDG,556.54,571.56,550.33,559.71,586628
2022-03-09,TDG,577.0,599.27,573.57,594.5,406553
2022-03-10,TDG,581.75,607.2,581.75,594.27,315205
2022-03-11,TDG,598.82,606.68,584.5,585.18,292551
2022-03-14,TDG,586.43,593.09,575.69,579.96,510129
2022-03-15,TDG,589.45,608.38,585.53,605.85,340953
2022-03-16,TDG,611.1,626.59,600.32,615.2,358823
2022-03-17,TDG,609.57,622.22,609.57,621.78,287168
2022-03-18,TDG,630.16,630.16,615.64,620.22,614848
2022-03-21,TDG,612.66,617.69,606.85,614.53,264110
2022-03-22,TDG,617.36,632.52,615.27,629.9,306343
2022-03-23,TDG,624.24,632.24,618.64,619.74,167352
2022-03-24,TDG,622.22,634.07,621.17,633.67,231235
2022-03-25,TDG,635.29,642.04,630.16,633.51,192742
2022-03-28,TDG,632.3,634.5,618.87,627.03,219124
2022-03-29,TDG,635.22,642.12,627.63,641.73,275952
2022-03-30,TDG,640.52,642.13,626.42,630.49,345827
2022-03-31,TDG,628.88,632.06,610.65,611.01,623638
2022-04-01,TDG,615.48,625.81,608.38,625.55,489453
2022-04-04,TDG,626.94,628.63,619.58,627.75,243693
2022-04-05,TDG,626.6,635.9,609.64,610.91,304208
2022-04-06,TDG,605.18,610.78,600.74,607.69,307899
2022-04-07,TDG,605.8,614.2,599.62,610.87,217350
2022-04-08,TDG,612.46,614.91,600.49,600.96,160131
2022-04-11,TDG,598.55,607.06,593.97,594.12,178066
2022-04-12,TDG,596.43,607.74,593.86,596.92,222788
2022-04-13,TDG,599.95,603.27,593.97,596.6,226624
2022-04-14,TDG,600.41,607.93,597.42,598.77,325164
2022-04-18,TDG,599.37,599.37,586.61,593.81,445599
2022-04-19,TDG,593.81,606.9,593.81,603.7,160230
2022-04-20,TDG,606.72,609.46,602.27,603.32,145538
2022-04-21,TDG,617.32,617.32,592.74,594.72,237822
2022-04-22,TDG,592.69,601.55,584.62,585.2,283737
2022-04-25,TDG,579.83,588.02,575.36,587.66,304978
2022-04-26,TDG,581.24,588.0,575.61,575.61,215658
2022-04-27,TDG,573.37,581.25,565.92,576.99,258726
2022-04-28,TDG,581.95,585.41,571.14,580.34,206316
2022-04-29,TDG,576.32,579.37,556.68,557.81,281192
2022-05-02,TDG,557.98,569.63,549.69,565.38,423866
2022-05-03,TDG,569.95,574.91,560.14,566.64,340679
2022-05-04,TDG,565.3,585.36,559.47,583.06,282095
2022-05-05,TDG,578.4,579.05,554.75,560.47,312547
2022-05-06,TDG,558.71,561.63,540.66,547.79,337921
2022-05-09,TDG,539.99,541.27,506.67,511.75,700448
2022-05-10,TDG,528.92,546.06,516.68,531.02,630098
2022-05-11,TDG,528.49,553.23,528.49,535.27,422492
2022-05-12,TDG,533.68,535.05,504.11,515.72,492889
2022-05-13,TDG,520.77,534.73,520.77,528.74,263112
2022-05-16,TDG,524.12,530.18,511.83,512.25,333977
2022-05-17,TDG,522.41,531.46,515.04,522.22,286778
2022-05-18,TDG,513.04,519.19,500.54,503.14,549190
2022-05-19,TDG,498.22,516.7,498.19,507.48,452693
2022-05-20,TDG,514.2,518.16,504.72,516.02,529345
2022-05-23,TDG,521.17,532.41,518.02,530.01,421660
2022-05-24,TDG,537.72,545.95,526.57,543.54,641915
2022-05-25,TDG,542.74,556.89,538.18,556.12,599997
2022-05-26,TDG,560.34,569.4,557.05,562.45,444536
2022-05-27,TDG,565.08,575.95,564.02,574.19,357167
2022-05-31,TDG,565.88,570.18,557.61,567.72,547406
2022-06-01,TDG,569.84,570.41,551.53,562.76,266691
2022-06-02,TDG,564.74,578.45,561.28,577.95,259711
2022-06-03,TDG,571.73,579.53,567.73,578.01,160397
2022-06-06,TDG,586.4,589.35,577.03,585.55,225935
2022-06-07,TDG,580.16,593.95,579.79,593.54,211386
2022-06-08,TDG,588.04,588.76,576.62,578.36,258113
2022-06-09,TDG,576.53,576.53,568.03,570.09,208459
2022-06-10,TDG,556.94,561.4,543.96,544.98,296705
2022-06-13,TDG,529.86,529.86,508.35,511.59,376012
2022-06-14,TDG,515.77,515.77,489.65,494.83,537476
2022-06-15,TDG,502.85,519.66,499.63,513.72,381212
2022-06-16,TDG,502.89,506.94,479.21,481.74,441993
2022-06-17,TDG,469.35,491.33,468.98,483.92,770414
2022-06-21,TDG,492.67,495.82,485.15,491.09,363308
2022-06-22,TDG,481.88,501.88,481.88,492.88,373464
2022-06-23,TDG,494.64,494.64,481.52,486.56,251282
2022-06-24,TDG,492.35,505.63,492.35,505.24,478327
2022-06-27,TDG,507.35,508.92,496.27,500.6,284845
2022-06-28,TDG,505.15,517.36,498.97,499.47,301277
2022-06-29,TDG,501.47,504.48,487.15,492.89,314094
2022-06-30,TDG,487.64,506.15,483.01,503.29,341566
2022-07-01,TDG,501.08,508.87,497.54,508.0,226199
2022-07-05,TDG,496.3,498.07,482.79,494.47,374106
2022-07-06,TDG,500.52,503.6,490.33,496.25,199818
2022-07-07,TDG,500.77,507.85,499.58,501.32,195228
2022-07-08,TDG,502.89,505.58,497.62,503.28,124438
2022-07-11,TDG,497.03,502.59,496.59,497.78,147741
2022-07-12,TDG,497.62,515.09,497.62,508.03,327942
2022-07-13,TDG,496.93,515.87,496.93,508.26,280353
2022-07-14,TDG,498.43,505.73,494.73,501.36,255918
2022-07-15,TDG,511.93,513.49,503.34,504.69,199540
2022-07-18,TDG,514.04,521.04,504.57,508.01,313467
2022-07-19,TDG,510.55,539.73,510.55,538.31,398474
2022-07-20,TDG,539.84,549.43,533.52,548.71,265355
2022-07-21,TDG,547.34,556.32,543.92,554.16,313075
2022-07-22,TDG,556.48,560.92,542.6,544.97,186265
2022-07-25,TDG,544.97,552.81,544.58,549.66,150697
2022-07-26,TDG,549.75,553.71,545.07,549.79,245346
2022-07-27,TDG,556.36,566.37,551.43,562.37,339302
2022-07-28,TDG,570.08,573.0,559.01,572.31,317202
2022-07-29,TDG,570.69,585.98,570.69,583.63,207220
2022-08-01,TDG,586.13,592.17,576.64,590.81,330284
2022-08-02,TDG,590.81,596.11,586.25,587.26,245353
2022-08-03,TDG,589.96,596.65,586.95,594.05,186357
2022-08-04,TDG,592.6,597.97,589.78,596.36,139049
2022-08-05,TDG,590.73,599.15,590.68,598.6,198794
2022-08-08,TDG,603.0,607.42,599.62,601.3,241553
2022-08-09,TDG,606.96,611.63,594.09,603.98,274066
2022-08-10,TDG,616.75,631.84,613.56,624.63,406783
2022-08-11,TDG,631.82,633.68,616.35,620.35,296688
2022-08-12,TDG,620.35,635.54,620.01,634.52,380407
2022-08-15,TDG,629.82,637.26,628.33,634.9,191599
2022-08-16,TDG,633.28,637.7,632.44,635.23,216230
2022-08-17,TDG,625.78,632.02,624.4,627.23,272452
2022-08-18,TDG,630.02,636.61,624.94,632.23,246735
2022-08-19,TDG,626.56,630.68,614.56,623.07,323439
2022-08-22,TDG,613.15,616.67,607.72,609.08,512755
2022-08-23,TDG,610.93,618.14,609.99,616.09,302271
2022-08-24,TDG,618.02,623.29,618.02,620.21,173370
2022-08-25,TDG,623.15,631.48,620.68,630.91,148591
2022-08-26,TDG,634.39,634.39,608.52,608.62,179354
2022-08-29,TDG,601.05,608.16,598.29,600.69,156664
2022-08-30,TDG,603.36,604.48,579.51,585.43,344292
2022-08-31,TDG,588.35,590.32,577.51,579.08,287681
2022-09-01,TDG,573.72,584.19,568.12,583.94,249228
2022-09-02,TDG,587.2,591.85,577.35,579.86,196067
2022-09-06,TDG,580.96,584.25,574.74,580.04,193256
2022-09-07,TDG,579.6,594.95,576.02,593.04,212803
2022-09-08,TDG,589.21,595.0,584.67,593.73,169134
2022-09-09,TDG,595.68,599.47,590.8,597.91,221326
2022-09-12,TDG,600.74,607.55,592.75,606.06,311149
2022-09-13,TDG,589.92,591.79,570.2,572.65,197489
2022-09-14,TDG,574.25,579.17,564.47,578.84,207674
2022-09-15,TDG,576.13,578.96,564.06,566.26,192664
2022-09-16,TDG,561.37,561.92,552.67,561.27,407775
2022-09-19,TDG,559.01,572.31,559.01,571.02,264839
2022-09-20,TDG,569.5,569.5,555.95,563.95,268170
2022-09-21,TDG,571.53,573.88,546.73,546.93,302953
2022-09-22,TDG,546.93,546.93,530.56,535.01,255169
2022-09-23,TDG,526.58,526.58,513.1,521.32,259830
2022-09-26,TDG,518.02,529.49,511.71,512.57,268329
2022-09-27,TDG,521.45,526.81,511.54,512.95,355370
2022-09-28,TDG,517.92,524.9,509.69,521.06,318007
2022-09-29,TDG,513.44,516.96,504.64,511.57,223469
2022-09-30,TDG,508.09,517.14,505.19,506.19,339990
2022-10-03,TDG,514.73,526.51,504.53,523.1,220219
2022-10-04,TDG,536.28,546.05,534.96,543.52,268244
2022-10-05,TDG,533.55,537.91,528.46,532.16,253738
2022-10-06,TDG,525.71,535.09,525.71,527.58,187565
2022-10-07,TDG,520.92,521.44,509.41,514.54,215640
2022-10-10,TDG,520.43,524.24,509.74,512.65,212406
2022-10-11,TDG,514.82,514.82,499.44,504.04,312546
2022-10-12,TDG,507.46,507.46,491.15,491.73,399317
2022-10-13,TDG,481.89,506.47,481.89,503.19,317584
2022-10-14,TDG,508.13,510.87,491.9,496.02,236666
2022-10-17,TDG,506.36,513.79,505.69,506.95,252080
2022-10-18,TDG,521.88,528.02,517.3,521.03,331196
2022-10-19,TDG,517.16,526.86,511.79,522.28,293637
2022-10-20,TDG,520.22,523.99,509.51,512.17,198151
2022-10-21,TDG,510.03,520.41,502.92,518.79,293626
2022-10-24,TDG,523.58,527.58,517.3,523.32,188273
2022-10-25,TDG,519.77,536.02,519.77,535.34,268727
2022-10-26,TDG,539.36,551.46,532.65,535.12,220076
2022-10-27,TDG,537.77,551.1,537.77,544.32,221778
2022-10-28,TDG,547.1,562.63,540.66,560.9,223464
2022-10-31,TDG,558.08,561.05,552.46,555.32,194887
2022-11-01,TDG,561.34,565.57,554.38,555.09,163686
2022-11-02,TDG,549.3,557.73,536.99,537.91,225481
2022-11-03,TDG,530.31,547.92,525.93,543.11,266368
2022-11-04,TDG,553.64,563.61,543.96,559.03,344321
2022-11-07,TDG,564.75,565.99,554.05,564.12,275655
2022-11-08,TDG,567.78,577.09,562.49,572.99,241340
2022-11-09,TDG,571.99,573.39,561.13,562.11,390428
2022-11-10,TDG,597.98,625.38,588.45,617.3,666665
2022-11-11,TDG,623.57,623.57,600.88,604.02,325179
2022-11-14,TDG,599.45,604.0,593.4,594.27,270417
2022-11-15,TDG,605.52,606.37,590.16,596.07,401838
2022-11-16,TDG,595.1,595.76,585.37,590.82,299256
2022-11-17,TDG,581.18,590.74,576.77,580.71,186130
2022-11-18,TDG,588.94,599.48,587.5,598.58,223879
2022-11-21,TDG,593.57,599.68,592.7,594.51,194517
2022-11-22,TDG,597.62,609.54,595.02,607.02,274015
2022-11-23,TDG,607.44,620.37,603.3,616.35,216099
2022-11-25,TDG,616.9,616.9,609.82,613.94,74255
2022-11-28,TDG,597.25,598.9,581.33,584.57,312687
2022-11-29,TDG,584.57,591.04,583.45,588.23,214445
2022-11-30,TDG,588.49,606.89,580.67,606.19,464663
2022-12-01,TDG,607.85,615.35,604.64,612.11,244212
2022-12-02,TDG,587.4,604.25,586.06,599.75,475194
2022-12-05,TDG,593.64,599.93,590.2,594.95,216441
2022-12-06,TDG,597.01,597.01,580.54,585.89,166472
2022-12-07,TDG,586.04,593.15,582.98,588.05,305720
2022-12-08,TDG,596.3,609.02,589.87,592.66,328249
2022-12-09,TDG,590.07,596.72,588.06,588.06,181698
2022-12-12,TDG,590.33,596.14,587.54,596.08,261547
2022-12-13,TDG,612.46,614.21,600.93,604.35,434347
2022-12-14,TDG,602.63,613.1,601.13,605.72,447047
2022-12-15,TDG,599.13,599.13,586.69,590.42,264329
2022-12-16,TDG,583.42,593.03,578.14,584.23,424342
2022-12-19,TDG,583.6,589.79,578.23,580.68,217248
2022-12-20,TDG,581.32,589.48,580.97,588.5,266054
2022-12-21,TDG,593.02,605.38,593.02,605.36,241794
2022-12-22,TDG,598.66,599.88,583.37,597.07,296177
2022-12-23,TDG,597.09,601.34,593.71,598.3,153520
2022-12-27,TDG,601.87,608.43,598.38,604.21,184159
2022-12-28,TDG,602.68,606.91,596.86,599.63,245671
2022-12-29,TDG,603.66,610.29,603.07,606.09,190693
2022-12-30,TDG,600.47,607.49,600.41,607.3,164607
2023-01-03,TDG,610.57,611.43,601.44,603.56,216144
2023-01-04,TDG,604.89,615.76,604.89,611.07,275741
2023-01-05,TDG,607.26,614.6,605.12,613.87,272550
2023-01-06,TDG,617.28,629.35,616.1,625.99,282041
2023-01-09,TDG,630.43,634.77,625.31,627.72,248619
2023-01-10,TDG,624.27,635.42,622.16,635.41,268693
2023-01-11,TDG,636.57,650.02,636.48,649.91,535072
2023-01-12,TDG,651.0,658.27,646.08,656.05,432458
2023-01-13,TDG,652.93,661.36,649.21,659.6,347317
2023-01-17,TDG,660.68,666.47,654.63,656.2,384569
2023-01-18,TDG,661.02,665.07,647.64,648.25,329170
2023-01-19,TDG,643.24,647.34,636.17,636.8,292338
2023-01-20,TDG,641.15,649.43,637.61,648.77,427915
2023-01-23,TDG,649.14,662.36,648.07,660.68,433213
2023-01-24,TDG,654.44,671.7,653.51,669.6,304264
2023-01-25,TDG,662.07,676.34,659.63,675.63,275833
2023-01-26,TDG,678.53,685.0,670.84,684.93,343108
2023-01-27,TDG,680.98,691.55,679.52,685.46,363298
2023-01-30,TDG,683.66,687.05,677.56,682.14,300557
2023-01-31,TDG,681.51,692.68,679.21,692.27,286124
2023-02-01,TDG,688.12,703.59,688.1,702.3,290606
2023-02-02,TDG,704.09,707.43,681.9,686.57,496042
2023-02-03,TDG,679.25,688.52,679.25,688.17,261078
2023-02-06,TDG,685.33,695.05,680.57,694.78,414334
2023-02-07,TDG,711.8,717.59,692.14,716.14,576991
2023-02-08,TDG,719.7,731.51,716.2,727.52,460203
2023-02-09,TDG,730.71,739.49,719.87,720.46,636466
2023-02-10,TDG,718.7,724.34,703.87,704.54,719136
2023-02-13,TDG,705.05,715.27,701.09,714.22,723456
2023-02-14,TDG,710.97,731.39,710.97,728.85,339884
2023-02-15,TDG,722.72,741.34,722.72,740.89,428095
2023-02-16,TDG,713.73,729.32,712.68,722.09,497962
2023-02-17,TDG,716.96,719.27,708.01,717.56,316313
2023-02-21,TDG,714.73,715.5,708.55,711.03,268808
2023-02-22,TDG,713.59,719.69,710.66,714.68,212241
2023-02-23,TDG,715.36,720.58,709.87,719.81,314494
2023-02-24,TDG,710.32,715.9,703.54,715.51,181344
2023-02-27,TDG,719.27,722.15,715.03,720.87,429541
2023-02-28,TDG,722.02,728.33,716.84,717.46,376588
2023-03-01,TDG,716.69,729.84,716.69,724.28,196865
2023-03-02,TDG,722.4,732.88,718.86,732.11,174910
2023-03-03,TDG,733.43,741.26,730.66,739.98,239811
2023-03-06,TDG,739.04,743.96,738.28,742.81,212788
2023-03-07,TDG,742.02,744.6,734.88,735.72,215392
2023-03-08,TDG,737.44,741.78,728.84,737.35,201393
2023-03-09,TDG,741.83,741.83,714.37,715.22,284229
2023-03-10,TDG,714.68,714.68,685.89,691.66,459462
2023-03-13,TDG,678.38,685.91,671.83,677.72,480371
2023-03-14,TDG,691.65,711.38,691.65,702.35,393122
2023-03-15,TDG,685.89,687.64,662.09,672.38,445236
2023-03-16,TDG,665.32,688.68,662.47,686.96,332223
2023-03-17,TDG,680.71,680.71,663.18,666.37,571049
2023-03-20,TDG,672.72,676.82,668.22,675.12,387473
2023-03-21,TDG,689.7,698.05,685.75,691.03,315956
2023-03-22,TDG,691.84,696.39,679.61,679.86,208234
2023-03-23,TDG,682.93,689.07,673.62,676.36,202912
2023-03-24,TDG,667.46,682.36,665.17,678.9,304595
2023-03-27,TDG,687.39,693.14,682.29,688.33,212641
2023-03-28,TDG,686.43,694.79,686.43,694.24,160258
2023-03-29,TDG,695.72,706.96,695.72,706.26,233300
2023-03-30,TDG,709.91,711.86,705.38,708.78,179210
2023-03-31,TDG,712.98,715.66,706.26,710.88,290340
2023-04-03,TDG,713.25,722.61,712.16,719.29,194691
2023-04-04,TDG,717.92,718.03,706.9,709.52,156428
2023-04-05,TDG,703.0,707.42,696.69,696.97,222823
2023-04-06,TDG,695.93,701.06,694.02,698.61,175877
2023-04-10,TDG,694.67,708.95,689.6,707.86,180508
2023-04-11,TDG,710.88,714.19,707.61,712.59,182778
2023-04-12,TDG,718.4,723.23,713.78,718.97,157274
2023-04-13,TDG,721.65,728.42,715.89,726.96,251017
2023-04-14,TDG,721.5,729.11,721.5,725.14,234942
2023-04-17,TDG,725.43,730.77,722.83,727.66,133401
2023-04-18,TDG,730.54,736.2,730.28,735.36,240895
2023-04-19,TDG,734.09,739.4,731.45,733.64,200142
2023-04-20,TDG,730.02,738.58,727.25,735.91,207841
2023-04-21,TDG,740.69,740.69,732.47,737.33,240518
2023-04-24,TDG,739.18,742.2,737.15,738.08,232800
2023-04-25,TDG,733.93,735.47,724.94,727.23,254737
2023-04-26,TDG,725.59,729.09,715.41,716.55,291280
2023-04-27,TDG,724.65,732.69,719.18,732.19,216402
2023-04-28,TDG,726.87,738.51,726.87,737.84,165276
2023-05-01,TDG,737.84,750.5,737.25,741.88,247660
2023-05-02,TDG,741.15,745.52,727.77,744.5,287406
2023-05-03,TDG,745.29,751.78,739.09,741.91,342599
2023-05-04,TDG,739.85,739.85,724.2,733.01,354970
2023-05-05,TDG,738.92,742.9,735.04,739.95,281741
2023-05-08,TDG,743.23,748.7,741.12,744.88,367731
2023-05-09,TDG,752.31,786.89,738.81,779.71,625917
2023-05-10,TDG,786.07,787.94,776.11,781.38,445145
2023-05-11,TDG,775.97,781.12,763.67,768.59,223011
2023-05-12,TDG,771.6,774.76,755.98,767.35,184707
2023-05-15,TDG,771.55,780.11,768.09,779.45,269002
2023-05-16,TDG,781.25,795.32,776.81,778.42,313424
2023-05-17,TDG,786.21,796.94,783.65,790.81,235076
2023-05-18,TDG,790.77,799.5,786.3,796.73,228641
2023-05-19,TDG,802.06,802.06,790.95,793.31,285883
2023-05-22,TDG,793.38,796.97,778.68,779.22,247542
2023-05-23,TDG,771.79,774.12,754.56,755.42,400011
2023-05-24,TDG,747.72,756.94,740.78,751.95,328705
2023-05-25,TDG,758.03,763.46,751.51,758.78,341297
2023-05-26,TDG,759.54,770.68,759.54,764.36,206168
2023-05-30,TDG,761.96,765.71,750.83,752.75,202625
2023-05-31,TDG,750.28,752.11,740.96,746.19,507013
2023-06-01,TDG,748.1,755.1,747.85,750.53,239808
2023-06-02,TDG,755.95,773.61,751.67,765.64,284130
2023-06-05,TDG,768.61,762.73,754.67,760.17,191024
2023-06-06,TDG,762.41,769.33,760.4,767.18,241260
2023-06-07,TDG,771.12,779.84,767.8,777.16,217992
2023-06-08,TDG,771.6,779.8,771.6,778.35,139067
2023-06-09,TDG,779.67,781.02,766.51,771.61,167251
2023-06-12,TDG,773.82,778.85,766.75,777.77,178123
2023-06-13,TDG,780.16,783.75,771.24,774.46,197417
2023-06-14,TDG,776.79,783.9,774.69,782.07,216471
2023-06-15,TDG,777.1,796.72,776.61,795.38,239755
2023-06-16,TDG,797.45,800.53,785.48,786.93,403175
2023-06-20,TDG,785.31,793.52,784.51,792.39,373016
2023-06-21,TDG,791.49,817.99,790.56,817.87,303812
2023-06-22,TDG,813.26,828.19,813.26,820.39,304280
2023-06-23,TDG,813.78,823.52,813.5,820.08,419485
2023-06-26,TDG,819.12,826.72,816.47,824.98,216531
2023-06-27,TDG,825.95,842.86,825.28,842.72,199571
2023-06-28,TDG,844.34,852.34,838.27,844.34,228704
2023-06-29,TDG,843.57,855.61,843.57,854.66,178608
2023-06-30,TDG,863.13,867.63,852.14,862.43,221123
2023-07-03,TDG,857.37,864.98,852.63,864.63,90523
2023-07-05,TDG,857.55,861.41,851.42,855.11,229242
2023-07-06,TDG,851.2,858.49,845.87,847.64,261643
2023-07-07,TDG,847.4,856.67,844.85,851.73,204876
2023-07-10,TDG,848.85,857.85,848.78,850.2,257855
2023-07-11,TDG,849.08,861.92,847.39,861.03,309431
2023-07-12,TDG,863.81,865.42,853.23,856.5,297389
2023-07-13,TDG,855.14,863.47,855.14,861.97,162248
2023-07-14,TDG,861.91,861.93,849.16,857.2,194033
2023-07-17,TDG,857.2,862.26,854.57,854.79,208169
2023-07-18,TDG,854.78,865.91,854.78,864.96,239366
2023-07-19,TDG,858.42,868.02,850.14,854.88,225249
2023-07-20,TDG,858.36,859.27,854.01,858.73,253330
2023-07-21,TDG,862.01,862.75,854.68,856.41,154153
2023-07-24,TDG,855.52,858.59,848.57,850.73,168484
2023-07-25,TDG,840.2,862.03,836.64,862.01,244938
2023-07-26,TDG,860.98,867.15,855.42,860.31,204277
2023-07-27,TDG,863.46,864.85,854.35,860.93,176297
2023-07-28,TDG,868.04,868.05,847.11,853.71,235297
2023-07-31,TDG,853.66,868.05,853.66,867.78,185009
2023-08-01,TDG,865.44,874.8,863.91,870.59,256757
2023-08-02,TDG,866.14,867.53,855.27,855.86,159477
2023-08-03,TDG,851.07,870.73,847.18,863.79,271253
2023-08-04,TDG,865.53,881.83,860.76,864.29,296895
2023-08-07,TDG,869.01,888.99,867.62,881.73,325980
2023-08-08,TDG,894.59,906.63,829.71,857.31,646899
2023-08-09,TDG,858.92,858.92,830.78,839.02,382113
2023-08-10,TDG,839.5,849.57,839.12,846.61,256578
2023-08-11,TDG,848.76,851.2,834.51,842.28,146474
2023-08-14,TDG,842.53,845.24,832.19,834.3,416354
2023-08-15,TDG,834.29,834.32,818.81,830.0,211491
2023-08-16,TDG,830.84,835.94,824.56,825.26,155447
2023-08-17,TDG,830.6,831.5,811.99,813.82,196274
2023-08-18,TDG,807.58,829.81,804.44,826.7,282433
2023-08-21,TDG,827.22,830.68,818.08,822.05,247646
2023-08-22,TDG,827.69,830.78,822.67,824.88,124759
2023-08-23,TDG,828.02,839.29,825.45,834.88,125712
2023-08-24,TDG,831.65,840.99,820.75,828.51,238169
2023-08-25,TDG,830.81,839.71,827.98,834.07,144377
2023-08-28,TDG,833.2,850.99,833.2,850.21,137468
2023-08-29,TDG,845.89,862.36,845.18,861.86,131135
2023-08-30,TDG,861.84,877.46,861.84,870.69,217604
2023-08-31,TDG,873.27,878.25,869.36,871.76,272234
2023-09-01,TDG,877.06,881.35,868.77,878.97,145781
2023-09-05,TDG,879.74,879.74,854.32,857.59,227626
2023-09-06,TDG,859.19,863.0,849.72,851.63,229437
2023-09-07,TDG,851.77,856.52,848.03,855.73,158709
2023-09-08,TDG,856.1,856.94,834.29,840.94,180597
2023-09-11,TDG,845.86,849.92,831.01,846.66,185744
2023-09-12,TDG,842.92,849.74,840.34,841.1,175023
2023-09-13,TDG,840.49,846.67,829.87,836.37,191755
2023-09-14,TDG,839.12,846.6,834.53,843.09,192269
2023-09-15,TDG,840.08,844.96,832.4,834.0,818141
2023-09-18,TDG,834.98,846.36,834.87,839.2,184872
2023-09-19,TDG,838.16,843.94,831.02,839.68,122983
2023-09-20,TDG,844.79,849.22,824.0,824.02,150360
2023-09-21,TDG,820.5,823.46,810.18,812.91,227326
2023-09-22,TDG,815.55,823.2,812.92,817.28,146529
2023-09-25,TDG,812.71,824.35,808.35,820.99,106951
2023-09-26,TDG,818.08,819.05,812.25,812.76,260276
2023-09-27,TDG,815.71,823.89,811.05,821.58,127566
2023-09-28,TDG,825.24,831.26,816.93,818.25,255016
2023-09-29,TDG,823.73,825.64,808.08,813.2,258699
2023-10-02,TDG,811.25,811.99,788.6,795.11,251831
2023-10-03,TDG,788.86,793.9,773.97,783.42,320653
2023-10-04,TDG,781.52,793.69,776.81,792.48,207124
2023-10-05,TDG,794.31,814.07,786.97,809.15,435655
2023-10-06,TDG,804.16,821.59,799.13,819.9,312897
2023-10-09,TDG,827.19,837.31,820.44,836.28,259742
2023-10-10,TDG,840.5,847.62,831.06,835.43,247066
2023-10-11,TDG,826.42,840.85,826.42,838.15,252305
2023-10-12,TDG,841.34,841.34,821.63,827.84,209326
2023-10-13,TDG,831.38,837.65,818.34,826.66,228247
2023-10-16,TDG,835.26,842.69,829.56,833.24,225326
2023-10-17,TDG,829.61,842.17,824.66,832.54,177387
2023-10-18,TDG,827.84,828.51,810.15,812.02,246173
2023-10-19,TDG,809.4,819.01,799.4,801.13,170616
2023-10-20,TDG,801.21,802.46,789.91,793.55,184600
2023-10-23,TDG,792.81,802.54,788.34,797.16,161916
2023-10-24,TDG,807.61,809.41,796.95,801.57,137757
2023-10-25,TDG,799.95,807.86,785.84,789.23,150329
2023-10-26,TDG,793.24,803.31,787.92,788.96,221081
2023-10-27,TDG,788.26,791.81,782.61,789.97,222807
2023-10-30,TDG,796.29,798.37,787.97,790.57,337457
2023-10-31,TDG,792.21,804.3,788.59,798.69,360052
2023-11-01,TDG,801.76,801.76,789.08,798.93,261538
2023-11-02,TDG,809.11,839.56,808.71,838.85,338768
2023-11-03,TDG,844.48,858.67,844.48,850.77,215660
2023-11-06,TDG,851.23,857.77,843.89,857.19,210616
2023-11-07,TDG,855.36,864.41,848.13,861.12,276161
2023-11-08,TDG,863.34,865.98,855.28,863.43,280083
2023-11-09,TDG,911.45,954.95,902.62,938.53,654144
2023-11-10,TDG,950.35,960.88,938.67,957.27,356156
2023-11-13,TDG,954.86,960.02,945.44,957.89,308840
2023-11-14,TDG,968.49,977.12,959.61,961.36,335664
2023-11-15,TDG,959.97,963.13,952.83,958.87,320569
2023-11-16,TDG,960.28,962.41,945.74,951.91,303124
2023-11-17,TDG,958.23,961.4,951.19,957.63,291021
2023-11-20,TDG,964.23,969.03,958.05,964.36,261129
2023-11-21,TDG,962.53,974.8,961.28,971.03,237696
2023-11-22,TDG,969.22,979.71,966.28,970.2,138547
2023-11-24,TDG,967.89,976.36,962.59,970.73,42996
2023-11-27,TDG,966.59,980.0,966.59,976.58,167103
2023-11-28,TDG,979.4,980.0,954.52,956.18,253637
2023-11-29,TDG,958.49,959.63,950.62,952.82,124583
2023-11-30,TDG,956.54,963.78,949.99,962.87,279309
2023-12-01,TDG,958.92,974.75,956.45,970.27,162098
2023-12-04,TDG,963.6,969.52,957.7,967.38,168748
2023-12-05,TDG,962.43,967.38,950.93,955.51,140067
2023-12-06,TDG,962.42,970.94,958.73,963.51,134171
2023-12-07,TDG,966.38,976.0,965.69,972.96,209981
2023-12-08,TDG,973.7,986.14,971.94,983.92,144938
2023-12-11,TDG,982.65,994.69,982.65,992.52,145331
2023-12-12,TDG,996.1,1001.37,992.6,1000.39,209531
2023-12-13,TDG,1001.26,1015.72,998.54,1011.36,228325
2023-12-14,TDG,1011.9,1014.03,975.34,987.0,328715
2023-12-15,TDG,978.07,994.5,978.07,985.59,485810
2023-12-18,TDG,991.19,996.8,985.88,989.89,138285
2023-12-19,TDG,992.63,1004.2,992.63,998.39,131722
2023-12-20,TDG,991.94,995.81,981.62,981.64,141020
2023-12-21,TDG,992.69,995.02,981.51,994.12,141080
2023-12-22,TDG,997.09,1005.91,996.46,1000.42,144147
2023-12-26,TDG,1000.21,1012.65,998.21,1008.97,119251
2023-12-27,TDG,1006.3,1012.44,1004.28,1007.99,148274
2023-12-28,TDG,998.71,1014.31,998.71,1012.79,118897
2023-12-29,TDG,1015.0,1018.5,1008.01,1011.6,161192
2024-01-02,TDG,1005.64,1013.5,989.31,992.2,245605
2024-01-03,TDG,987.78,993.4,972.08,972.61,271475
2024-01-04,TDG,977.89,994.18,974.05,975.53,207083
2024-01-05,TDG,977.48,986.76,976.01,978.61,217945
2024-01-08,TDG,975.0,997.81,975.0,997.18,257686
2024-01-09,TDG,988.94,1002.85,985.29,1000.12,210737
2024-01-10,TDG,1005.81,1017.21,1002.81,1015.0,205795
2024-01-11,TDG,1015.0,1022.98,1004.25,1019.82,188763
2024-01-12,TDG,1027.12,1033.81,1018.84,1032.83,146182
2024-01-16,TDG,1029.16,1033.65,1017.8,1027.32,194003
2024-01-17,TDG,1025.01,1040.67,1025.01,1031.75,149786
2024-01-18,TDG,1035.71,1053.64,1032.43,1053.0,201327
2024-01-19,TDG,1058.4,1059.95,1048.06,1057.13,171157
2024-01-22,TDG,1058.35,1074.25,1058.35,1072.21,200051
2024-01-23,TDG,1070.63,1077.54,1068.76,1071.85,153762
2024-01-24,TDG,1073.28,1076.94,1058.94,1059.92,144767
2024-01-25,TDG,1065.79,1080.95,1063.53,1078.87,260942
2024-01-26,TDG,1082.32,1089.96,1070.82,1082.48,244543
2024-01-29,TDG,1086.16,1088.4,1070.03,1081.73,145473
2024-01-30,TDG,1081.49,1089.5,1078.54,1085.94,174096
2024-01-31,TDG,1087.57,1100.0,1086.37,1092.68,312049
2024-02-01,TDG,1099.46,1116.93,1095.72,1113.68,228125
2024-02-02,TDG,1114.74,1129.42,1111.68,1123.76,188088
2024-02-05,TDG,1119.73,1139.82,1119.12,1135.08,230808
2024-02-06,TDG,1141.67,1142.55,1127.83,1140.6,287070
2024-02-07,TDG,1140.36,1150.15,1140.36,1147.01,369131
2024-02-08,TDG,1153.22,1155.24,1108.9,1128.57,442630
2024-02-09,TDG,1132.08,1139.98,1115.87,1119.89,283130
2024-02-12,TDG,1119.09,1119.09,1104.05,1109.17,219939
2024-02-13,TDG,1100.86,1123.43,1100.86,1122.26,270221
2024-02-14,TDG,1135.38,1147.6,1128.51,1147.13,219139
2024-02-15,TDG,1150.0,1159.39,1136.8,1157.79,232966
2024-02-16,TDG,1159.62,1165.0,1144.68,1146.39,197352
2024-02-20,TDG,1146.44,1163.48,1142.0,1159.01,227035
2024-02-21,TDG,1159.33,1165.08,1155.83,1164.35,183142
2024-02-22,TDG,1165.0,1195.47,1164.42,1192.95,261878
2024-02-23,TDG,1193.39,1207.58,1192.78,1199.89,163602
2024-02-26,TDG,1203.33,1206.85,1186.67,1187.4,168139
2024-02-27,TDG,1186.3,1187.76,1161.65,1174.22,194251
2024-02-28,TDG,1174.0,1177.1,1165.38,1172.0,286779
2024-02-29,TDG,1170.82,1179.26,1164.14,1177.74,314614
2024-03-01,TDG,1178.0,1188.0,1169.94,1183.27,196511
2024-03-04,TDG,1187.35,1189.53,1167.73,1173.41,264603
2024-03-05,TDG,1172.27,1178.97,1154.33,1160.0,229864
2024-03-06,TDG,1169.28,1174.97,1162.69,1168.68,230331
2024-03-07,TDG,1175.0,1177.65,1169.54,1174.69,162288
2024-03-08,TDG,1170.31,1180.0,1148.74,1164.99,204556
2024-03-11,TDG,1158.84,1158.84,1136.27,1151.74,253926
2024-03-12,TDG,1164.13,1184.39,1154.2,1183.13,228003
2024-03-13,TDG,1176.34,1190.18,1174.63,1187.4,162030
2024-03-14,TDG,1189.63,1192.58,1179.85,1185.9,175841
2024-03-15,TDG,1173.08,1182.25,1163.82,1172.2,326702
2024-03-18,TDG,1181.83,1188.9,1177.45,1181.0,154520
2024-03-19,TDG,1184.7,1202.7,1177.76,1200.92,174658
2024-03-20,TDG,1199.7,1217.0,1198.54,1214.98,203978
2024-03-21,TDG,1215.93,1238.34,1212.49,1232.38,203827
2024-03-22,TDG,1232.38,1238.0,1226.88,1231.2,148930
2024-03-25,TDG,1238.13,1238.13,1218.07,1223.41,115583
2024-03-26,TDG,1226.16,1227.27,1217.31,1223.11,113104
2024-03-27,TDG,1233.14,1237.49,1223.5,1233.8,140380
2024-03-28,TDG,1233.8,1238.95,1226.38,1231.6,164404
2024-04-01,TDG,1229.77,1229.77,1208.9,1213.94,148762
2024-04-02,TDG,1209.3,1209.3,1196.77,1203.82,231730
2024-04-03,TDG,1201.71,1234.95,1201.71,1228.51,222982
2024-04-04,TDG,1242.04,1246.22,1200.0,1204.36,188064
2024-04-05,TDG,1212.55,1237.13,1212.55,1235.28,152933
2024-04-08,TDG,1236.91,1239.26,1227.88,1233.29,126761
2024-04-09,TDG,1234.29,1234.29,1198.32,1215.93,130082
2024-04-10,TDG,1206.76,1224.62,1205.21,1219.91,170186
2024-04-11,TDG,1214.67,1237.51,1206.87,1234.93,180243
2024-04-12,TDG,1223.03,1231.86,1207.12,1220.38,193470
2024-04-15,TDG,1243.0,1248.39,1206.96,1207.5,183178
2024-04-16,TDG,1210.09,1228.08,1210.09,1223.15,155244
2024-04-17,TDG,1233.52,1235.28,1212.71,1225.7,148008
2024-04-18,TDG,1218.92,1237.39,1211.57,1213.5,205492
2024-04-19,TDG,1225.37,1226.33,1185.78,1187.7,231376
2024-04-22,TDG,1195.94,1213.65,1186.12,1200.93,147923
2024-04-23,TDG,1215.0,1244.66,1212.41,1242.4,241828
2024-04-24,TDG,1250.0,1255.59,1213.79,1241.62,222452
2024-04-25,TDG,1240.05,1265.25,1225.5,1256.58,232694
2024-04-26,TDG,1257.37,1269.51,1254.49,1259.15,140898
2024-04-29,TDG,1260.0,1269.12,1249.66,1258.72,124301
2024-04-30,TDG,1253.27,1266.7,1245.99,1248.03,238240
2024-05-01,TDG,1245.57,1269.49,1242.07,1249.32,158892
2024-05-02,TDG,1254.61,1274.21,1250.18,1271.78,196565
2024-05-03,TDG,1291.61,1303.49,1270.93,1293.8,238023
2024-05-06,TDG,1305.68,1309.43,1294.99,1301.63,330478
2024-05-07,TDG,1240.02,1315.02,1240.0,1310.4,443128
2024-05-08,TDG,1315.23,1328.15,1306.31,1315.0,250144
2024-05-09,TDG,1316.96,1330.38,1310.34,1318.86,229231
2024-05-10,TDG,1328.22,1330.82,1308.6,1310.49,212403
