date,close,high,low,open,symbol,volume,changeOverTime,marketChangeOverTime,uOpen,uClose,uHigh,uLow,uVolume,fOpen,fClose,fHigh,fLow,fVolume,change,changePercent
2013-08-09,158.16,171.6,151.26,163.5,FI,3436375.1666666665,0.0,0.0,27.25,26.36,28.6,25.21,20618251,144.9941,140.2585,152.1772,134.1395,3436375.1666666665,0.0,0.0
2013-08-12,159.0,160.5,157.2,157.74,FI,247324.66666666663,0.005311077389984847,0.005311077389984847,26.29,26.5,26.75,26.2,1483948,139.886,141.0034,142.3336,139.4071,247324.66666666663,0.8400000000000034,0.0053
2013-08-13,156.54,159.0,156.54,159.0,FI,211167.16666666663,-0.010242792109256478,-0.010242792109256478,26.5,26.09,26.5,26.09,1267003,141.0034,138.8218,141.0034,138.8218,211167.16666666663,-2.460000000000008,-0.0155
2013-08-14,156.6,159.0,155.64,155.64,FI,162191.83333333334,-0.009863429438543262,-0.009863429438543262,25.94,26.1,26.5,25.94,973151,138.0237,138.875,141.0034,138.0237,162191.83333333334,0.060000000000002274,0.0004
2013-08-15,158.28,159.0,154.8,156.0,FI,217716.5,0.0007587253414264324,0.0007587253414264324,26.0,26.38,26.5,25.8,1306299,138.343,140.3649,141.0034,137.2788,217716.5,1.6800000000000068,0.0107
2013-08-16,160.5,161.82,157.9656,158.82,FI,83688.66666666667,0.014795144157814893,0.014795144157814893,26.47,26.75,26.97,26.3276,502132,140.8438,142.3336,143.5042,140.0861,83688.66666666667,2.219999999999999,0.014
2013-08-19,159.0,160.26,157.98,159.6,FI,38236.833333333336,0.005311077389984847,0.005311077389984847,26.6,26.5,26.71,26.33,229421,141.5355,141.0034,142.1208,140.0988,38236.833333333336,-1.5,-0.0093
2013-08-20,167.22,168.12,159.0,160.08,FI,135265.66666666666,0.05728376327769349,0.05728376327769349,26.68,27.87,28.02,26.5,811594,141.9612,148.293,149.0911,141.0034,135265.66666666666,8.219999999999999,0.0517
2013-08-21,166.62,168.48,164.58,166.8,FI,75461.33333333333,0.05349013657056151,0.05349013657056151,27.8,27.77,28.08,27.43,452768,147.9205,147.7609,149.4104,145.9518,75461.33333333333,-0.5999999999999943,-0.0036
2013-08-22,167.82,168.0,165.72,166.26,FI,27903.83333333333,0.061077389984825474,0.061077389984825474,27.71,27.97,28.0,27.62,167423,147.4417,148.8251,148.9847,146.9628,27903.83333333333,1.1999999999999886,0.0072
2013-08-23,166.92,169.02,165.36,168.54,FI,22130.5,0.05538694992412741,0.05538694992412741,28.09,27.82,28.17,27.56,132783,149.4636,148.027,149.8893,146.6435,22130.5,-0.9000000000000057,-0.0054
2013-08-26,166.74,168.4806,166.02,166.14,FI,69167.16666666667,0.05424886191198794,0.05424886191198794,27.69,27.79,28.0801,27.67,415003,147.3352,147.8673,149.4109,147.2288,69167.16666666667,-0.1799999999999784,-0.0011
2013-08-27,164.58,166.26,163.56,165.6,FI,52993.0,0.040591805766312695,0.040591805766312695,27.6,27.43,27.71,27.26,317958,146.8564,145.9518,147.4417,145.0473,52993.0,-2.1599999999999966,-0.013
2013-08-28,165.9,168.18,161.4,163.44,FI,65710.83333333333,0.04893778452200309,0.04893778452200309,27.24,27.65,28.03,26.9,394265,144.9408,147.1224,149.1443,143.1317,65710.83333333333,1.3199999999999932,0.008
2013-08-29,165.54,168.54,164.64,166.2,FI,101773.5,0.04666160849772379,0.04666160849772379,27.7,27.59,28.09,27.44,610641,147.3885,146.8032,149.4636,146.005,101773.5,-0.36000000000001364,-0.0022
2013-08-30,166.26,167.82,164.406,165.48,FI,12055.5,0.05121396054628221,0.05121396054628221,27.58,27.71,27.97,27.401,72333,146.7499,147.4417,148.8251,145.7975,12055.5,0.7199999999999989,0.0043
2013-09-03,165.72,167.52,161.1,167.46,FI,47179.0,0.047799696509863446,0.047799696509863446,27.91,27.62,27.92,26.85,283074,148.5058,146.9628,148.559,142.8657,47179.0,-0.539999999999992,-0.0032
2013-09-04,165.0,166.8,162.24,166.8,FI,186521.5,0.04324734446130503,0.04324734446130503,27.8,27.5,27.8,27.04,1119129,147.9205,146.3243,147.9205,143.8767,186521.5,-0.7199999999999989,-0.0043
2013-09-05,168.78,170.52,165.3,165.3,FI,36618.0,0.06714719271623676,0.06714719271623676,27.55,28.13,28.42,27.55,219708,146.5903,149.6764,151.2195,146.5903,36618.0,3.780000000000001,0.0229
2013-09-06,168.6,172.5,168.3,171.66,FI,28137.5,0.0660091047040971,0.0660091047040971,28.61,28.1,28.75,28.05,168825,152.2305,149.5168,152.9754,149.2508,28137.5,-0.18000000000000682,-0.0011
2013-09-09,171.78,172.08,168.924,170.34,FI,66054.5,0.08611532625189684,0.08611532625189684,28.39,28.63,28.68,28.154,396327,151.0599,152.3369,152.6029,149.8041,66054.5,3.180000000000007,0.0189
2013-09-10,170.88,173.4,169.512,172.32,FI,89529.66666666667,0.08042488619119878,0.08042488619119878,28.72,28.48,28.9,28.252,537178,152.8158,151.5387,153.7735,150.3256,89529.66666666667,-0.9000000000000057,-0.0052
2013-09-11,170.28,171.6,169.14,171.6,FI,42083.0,0.0766312594840668,0.0766312594840668,28.6,28.38,28.6,28.19,252498,152.1772,151.0067,152.1772,149.9957,42083.0,-0.5999999999999943,-0.0035
2013-09-12,169.44,169.95,165.7038,169.74,FI,84661.0,0.07132018209408195,0.07132018209408195,28.29,28.24,28.325,27.6173,507966,150.5278,150.2617,150.714,146.9484,84661.0,-0.8400000000000034,-0.0049
2013-09-13,169.02,169.68,166.74,169.62,FI,75625.16666666667,0.06866464339908962,0.06866464339908962,28.27,28.17,28.28,27.79,453751,150.4214,149.8893,150.4746,147.8673,75625.16666666667,-0.4199999999999875,-0.0025
2013-09-16,169.38,172.08,167.28,170.1,FI,103684.16666666669,0.07094081942336873,0.07094081942336873,28.35,28.23,28.68,27.88,622105,150.847,150.2085,152.6029,148.3462,103684.16666666669,0.3599999999999852,0.0021
2013-09-17,168.6,170.04,167.1,169.74,FI,71278.66666666667,0.0660091047040971,0.0660091047040971,28.29,28.1,28.34,27.85,427672,150.5278,149.5168,150.7938,148.1866,71278.66666666667,-0.7800000000000011,-0.0046
2013-09-18,172.74,176.94,171.0,171.0,FI,198453.16666666663,0.09218512898330812,0.09218512898330812,28.5,28.79,29.49,28.5,1190719,151.6452,153.1882,156.9128,151.6452,198453.16666666663,4.140000000000015,0.0246
2013-09-19,178.26,180.0,174.0,179.4,FI,164225.66666666666,0.12708649468892258,0.12708649468892258,29.9,29.71,30.0,29.0,985354,159.0944,158.0834,159.6265,154.3056,164225.66666666666,5.519999999999982,0.032
2013-09-20,177.3,181.14,176.4,180.0,FI,150711.16666666666,0.12101669195751148,0.12101669195751148,30.0,29.55,30.19,29.4,904267,159.6265,157.2321,160.6375,156.434,150711.16666666666,-0.9599999999999795,-0.0054
2013-09-23,177.66,178.8,176.04,177.36,FI,76631.0,0.1232928679817906,0.1232928679817906,29.56,29.61,29.8,29.34,459786,157.2853,157.5513,158.5623,156.1147,76631.0,0.3599999999999852,0.002
2013-09-24,175.5,178.26,174.0,178.26,FI,46916.66666666666,0.10963581183611534,0.10963581183611534,29.71,29.25,29.71,29.0,281500,158.0834,155.6358,158.0834,154.3056,46916.66666666666,-2.1599999999999966,-0.0122
2013-09-25,177.54,178.38,175.92,175.92,FI,23551.166666666668,0.12253414264036416,0.12253414264036416,29.32,29.59,29.73,29.32,141307,156.0083,157.4449,158.1898,156.0083,23551.166666666668,2.039999999999992,0.0116
2013-09-26,180.9,181.14,177.36,177.36,FI,106066.5,0.14377845220030355,0.14377845220030355,29.56,30.15,30.19,29.56,636399,157.2853,160.4246,160.6375,157.2853,106066.5,3.3600000000000136,0.0189
2013-09-27,179.82,180.54,179.46,180.3,FI,41145.333333333336,0.13694992412746584,0.13694992412746584,30.05,29.97,30.09,29.91,246872,159.8925,159.4669,160.1054,159.1476,41145.333333333336,-1.0800000000000125,-0.006
2013-09-30,179.58,182.7,177.72,178.5,FI,291464.3333333333,0.13543247344461315,0.13543247344461315,29.75,29.93,30.45,29.62,1748786,158.2963,159.254,162.0209,157.6045,291464.3333333333,-0.23999999999998067,-0.0013
2013-10-01,182.82,183.96,179.76,180.36,FI,53410.333333333336,0.15591805766312594,0.15591805766312594,30.06,30.47,30.66,29.96,320462,159.9457,162.1273,163.1383,159.4136,53410.333333333336,3.2399999999999807,0.018
2013-10-02,189.06,190.35,180.06,182.7,FI,65207.16666666666,0.19537177541729897,0.19537177541729897,30.45,31.51,31.725,30.01,391243,162.0209,167.661,168.805,159.6797,65207.16666666666,6.240000000000009,0.0341
2013-10-03,187.8,189.3,184.1046,188.52,FI,52793.66666666666,0.1874051593323218,0.1874051593323218,31.42,31.3,31.55,30.6841,316762,167.1821,166.5436,167.8739,163.2665,52793.66666666666,-1.259999999999991,-0.0067
2013-10-04,187.14,194.58,186.09,192.72,FI,190893.66666666663,0.18323216995447641,0.18323216995447641,32.12,31.19,32.43,31.015,1145362,170.9068,165.9583,172.5562,165.0272,190893.66666666663,-0.660000000000025,-0.0035
2013-10-07,186.42,187.92,184.05,187.08,FI,89327.5,0.178679817905918,0.178679817905918,31.18,31.07,31.32,30.675,535965,165.9051,165.3198,166.6501,163.2181,89327.5,-0.7199999999999989,-0.0038
2013-10-08,184.26,186.84,181.68,186.06,FI,106257.5,0.16502276176024275,0.16502276176024275,31.01,30.71,31.14,30.28,637545,165.0006,163.4043,165.6923,161.1163,106257.5,-2.1599999999999966,-0.0116
2013-10-09,181.02,184.5,180.6,184.5,FI,87203.0,0.14453717754172998,0.14453717754172998,30.75,30.17,30.75,30.1,523218,163.6171,160.531,163.6171,160.1586,87203.0,-3.2399999999999807,-0.0176
2013-10-10,184.92,185.76,181.56,183.0,FI,51180.333333333336,0.16919575113808796,0.16919575113808796,30.5,30.82,30.96,30.26,307082,162.2869,163.9896,164.7345,161.0099,51180.333333333336,3.8999999999999773,0.0215
2013-10-11,188.88,192.0,184.14,184.98,FI,41943.66666666666,0.19423368740515934,0.19423368740515934,30.83,31.48,32.0,30.69,251662,164.0428,167.5014,170.2683,163.2979,41943.66666666666,3.960000000000008,0.0214
2013-10-14,190.32,192.27,188.43,188.58,FI,50372.5,0.20333839150227617,0.20333839150227617,31.43,31.72,32.045,31.405,302235,167.2353,168.7784,170.5077,167.1023,50372.5,1.4399999999999977,0.0076
2013-10-15,187.44,191.34,186.9,190.56,FI,65187.5,0.1851289833080425,0.1851289833080425,31.76,31.24,31.89,31.15,391125,168.9912,166.2244,169.683,165.7455,65187.5,-2.8799999999999955,-0.0151
2013-10-16,189.0,189.54,186.72,188.76,FI,38803.0,0.19499241274658577,0.19499241274658577,31.46,31.5,31.59,31.12,232818,167.395,167.6078,168.0867,165.5859,38803.0,1.5600000000000023,0.0083
2013-10-17,188.16,190.5,187.2,189.0,FI,53199.66666666666,0.18968133535660092,0.18968133535660092,31.5,31.36,31.75,31.2,319198,167.6078,166.8629,168.938,166.0115,53199.66666666666,-0.8400000000000034,-0.0044
2013-10-18,193.32,196.1994,190.02,190.02,FI,58216.833333333336,0.22230652503793624,0.22230652503793624,31.67,32.22,32.6999,31.67,349301,168.5124,171.4388,173.9923,168.5124,58216.833333333336,5.159999999999997,0.0274
2013-10-21,192.78,194.916,192.48,193.32,FI,58451.0,0.21889226100151749,0.21889226100151749,32.22,32.13,32.486,32.08,350706,171.4388,170.96,172.8542,170.6939,58451.0,-0.539999999999992,-0.0028
2013-10-22,188.64,193.5,188.46,193.5,FI,38054.0,0.19271623672230648,0.19271623672230648,32.25,31.44,32.25,31.41,228324,171.5985,167.2886,171.5985,167.1289,38054.0,-4.140000000000015,-0.0215
2013-10-23,179.4,187.56,179.1,187.56,FI,106734.33333333331,0.13429438543247352,0.13429438543247352,31.26,29.9,31.26,29.85,640406,166.3308,159.0944,166.3308,158.8284,106734.33333333331,-9.23999999999998,-0.049
2013-10-24,178.8,179.52,175.8,178.86,FI,48464.66666666666,0.13050075872534153,0.13050075872534153,29.81,29.8,29.92,29.3,290788,158.6155,158.5623,159.2008,155.9019,48464.66666666666,-0.5999999999999943,-0.0033
2013-10-25,177.12,182.04,176.76,180.18,FI,37816.333333333336,0.11987860394537182,0.11987860394537182,30.03,29.52,30.34,29.46,226898,159.7861,157.0725,161.4356,156.7532,37816.333333333336,-1.6800000000000068,-0.0094
2013-10-28,183.42,186.06,177.54,177.6,FI,53568.16666666666,0.1597116843702579,0.1597116843702579,29.6,30.57,31.01,29.59,321409,157.4981,162.6594,165.0006,157.4449,53568.16666666666,6.299999999999983,0.0356
2013-10-29,183.9,185.94,182.865,183.24,FI,30805.0,0.16274658573596365,0.16274658573596365,30.54,30.65,30.99,30.4775,184830,162.4998,163.0851,164.8942,162.1672,30805.0,0.4800000000000182,0.0026
2013-10-30,183.12,188.85,182.07,184.44,FI,46610.833333333336,0.157814871016692,0.157814871016692,30.74,30.52,31.475,30.345,279665,163.5639,162.3933,167.4748,161.4622,46610.833333333336,-0.7800000000000011,-0.0042
2013-10-31,183.54,185.52,180.78,183.6,FI,38266.833333333336,0.16047040971168436,0.16047040971168436,30.6,30.59,30.92,30.13,229601,162.819,162.7658,164.5217,160.3182,38266.833333333336,0.4199999999999875,0.0023
2013-11-01,186.9,187.68,182.7,183.06,FI,39079.0,0.18171471927162372,0.18171471927162372,30.51,31.15,31.28,30.45,234474,162.3401,165.7455,166.4372,162.0209,39079.0,3.3600000000000136,0.0183
2013-11-04,183.6,186.9,180.18,186.9,FI,50072.333333333336,0.16084977238239756,0.16084977238239756,31.15,30.6,31.15,30.03,300434,165.7455,162.819,165.7455,159.7861,50072.333333333336,-3.3000000000000114,-0.0177
2013-11-05,182.52,185.04,181.2,183.42,FI,48611.833333333336,0.15402124430956002,0.15402124430956002,30.57,30.42,30.84,30.2,291671,162.6594,161.8613,164.096,160.6907,48611.833333333336,-1.079999999999984,-0.0059
2013-11-06,185.88,190.44,181.38,182.82,FI,35297.0,0.17526555386949924,0.17526555386949924,30.47,30.98,31.74,30.23,211782,162.1273,164.841,168.8848,160.8503,35297.0,3.359999999999985,0.0184
2013-11-07,181.5,187.9404,181.44,186.72,FI,27223.0,0.14757207890743554,0.14757207890743554,31.12,30.25,31.3234,30.24,163338,165.5859,160.9567,166.6681,160.9035,27223.0,-4.3799999999999955,-0.0236
2013-11-08,187.74,189.54,181.86,181.86,FI,39302.333333333336,0.18702579666160857,0.18702579666160857,30.31,31.29,31.59,30.31,235814,161.276,166.4904,168.0867,161.276,39302.333333333336,6.240000000000009,0.0344
2013-11-11,181.98,187.5,180.546,187.5,FI,46315.833333333336,0.1506069802731411,0.1506069802731411,31.25,30.33,31.25,30.091,277895,166.2776,161.3824,166.2776,160.1107,46315.833333333336,-5.760000000000019,-0.0307
2013-11-12,177.12,181.56,176.64,181.5,FI,44513.16666666666,0.11987860394537182,0.11987860394537182,30.25,29.52,30.26,29.44,267079,160.9567,157.0725,161.0099,156.6468,44513.16666666666,-4.859999999999985,-0.0267
2013-11-13,152.82,161.4,138.6,156.0,FI,838127.6666666666,-0.03376327769347499,-0.03376327769347499,26.0,25.47,26.9,23.1,5028766,138.343,135.5229,143.1317,122.9124,838127.6666666666,-24.30000000000001,-0.1372
2013-11-14,151.44,157.74,150.06,155.76,FI,177981.66666666666,-0.0424886191198786,-0.0424886191198786,25.96,25.24,26.29,25.01,1067890,138.1301,134.2991,139.886,133.0753,177981.66666666666,-1.3799999999999955,-0.009
2013-11-15,153.66,159.84,148.62,151.44,FI,147527.16666666666,-0.028452200303490136,-0.028452200303490136,25.24,25.61,26.64,24.77,885163,134.2991,136.2678,141.7483,131.7983,147527.16666666666,2.219999999999999,0.0147
2013-11-18,144.12,150.78,142.62,150.78,FI,286583.3333333333,-0.08877086494688918,-0.08877086494688918,25.13,24.02,25.13,23.77,1719500,133.7138,127.8076,133.7138,126.4774,286583.3333333333,-9.539999999999992,-0.0621
2013-11-19,142.32,148.1004,141.126,146.88,FI,120745.33333333331,-0.10015174506828531,-0.10015174506828531,24.48,23.72,24.6834,23.521,724472,130.2552,126.2113,131.3375,125.1525,120745.33333333331,-1.8000000000000114,-0.0125
2013-11-20,144.36,145.14,142.92,142.92,FI,64461.5,-0.08725341426403631,-0.08725341426403631,23.82,24.06,24.19,23.82,386769,126.7434,128.0204,128.7122,126.7434,64461.5,2.0400000000000205,0.0143
2013-11-21,145.5,147.78,143.88,145.08,FI,47309.833333333336,-0.08004552352048556,-0.08004552352048556,24.18,24.25,24.63,23.98,283859,128.6589,129.0314,131.0533,127.5948,47309.833333333336,1.1399999999999864,0.0079
2013-11-22,144.84,145.74,142.38,145.2,FI,40461.333333333336,-0.08421851289833077,-0.08421851289833077,24.2,24.14,24.29,23.73,242768,128.7654,128.4461,129.2442,126.2645,40461.333333333336,-0.6599999999999966,-0.0045
2013-11-25,141.96,145.2,141.06,145.2,FI,39470.5,-0.10242792109256442,-0.10242792109256442,24.2,23.66,24.2,23.51,236823,128.7654,125.8921,128.7654,125.094,39470.5,-2.8799999999999955,-0.0199
2013-11-26,141.78,142.5,141.36,141.6,FI,92402.5,-0.10356600910470407,-0.10356600910470407,23.6,23.63,23.75,23.56,554415,125.9722,126.1323,126.7728,125.7586,92402.5,-0.18000000000000682,-0.0013
2013-11-27,143.7,143.76,141.6,142.98,FI,44267.16666666666,-0.09142640364188169,-0.09142640364188169,23.83,23.95,23.96,23.6,265603,127.1998,127.8404,127.8938,125.9722,44267.16666666666,1.9199999999999875,0.0135
2013-11-29,143.7,143.76,141.6,142.98,FI,44267.16666666666,-0.09142640364188169,-0.09142640364188169,23.83,23.95,23.96,23.6,265603,127.1998,127.8404,127.8938,125.9722,44267.16666666666,0.0,0.0
2013-12-02,151.44,153.0,145.89,152.64,FI,67119.66666666667,-0.0424886191198786,-0.0424886191198786,25.44,25.24,25.5,24.315,402718,135.7937,134.7262,136.114,129.7887,67119.66666666667,7.740000000000009,0.0539
2013-12-03,150.36,153.24,150.0,153.24,FI,45580.5,-0.04931714719271613,-0.04931714719271613,25.54,25.06,25.54,25.0,273483,136.3275,133.7653,136.3275,133.4451,45580.5,-1.079999999999984,-0.0071
2013-12-04,155.46,155.76,152.76,155.22,FI,66440.66666666667,-0.01707132018209401,-0.01707132018209401,25.87,25.91,25.96,25.46,398644,138.089,138.3025,138.5694,135.9005,66440.66666666667,5.099999999999994,0.0339
2013-12-05,159.42,159.54,156.0,156.0,FI,108625.16666666669,0.00796661608497718,0.00796661608497718,26.0,26.57,26.59,26.0,651751,138.7829,141.8254,141.9322,138.7829,108625.16666666669,3.9599999999999795,0.0255
2013-12-06,162.66,165.12,161.7,162.42,FI,169029.0,0.028452200303490136,0.028452200303490136,27.07,27.11,27.52,26.95,1014174,144.4943,144.7078,146.8963,143.8538,169029.0,3.240000000000009,0.0203
2013-12-09,163.02,166.14,159.42,162.9,FI,71818.83333333333,0.030728376327769435,0.030728376327769435,27.15,27.17,27.69,26.57,430913,144.9214,145.0281,147.8038,141.8254,71818.83333333333,0.36000000000001364,0.0022
2013-12-10,161.46,164.814,160.92,163.32,FI,55978.333333333336,0.020864946889226174,0.020864946889226174,27.22,26.91,27.469,26.82,335870,145.295,143.6403,146.6241,143.1599,55978.333333333336,-1.5600000000000023,-0.0096
2013-12-11,159.9,162.66,158.88,161.28,FI,93809.0,0.01100151745068291,0.01100151745068291,26.88,26.65,27.11,26.48,562854,143.4801,142.2525,144.7078,141.345,93809.0,-1.5600000000000023,-0.0097
2013-12-12,158.52,160.74,157.5,158.52,FI,117841.66666666669,0.0022761760242792973,0.0022761760242792973,26.42,26.42,26.79,26.25,707050,141.0248,141.0248,142.9997,140.1173,117841.66666666669,-1.3799999999999955,-0.0086
2013-12-13,158.7,159.0,156.84,158.64,FI,61751.16666666666,0.003414264036418766,0.003414264036418766,26.44,26.45,26.5,26.14,370507,141.1315,141.1849,141.4518,139.5302,61751.16666666666,0.1799999999999784,0.0011
2013-12-16,160.2,165.54,158.88,159.72,FI,125146.83333333331,0.012898330804248811,0.012898330804248811,26.62,26.7,27.59,26.48,750881,142.0923,142.5193,147.27,141.345,125146.83333333331,1.5,0.0095
2013-12-17,159.48,165.0,158.4,165.0,FI,114965.0,0.008345978755690398,0.008345978755690398,27.5,26.58,27.5,26.4,689790,146.7896,141.8788,146.7896,140.918,114965.0,-0.7199999999999989,-0.0045
2013-12-18,159.0,161.16,158.1,159.96,FI,83775.5,0.005311077389984847,0.005311077389984847,26.66,26.5,26.86,26.35,502653,142.3058,141.4518,143.3734,140.6511,83775.5,-0.47999999999998977,-0.003
2013-12-19,160.08,160.44,157.2,157.98,FI,58644.66666666666,0.01213960546282256,0.01213960546282256,26.33,26.68,26.74,26.2,351868,140.5444,142.4126,142.7329,139.8504,58644.66666666666,1.0800000000000125,0.0068
2013-12-20,163.74,163.8,159.366,159.9,FI,192480.5,0.03528072837632785,0.03528072837632785,26.65,27.29,27.3,26.561,1154883,142.2525,145.6686,145.722,141.7774,192480.5,3.6599999999999966,0.0229
2013-12-23,159.12,164.82,158.28,163.32,FI,30382.0,0.00606980273141128,0.00606980273141128,27.22,26.52,27.47,26.38,182292,145.295,141.5585,146.6295,140.8112,30382.0,-4.6200000000000045,-0.0282
2013-12-24,161.58,161.82,159.06,159.06,FI,19610.166666666668,0.021623672230652605,0.021623672230652605,26.51,26.93,26.97,26.51,117661,141.5052,143.747,143.9606,141.5052,19610.166666666668,2.460000000000008,0.0155
2013-12-26,159.42,161.46,158.76,161.46,FI,19828.166666666668,0.00796661608497718,0.00796661608497718,26.91,26.57,26.91,26.46,118969,143.6403,141.8254,143.6403,141.2383,19828.166666666668,-2.160000000000025,-0.0134
2013-12-27,162.3,163.35,159.06,159.06,FI,72698.83333333333,0.026176024279211018,0.026176024279211018,26.51,27.05,27.225,26.51,436193,141.5052,144.3876,145.3217,141.5052,72698.83333333333,2.880000000000024,0.0181
2013-12-30,161.52,163.86,160.56,163.02,FI,24368.83333333333,0.02124430955993939,0.02124430955993939,27.17,26.92,27.31,26.76,146213,145.0281,143.6937,145.7754,142.8396,24368.83333333333,-0.7800000000000011,-0.0048
2013-12-31,162.0,162.54,159.0,161.1,FI,37232.833333333336,0.024279210925644938,0.024279210925644938,26.85,27.0,27.09,26.5,223397,143.32,144.1207,144.6011,141.4518,37232.833333333336,0.47999999999998977,0.003
2014-01-02,156.96,161.94,156.06,161.64,FI,40713.16666666666,-0.007587253414263965,-0.007587253414263965,26.94,26.16,26.99,26.01,244279,143.8004,139.6369,144.0673,138.8363,40713.16666666666,-5.039999999999992,-0.0311
2014-01-03,157.44,160.02,156.42,157.92,FI,43203.66666666666,-0.004552352048558415,-0.004552352048558415,26.32,26.24,26.67,26.07,259222,140.491,140.064,142.3592,139.1565,43203.66666666666,0.47999999999998977,0.0031
2014-01-06,156.84,158.7,153.06,157.74,FI,53369.5,-0.008345978755690398,-0.008345978755690398,26.29,26.14,26.45,25.51,320217,140.3308,139.5302,141.1849,136.1674,53369.5,-0.5999999999999943,-0.0038
2014-01-07,150.48,156.24,150.42,156.24,FI,58188.333333333336,-0.048558421851289876,-0.048558421851289876,26.04,25.08,26.04,25.07,349130,138.9964,133.8721,138.9964,133.8187,58188.333333333336,-6.360000000000014,-0.0406
2014-01-08,145.74,150.3,144.96,150.3,FI,104648.0,-0.0785280728376327,-0.0785280728376327,25.05,24.29,25.05,24.16,627888,133.712,129.6552,133.712,128.9613,104648.0,-4.739999999999981,-0.0315
2014-01-09,147.9,148.1118,144.66,145.44,FI,55317.5,-0.06487101669195745,-0.06487101669195745,24.24,24.65,24.6853,24.11,331905,129.3883,131.5768,131.7653,128.6944,55317.5,2.1599999999999966,0.0148
2014-01-10,148.38,150.78,145.92,147.9,FI,64241.5,-0.061836115326251904,-0.061836115326251904,24.65,24.73,25.13,24.32,385449,131.5768,132.0039,134.139,129.8154,64241.5,0.47999999999998977,0.0032
2014-01-13,146.7,148.92,146.4,147.84,FI,83100.66666666667,-0.0724582701062216,-0.0724582701062216,24.64,24.45,24.82,24.4,498604,131.5235,130.5093,132.4843,130.2424,83100.66666666667,-1.6800000000000068,-0.0113
2014-01-14,149.76,150.9,147.12,147.12,FI,63971.333333333336,-0.05311077389984829,-0.05311077389984829,24.52,24.96,25.15,24.52,383828,130.8829,133.2316,134.2457,130.8829,63971.333333333336,3.0600000000000023,0.0209
2014-01-15,147.78,150.06,147.0,149.64,FI,79134.0,-0.06562974203338388,-0.06562974203338388,24.94,24.63,25.01,24.5,474804,133.1248,131.4701,133.4985,130.7762,79134.0,-1.9799999999999898,-0.0132
2014-01-16,147.0,148.86,146.16,148.44,FI,35114.0,-0.07056145675265552,-0.07056145675265552,24.74,24.5,24.81,24.36,210684,132.0573,130.7762,132.4309,130.0289,35114.0,-0.7800000000000011,-0.0053
2014-01-17,147.3,149.4,146.67,146.7,FI,54418.333333333336,-0.06866464339908944,-0.06866464339908944,24.45,24.55,24.9,24.445,326510,130.5093,131.0431,132.9113,130.4826,54418.333333333336,0.30000000000001137,0.002
2014-01-21,144.9,154.2,144.78,149.22,FI,68949.5,-0.08383915022761755,-0.08383915022761755,24.87,24.15,25.7,24.13,413697,132.7512,128.9079,137.1815,128.8012,68949.5,-2.4000000000000057,-0.0163
2014-01-22,145.14,146.7528,143.46,145.5,FI,72181.66666666667,-0.08232169954476486,-0.08232169954476486,24.25,24.19,24.4588,23.91,433090,129.4417,129.1215,130.5563,127.6269,72181.66666666667,0.23999999999998067,0.0017
2014-01-23,141.12,145.164,139.8,145.14,FI,47319.333333333336,-0.10773899848254927,-0.10773899848254927,24.19,23.52,24.194,23.3,283916,129.1215,125.5451,129.1428,124.3708,47319.333333333336,-4.019999999999982,-0.0277
2014-01-24,138.48,141.84,134.82,141.36,FI,71004.16666666667,-0.12443095599393024,-0.12443095599393024,23.56,23.08,23.64,22.47,426025,125.7586,123.1965,126.1857,119.9404,71004.16666666667,-2.640000000000015,-0.0187
2014-01-27,136.08,138.6594,135.48,138.6,FI,64260.5,-0.13960546282245817,-0.13960546282245817,23.1,22.68,23.1099,22.58,385563,123.3033,121.0614,123.3561,120.5276,64260.5,-2.3999999999999773,-0.0173
2014-01-28,138.42,139.5,135.828,136.92,FI,23650.5,-0.12481031866464345,-0.12481031866464345,22.82,23.07,23.25,22.638,141903,121.8087,123.1431,124.1039,120.8372,23650.5,2.339999999999975,0.0172
2014-01-29,138.12,139.32,136.8,137.88,FI,26667.83333333333,-0.12670713201820935,-0.12670713201820935,22.98,23.02,23.22,22.8,160007,122.6627,122.8762,123.9438,121.7019,26667.83333333333,-0.29999999999998295,-0.0022
2014-01-30,139.86,140.97,137.652,138.72,FI,38020.833333333336,-0.11570561456752645,-0.11570561456752645,23.12,23.31,23.495,22.942,228125,123.41,124.4242,125.4117,122.4599,38020.833333333336,1.740000000000009,0.0126
2014-01-31,140.64,142.08,138.0,138.48,FI,28846.33333333333,-0.110773899848255,-0.110773899848255,23.08,23.44,23.68,23.0,173078,123.1965,125.1181,126.3992,122.7695,28846.33333333333,0.7799999999999727,0.0056
2014-02-03,137.04,141.4794,136.92,140.7,FI,61668.66666666666,-0.13353566009104706,-0.13353566009104706,23.45,22.84,23.5799,22.82,370012,125.1715,121.9154,125.8649,121.8087,61668.66666666666,-3.5999999999999943,-0.0256
2014-02-04,139.38,141.12,136.8,137.4,FI,45484.66666666666,-0.11874051593323218,-0.11874051593323218,22.9,23.23,23.52,22.8,272908,122.2357,123.9972,125.5451,121.7019,45484.66666666666,2.3400000000000034,0.0171
2014-02-05,135.84,140.7,135.0,139.56,FI,127205.0,-0.14112291350531103,-0.14112291350531103,23.26,22.64,23.45,22.5,763230,124.1573,120.8479,125.1715,120.1006,127205.0,-3.539999999999992,-0.0254
2014-02-06,139.98,140.3034,135.9,136.32,FI,29391.666666666668,-0.11494688922610019,-0.11494688922610019,22.72,23.33,23.3839,22.65,176350,121.2749,124.5309,124.8187,120.9012,29391.666666666668,4.139999999999986,0.0305
2014-02-07,140.4,142.26,140.04,141.06,FI,17699.0,-0.11229135053110768,-0.11229135053110768,23.51,23.4,23.71,23.34,106194,125.4918,124.9046,126.5593,124.5843,17699.0,0.4200000000000159,0.003
2014-02-10,137.4,140.52,135.96,140.52,FI,38032.5,-0.13125948406676777,-0.13125948406676777,23.42,22.9,23.42,22.66,228195,125.0114,122.2357,125.0114,120.9546,38032.5,-3.0,-0.0214
2014-02-11,136.8,139.5,135.9,137.34,FI,103038.66666666669,-0.13505311077389975,-0.13505311077389975,22.89,22.8,23.25,22.65,618232,122.1823,121.7019,124.1039,120.9012,103038.66666666669,-0.5999999999999943,-0.0044
2014-02-12,131.76,136.8,129.84,136.62,FI,241273.3333333333,-0.16691957511380884,-0.16691957511380884,22.77,21.96,22.8,21.64,1447640,121.5418,117.2182,121.7019,115.5101,241273.3333333333,-5.0400000000000205,-0.0368
2014-02-13,130.74,133.2,129.36,130.62,FI,87939.83333333333,-0.17336874051593315,-0.17336874051593315,21.77,21.79,22.2,21.56,527639,116.204,116.3107,118.4992,115.083,87939.83333333333,-1.0199999999999818,-0.0077
2014-02-14,132.0,136.2,130.08,130.8,FI,77356.0,-0.16540212443095598,-0.16540212443095598,21.8,22.0,22.7,21.68,464136,116.3641,117.4317,121.1681,115.7236,77356.0,1.259999999999991,0.0096
2014-02-18,132.84,134.64,131.34,132.36,FI,70759.33333333333,-0.16009104704097113,-0.16009104704097113,22.06,22.14,22.44,21.89,424556,117.7519,118.179,119.7803,116.8445,70759.33333333333,0.8400000000000034,0.0064
2014-02-19,130.68,134.76,130.38,132.12,FI,72361.66666666667,-0.17374810318664638,-0.17374810318664638,22.02,21.78,22.46,21.73,434170,117.5384,116.2574,119.8871,115.9905,72361.66666666667,-2.1599999999999966,-0.0163
2014-02-20,126.42,132.3,126.18,130.86,FI,126885.83333333331,-0.20068285280728373,-0.20068285280728373,21.81,21.07,22.05,21.03,761315,116.4175,112.4675,117.6986,112.254,126885.83333333331,-4.260000000000005,-0.0326
2014-02-21,125.1,127.08,124.56,126.42,FI,181416.5,-0.20902883156297422,-0.20902883156297422,21.07,20.85,21.18,20.76,1088499,112.4675,111.2932,113.0547,110.8128,181416.5,-1.3200000000000074,-0.0104
2014-02-24,135.0,139.38,125.424,126.06,FI,289211.8333333333,-0.14643399089529588,-0.14643399089529588,21.01,22.5,23.23,20.904,1735271,112.1472,120.1006,123.9972,111.5814,289211.8333333333,9.900000000000006,0.0791
2014-02-25,137.1,138.0,129.3,129.3,FI,292655.0,-0.13315629742033386,-0.13315629742033386,21.55,22.85,23.0,21.55,1755930,115.0297,121.9688,122.7695,115.0297,292655.0,2.0999999999999943,0.0156
2014-02-26,140.7,141.54,136.02,137.04,FI,90157.5,-0.11039453717754179,-0.11039453717754179,22.84,23.45,23.59,22.67,540945,122.3169,125.5837,126.3334,121.4065,90157.5,3.5999999999999943,0.0263
2014-02-27,141.9,143.1,138.4806,141.3,FI,150257.83333333334,-0.10280728376327763,-0.10280728376327763,23.55,23.65,23.85,23.0801,901547,126.1192,126.6548,127.7258,123.6027,150257.83333333334,1.200000000000017,0.0085
2014-02-28,141.84,142.44,138.48,141.72,FI,103249.66666666669,-0.10318664643399085,-0.10318664643399085,23.62,23.64,23.74,23.08,619498,126.4941,126.6012,127.1367,123.6022,103249.66666666669,-0.060000000000002274,-0.0004
2014-03-03,138.72,141.405,138.48,140.22,FI,49924.333333333336,-0.12291350531107738,-0.12291350531107738,23.37,23.12,23.5675,23.08,299546,125.1553,123.8164,126.2129,123.6022,49924.333333333336,-3.1200000000000045,-0.022
2014-03-04,144.36,144.42,140.22,140.22,FI,69432.0,-0.08725341426403631,-0.08725341426403631,23.37,24.06,24.07,23.37,416592,125.1553,128.8505,128.904,125.1553,69432.0,5.640000000000015,0.0407
2014-03-05,144.0,145.8,143.22,144.6,FI,49087.66666666666,-0.08952959028831561,-0.08952959028831561,24.1,24.0,24.3,23.87,294526,129.0647,128.5291,130.1358,127.8329,49087.66666666666,-0.36000000000001364,-0.0025
2014-03-06,146.1,146.34,144.06,144.66,FI,27414.0,-0.07625189681335358,-0.07625189681335358,24.11,24.35,24.39,24.01,164484,129.1182,130.4035,130.6177,128.5827,27414.0,2.0999999999999943,0.0146
2014-03-07,145.68,146.88,145.32,146.16,FI,36681.5,-0.07890743550834592,-0.07890743550834592,24.36,24.28,24.48,24.22,220089,130.4571,130.0287,131.0997,129.7073,36681.5,-0.4199999999999875,-0.0029
2014-03-10,142.92,145.455,141.06,145.14,FI,22672.33333333333,-0.09635811836115332,-0.09635811836115332,24.19,23.82,24.2425,23.51,136034,129.5467,127.5652,129.8278,125.905,22672.33333333333,-2.7600000000000193,-0.0189
2014-03-11,141.96,144.24,140.58,143.46,FI,26674.5,-0.10242792109256442,-0.10242792109256442,23.91,23.66,24.04,23.43,160047,128.0472,126.7083,128.7434,125.4766,26674.5,-0.9599999999999795,-0.0067
2014-03-12,140.94,142.68,139.38,141.0,FI,18102.166666666668,-0.10887708649468891,-0.10887708649468891,23.5,23.49,23.78,23.23,108613,125.8515,125.7979,127.351,124.4055,18102.166666666668,-1.0200000000000102,-0.0072
2014-03-13,139.02,141.96,137.7,140.82,FI,23188.33333333333,-0.1210166919575113,-0.1210166919575113,23.47,23.17,23.66,22.95,139130,125.6908,124.0842,126.7083,122.906,23188.33333333333,-1.9199999999999875,-0.0136
2014-03-14,139.68,141.24,138.42,138.42,FI,19599.166666666668,-0.1168437025796661,-0.1168437025796661,23.07,23.28,23.54,23.07,117595,123.5486,124.6733,126.0657,123.5486,19599.166666666668,0.6599999999999966,0.0047
2014-03-17,143.4,144.18,140.28,140.28,FI,25501.83333333333,-0.09332321699544759,-0.09332321699544759,23.38,23.9,24.03,23.38,153011,125.2088,127.9936,128.6898,125.2088,25501.83333333333,3.719999999999999,0.0266
2014-03-18,144.06,145.38,141.96,143.52,FI,95614.33333333331,-0.0891502276176024,-0.0891502276176024,23.92,24.01,24.23,23.66,573686,128.1007,128.5827,129.7609,126.7083,95614.33333333331,0.6599999999999966,0.0046
2014-03-19,145.2,146.7,144.42,144.42,FI,37939.16666666666,-0.08194233687405164,-0.08194233687405164,24.07,24.2,24.45,24.07,227635,128.904,129.6002,130.9391,128.904,37939.16666666666,1.1399999999999864,0.0079
2014-03-20,145.2,145.98,144.0,144.42,FI,27851.5,-0.08194233687405164,-0.08194233687405164,24.07,24.2,24.33,24.0,167109,128.904,129.6002,130.2964,128.5291,27851.5,0.0,0.0
2014-03-21,147.0,150.54,144.0,146.22,FI,121892.5,-0.07056145675265552,-0.07056145675265552,24.37,24.5,25.09,24.0,731355,130.5106,131.2068,134.3665,128.5291,121892.5,1.8000000000000114,0.0124
2014-03-24,146.7,147.78,145.2,147.0,FI,25225.33333333333,-0.0724582701062216,-0.0724582701062216,24.5,24.45,24.63,24.2,151352,131.2068,130.9391,131.903,129.6002,25225.33333333333,-0.30000000000001137,-0.002
2014-03-25,147.9,149.46,146.22,146.88,FI,24407.33333333333,-0.06487101669195745,-0.06487101669195745,24.48,24.65,24.91,24.37,146444,131.0997,132.0101,133.4025,130.5106,24407.33333333333,1.200000000000017,0.0082
2014-03-26,151.44,152.94,147.6,148.5,FI,164373.66666666666,-0.0424886191198786,-0.0424886191198786,24.75,25.24,25.49,24.6,986242,132.5457,135.1698,136.5087,131.7424,164373.66666666666,3.539999999999992,0.0239
2014-03-27,149.16,151.38,145.2,151.38,FI,52908.833333333336,-0.05690440060698027,-0.05690440060698027,25.23,24.86,25.23,24.2,317453,135.1163,133.1348,135.1163,129.6002,52908.833333333336,-2.280000000000001,-0.0151
2014-03-28,152.52,152.7,148.14,149.28,FI,31407.83333333333,-0.03566009104704088,-0.03566009104704088,24.88,25.42,25.45,24.69,188447,133.2419,136.1338,136.2944,132.2244,31407.83333333333,3.3600000000000136,0.0225
2014-03-31,148.68,152.58,146.22,152.58,FI,68758.33333333333,-0.05993930197268582,-0.05993930197268582,25.43,24.78,25.43,24.37,412550,136.1873,132.7063,136.1873,130.5106,68758.33333333333,-3.8400000000000034,-0.0252
2014-04-01,152.76,154.26,147.7986,149.04,FI,72677.0,-0.0341426403641882,-0.0341426403641882,24.84,25.46,25.71,24.6331,436062,133.0277,136.348,137.6868,131.9196,72677.0,4.079999999999984,0.0274
2014-04-02,149.88,152.94,149.76,152.1,FI,36218.333333333336,-0.05235204855842186,-0.05235204855842186,25.35,24.98,25.49,24.96,217310,135.7589,133.7774,136.5087,133.6703,36218.333333333336,-2.8799999999999955,-0.0189
2014-04-03,149.88,152.16,147.66,149.88,FI,39974.16666666666,-0.05235204855842186,-0.05235204855842186,24.98,24.98,25.36,24.61,239845,133.7774,133.7774,135.8125,131.7959,39974.16666666666,0.0,0.0
2014-04-04,147.96,151.38,145.56,150.0,FI,66516.83333333333,-0.06449165402124424,-0.06449165402124424,25.0,24.66,25.23,24.26,399101,133.8845,132.0637,135.1163,129.9215,66516.83333333333,-1.9199999999999875,-0.0128
2014-04-07,146.22,148.02,144.36,147.96,FI,47240.333333333336,-0.07549317147192715,-0.07549317147192715,24.66,24.37,24.67,24.06,283442,132.0637,130.5106,132.1172,128.8505,47240.333333333336,-1.740000000000009,-0.0118
2014-04-08,148.08,149.28,145.5282,146.16,FI,27609.166666666668,-0.06373292867981781,-0.06373292867981781,24.36,24.68,24.88,24.2547,165655,130.4571,132.1708,133.2419,129.8932,27609.166666666668,1.8600000000000136,0.0127
2014-04-09,149.28,149.88,148.11,148.8,FI,43148.16666666666,-0.05614567526555384,-0.05614567526555384,24.8,24.88,24.98,24.685,258889,132.8134,133.2419,133.7774,132.1976,43148.16666666666,1.1999999999999886,0.0081
2014-04-10,144.3,149.34,143.1,149.28,FI,46169.0,-0.08763277693474952,-0.08763277693474952,24.88,24.05,24.89,23.85,277014,133.2419,128.7969,133.2954,127.7258,46169.0,-4.97999999999999,-0.0334
2014-04-11,144.72,147.18,143.49,143.58,FI,55722.0,-0.0849772382397572,-0.0849772382397572,23.93,24.12,24.53,23.915,334332,128.1543,129.1718,131.3675,128.0739,55722.0,0.4199999999999875,0.0029
2014-04-14,145.02,147.24,143.34,146.1,FI,32552.666666666668,-0.08308042488619112,-0.08308042488619112,24.35,24.17,24.54,23.89,195316,130.4035,129.4396,131.421,127.9401,32552.666666666668,0.30000000000001137,0.0021
2014-04-15,146.7,148.26,144.1806,145.02,FI,20254.83333333333,-0.0724582701062216,-0.0724582701062216,24.17,24.45,24.71,24.0301,121529,129.4396,130.9391,132.3315,128.6903,20254.83333333333,1.6799999999999784,0.0116
2014-04-16,147.96,149.94,146.22,147.36,FI,32087.166666666668,-0.06449165402124424,-0.06449165402124424,24.56,24.66,24.99,24.37,192523,131.5282,132.0637,133.831,130.5106,32087.166666666668,1.2600000000000193,0.0086
2014-04-17,155.4,156.0,147.75,148.44,FI,48125.0,-0.017450682852807226,-0.017450682852807226,24.74,25.9,26.0,24.625,288750,132.4921,138.7044,139.2399,131.8763,48125.0,7.439999999999998,0.0503
2014-04-21,156.36,157.2,153.06,155.88,FI,16377.5,-0.011380880121395947,-0.011380880121395947,25.98,26.06,26.2,25.51,98265,139.1328,139.5612,140.311,136.6158,16377.5,0.960000000000008,0.0062
2014-04-22,161.82,163.86,155.52,156.54,FI,96883.5,0.02314112291350529,0.02314112291350529,26.09,26.97,27.31,25.92,581301,139.7219,144.4346,146.2555,138.8115,96883.5,5.4599999999999795,0.0349
2014-04-23,164.22,164.58,160.23,162.0,FI,69830.83333333333,0.0383156297420334,0.0383156297420334,27.0,27.37,27.43,26.705,418985,144.5953,146.5768,146.8981,143.0154,69830.83333333333,2.4000000000000057,0.0148
2014-04-24,160.02,164.58,157.92,164.16,FI,39080.0,0.011760242792109342,0.011760242792109342,27.36,26.67,27.43,26.32,234480,146.5232,142.828,146.8981,140.9536,39080.0,-4.199999999999989,-0.0256
2014-04-25,161.1,163.08,158.82,160.26,FI,50849.0,0.018588770864946876,0.018588770864946876,26.71,26.85,27.18,26.47,305094,143.0422,143.792,145.5593,141.7569,50849.0,1.079999999999984,0.0067
2014-04-28,159.36,163.26,156.84,161.76,FI,79919.83333333333,0.007587253414264144,0.007587253414264144,26.96,26.56,27.21,26.14,479519,144.3811,142.2389,145.7199,139.9897,79919.83333333333,-1.7399999999999807,-0.0108
2014-04-29,162.12,165.6,159.78,159.78,FI,62295.66666666666,0.025037936267071372,0.025037936267071372,26.63,27.02,27.6,26.63,373774,142.6138,144.7024,147.8085,142.6138,62295.66666666666,2.759999999999991,0.0173
2014-04-30,164.58,164.58,157.74,161.1,FI,93027.16666666669,0.040591805766312695,0.040591805766312695,26.85,27.43,27.43,26.29,558163,143.792,146.8981,146.8981,140.793,93027.16666666669,2.460000000000008,0.0152
2014-05-01,161.52,164.16,159.6,164.16,FI,43356.0,0.02124430955993939,0.02124430955993939,27.36,26.92,27.36,26.6,260136,146.5232,144.1669,146.5232,142.4531,43356.0,-3.0600000000000023,-0.0186
2014-05-02,152.22,157.7574,150.0,157.5,FI,201872.3333333333,-0.037556904400606966,-0.037556904400606966,26.25,25.37,26.2929,25.0,1211234,140.5788,135.866,140.8085,133.8845,201872.3333333333,-9.300000000000011,-0.0576
2014-05-05,150.06,153.6,150.0,153.6,FI,49960.16666666666,-0.05121396054628221,-0.05121396054628221,25.6,25.01,25.6,25.0,299761,137.0978,133.9381,137.0978,133.8845,49960.16666666666,-2.1599999999999966,-0.0142
2014-05-06,148.02,150.12,147.42,148.68,FI,43525.833333333336,-0.06411229135053102,-0.06411229135053102,24.78,24.67,25.02,24.57,261155,132.7063,132.1172,133.9916,131.5817,43525.833333333336,-2.039999999999992,-0.0136
2014-05-07,146.94,149.64,145.74,148.68,FI,73786.83333333333,-0.07094081942336873,-0.07094081942336873,24.78,24.49,24.94,24.29,442721,132.7063,131.1533,133.5632,130.0822,73786.83333333333,-1.0800000000000125,-0.0073
2014-05-08,143.04,147.51,142.8,146.46,FI,32754.33333333333,-0.09559939301972689,-0.09559939301972689,24.41,23.84,24.585,23.8,196526,130.7249,127.6723,131.662,127.4581,32754.33333333333,-3.9000000000000057,-0.0265
2014-05-09,145.56,146.688,142.68,142.68,FI,30880.83333333333,-0.07966616084977235,-0.07966616084977235,23.78,24.26,24.448,23.78,185285,127.351,129.9215,130.9284,127.351,30880.83333333333,2.5200000000000102,0.0176
2014-05-12,144.42,146.94,142.68,145.68,FI,41102.16666666666,-0.08687405159332327,-0.08687405159332327,24.28,24.07,24.49,23.78,246613,130.0287,128.904,131.1533,127.351,41102.16666666666,-1.1400000000000148,-0.0078
2014-05-13,145.92,150.12,143.94,144.48,FI,60211.5,-0.07738998482549322,-0.07738998482549322,24.08,24.32,25.02,23.99,361269,128.9576,130.2429,133.9916,128.4756,60211.5,1.5,0.0104
2014-05-14,144.42,146.64,143.7,145.26,FI,32345.166666666668,-0.08687405159332327,-0.08687405159332327,24.21,24.07,24.44,23.95,194071,129.6538,128.904,130.8855,128.2614,32345.166666666668,-1.5,-0.0103
2014-05-15,139.92,143.52,139.1334,143.52,FI,96511.66666666669,-0.11532625189681342,-0.11532625189681342,23.92,23.32,23.92,23.1889,579070,128.1007,124.8875,128.1007,124.1854,96511.66666666669,-4.5,-0.0312
2014-05-16,138.06,141.18,135.84,140.94,FI,54047.16666666666,-0.12708649468892258,-0.12708649468892258,23.49,23.01,23.53,22.64,324283,125.7979,123.2273,126.0121,121.2458,54047.16666666666,-1.8599999999999852,-0.0133
2014-05-19,143.28,144.84,140.52,140.52,FI,119657.66666666669,-0.09408194233687403,-0.09408194233687403,23.42,23.88,24.14,23.42,717946,125.423,127.8865,129.2789,125.423,119657.66666666669,5.219999999999999,0.0378
2014-05-20,141.78,144.84,139.92,143.46,FI,58306.66666666666,-0.10356600910470407,-0.10356600910470407,23.91,23.63,24.14,23.32,349840,128.0472,126.5477,129.2789,124.8875,58306.66666666666,-1.5,-0.0105
2014-05-21,140.34,143.22,137.88,142.08,FI,111214.33333333331,-0.1126707132018209,-0.1126707132018209,23.68,23.39,23.87,22.98,667286,126.8154,125.2624,127.8329,123.0667,111214.33333333331,-1.4399999999999977,-0.0102
2014-05-22,138.96,140.4,138.24,140.4,FI,32730.166666666668,-0.12139605462822452,-0.12139605462822452,23.4,23.16,23.4,23.04,196381,125.3159,124.0306,125.3159,123.388,32730.166666666668,-1.3799999999999955,-0.0098
2014-05-23,139.02,140.88,137.76,139.26,FI,34799.333333333336,-0.1210166919575113,-0.1210166919575113,23.21,23.17,23.48,22.96,208796,124.2984,124.0842,125.7443,122.9595,34799.333333333336,0.060000000000002274,0.0004
2014-05-27,140.58,141.0,137.58,140.46,FI,70897.5,-0.11115326251896804,-0.11115326251896804,23.41,23.43,23.5,22.93,425385,125.3695,125.4766,125.8515,122.7989,70897.5,1.5600000000000023,0.0112
2014-05-28,141.24,142.44,139.92,142.44,FI,82333.16666666667,-0.10698027314112284,-0.10698027314112284,23.74,23.54,23.74,23.32,493999,127.545,126.4705,127.545,125.2885,82333.16666666667,0.6599999999999966,0.0047
2014-05-29,143.1,144.7194,140.97,142.08,FI,42920.833333333336,-0.09522003034901368,-0.09522003034901368,23.68,23.85,24.1199,23.495,257525,127.2227,128.136,129.5861,126.2287,42920.833333333336,1.8599999999999852,0.0132
2014-05-30,143.04,143.5794,141.0,142.98,FI,28733.83333333333,-0.09559939301972689,-0.09559939301972689,23.83,23.84,23.9299,23.5,172403,128.0286,128.0823,128.5653,126.2556,28733.83333333333,-0.060000000000002274,-0.0004
2014-06-02,140.4,145.92,139.8,143.94,FI,49129.833333333336,-0.11229135053110768,-0.11229135053110768,23.99,23.4,24.32,23.3,294779,128.8882,125.7183,130.6611,125.1811,49129.833333333336,-2.6399999999999864,-0.0185
2014-06-03,144.18,145.44,138.0,140.22,FI,83415.0,-0.08839150227617597,-0.08839150227617597,23.37,24.03,24.24,23.0,500490,125.5572,129.1031,130.2313,123.5693,83415.0,3.780000000000001,0.0269
2014-06-04,145.62,146.1594,142.68,144.12,FI,46686.16666666666,-0.07928679817905913,-0.07928679817905913,24.02,24.27,24.3599,23.78,280117,129.0493,130.3925,130.8755,127.7599,46686.16666666666,1.4399999999999977,0.01
2014-06-05,147.66,147.9,143.7,146.34,FI,42947.66666666666,-0.06638846737481031,-0.06638846737481031,24.39,24.61,24.65,23.95,257686,131.0372,132.2192,132.4341,128.6733,42947.66666666666,2.039999999999992,0.014
2014-06-06,147.36,147.9,144.72,147.6,FI,37768.0,-0.06828528072837622,-0.06828528072837622,24.6,24.56,24.65,24.12,226608,132.1654,131.9505,132.4341,129.5866,37768.0,-0.29999999999998295,-0.002
2014-06-09,147.6,149.28,146.76,147.42,FI,36813.5,-0.06676783004552353,-0.06676783004552353,24.57,24.6,24.88,24.46,220881,132.0043,132.1654,133.6698,131.4133,36813.5,0.23999999999998067,0.0016
2014-06-10,146.88,147.72,145.92,147.66,FI,14937.5,-0.07132018209408195,-0.07132018209408195,24.61,24.48,24.62,24.32,89625,132.2192,131.5207,132.2729,130.6611,14937.5,-0.7199999999999989,-0.0049
2014-06-11,146.04,147.06,145.86,146.16,FI,14583.166666666666,-0.0766312594840668,-0.0766312594840668,24.36,24.34,24.51,24.31,87499,130.876,130.7686,131.6819,130.6074,14583.166666666666,-0.8400000000000034,-0.0057
2014-06-12,145.14,148.2,144.9,147.3,FI,19250.166666666668,-0.08232169954476486,-0.08232169954476486,24.55,24.19,24.7,24.15,115501,131.8968,129.9627,132.7027,129.7478,19250.166666666668,-0.9000000000000057,-0.0062
2014-06-13,146.82,146.94,144.24,145.5,FI,27700.33333333333,-0.07169954476479516,-0.07169954476479516,24.25,24.47,24.49,24.04,166202,130.285,131.467,131.5745,129.1568,27700.33333333333,1.6800000000000068,0.0116
2014-06-16,143.76,146.94,143.7,146.94,FI,43848.0,-0.09104704097116847,-0.09104704097116847,24.49,23.96,24.49,23.95,263088,131.5745,128.727,131.5745,128.6733,43848.0,-3.0600000000000023,-0.0208
2014-06-17,145.56,147.12,143.46,144.12,FI,101208.33333333331,-0.07966616084977235,-0.07966616084977235,24.02,24.26,24.52,23.91,607250,129.0493,130.3388,131.7356,128.4584,101208.33333333331,1.8000000000000114,0.0125
2014-06-18,142.62,146.28,141.54,146.28,FI,54676.833333333336,-0.09825493171471922,-0.09825493171471922,24.38,23.77,24.38,23.59,328061,130.9835,127.7062,130.9835,126.7391,54676.833333333336,-2.9399999999999977,-0.0202
2014-06-19,139.44,143.85,139.17,142.8,FI,70544.66666666667,-0.11836115326251896,-0.11836115326251896,23.8,23.24,23.975,23.195,423268,127.8674,124.8587,128.8076,124.617,70544.66666666667,-3.180000000000007,-0.0223
2014-06-20,140.4,141.06,138.24,139.68,FI,136808.66666666666,-0.11229135053110768,-0.11229135053110768,23.28,23.4,23.51,23.04,820852,125.0736,125.7183,126.3093,123.7842,136808.66666666666,0.960000000000008,0.0069
2014-06-23,144.06,145.2,139.86,141.12,FI,50780.333333333336,-0.0891502276176024,-0.0891502276176024,23.52,24.01,24.2,23.31,304682,126.3631,128.9956,130.0164,125.2348,50780.333333333336,3.6599999999999966,0.0261
2014-06-24,142.62,145.2,141.66,143.58,FI,94922.16666666669,-0.09825493171471922,-0.09825493171471922,23.93,23.77,24.2,23.61,569533,128.5658,127.7062,130.0164,126.8466,94922.16666666669,-1.4399999999999977,-0.01
2014-06-25,147.3,150.0,142.2606,142.92,FI,53203.333333333336,-0.06866464339908944,-0.06866464339908944,23.82,24.55,25.0,23.7101,319220,127.9748,131.8968,134.3145,127.3844,53203.333333333336,4.680000000000007,0.0328
2014-06-26,145.02,147.9,144.72,147.06,FI,28017.0,-0.08308042488619112,-0.08308042488619112,24.51,24.17,24.65,24.12,168102,131.6819,129.8552,132.4341,129.5866,28017.0,-2.280000000000001,-0.0155
2014-06-27,146.28,148.26,144.12,145.02,FI,69610.0,-0.07511380880121393,-0.07511380880121393,24.17,24.38,24.71,24.02,417660,129.8552,130.9835,132.7564,129.0493,69610.0,1.259999999999991,0.0087
2014-06-30,147.6,147.84,144.66,146.16,FI,30145.166666666668,-0.06676783004552353,-0.06676783004552353,24.36,24.6,24.64,24.11,180871,130.876,132.1654,132.3803,129.5329,30145.166666666668,1.3199999999999932,0.009
2014-07-01,147.72,148.86,146.04,148.5,FI,41994.5,-0.0660091047040971,-0.0660091047040971,24.75,24.62,24.81,24.34,251967,132.9713,132.2729,133.2937,130.7686,41994.5,0.12000000000000455,0.0008
2014-07-02,146.64,147.42,145.98,147.42,FI,58365.5,-0.07283763277693482,-0.07283763277693482,24.57,24.44,24.57,24.33,350193,132.0043,131.3058,132.0043,130.7148,58365.5,-1.0800000000000125,-0.0073
2014-07-03,146.64,147.54,145.86,146.7,FI,55998.0,-0.07283763277693482,-0.07283763277693482,24.45,24.44,24.59,24.31,335988,131.3596,131.3058,132.1117,130.6074,55998.0,0.0,0.0
2014-07-07,144.48,147.9,144.18,146.64,FI,55534.16666666666,-0.08649468892261006,-0.08649468892261006,24.44,24.08,24.65,24.03,333205,131.3058,129.3717,132.4341,129.1031,55534.16666666666,-2.1599999999999966,-0.0147
2014-07-08,142.98,144.84,142.86,144.42,FI,108020.5,-0.0959787556904401,-0.0959787556904401,24.07,23.83,24.14,23.81,648123,129.318,128.0286,129.6941,127.9211,108020.5,-1.5,-0.0104
2014-07-09,143.1,144.3,141.06,143.16,FI,58795.333333333336,-0.09522003034901368,-0.09522003034901368,23.86,23.85,24.05,23.51,352772,128.1897,128.136,129.2105,126.3093,58795.333333333336,0.12000000000000455,0.0008
2014-07-10,140.82,142.2,140.4,141.24,FI,41255.66666666666,-0.10963581183611534,-0.10963581183611534,23.54,23.47,23.7,23.4,247534,126.4705,126.0944,127.3301,125.7183,41255.66666666666,-2.280000000000001,-0.0159
2014-07-11,138.84,141.0,138.48,140.88,FI,30104.0,-0.12215477996965095,-0.12215477996965095,23.48,23.14,23.5,23.08,180624,126.1481,124.3215,126.2556,123.9991,30104.0,-1.9799999999999898,-0.0141
2014-07-14,137.16,139.08,136.2,139.08,FI,87509.83333333333,-0.13277693474962063,-0.13277693474962063,23.18,22.86,23.18,22.7,525059,124.5364,122.8172,124.5364,121.9575,87509.83333333333,-1.6800000000000068,-0.0121
2014-07-15,138.66,139.2,136.92,137.28,FI,41157.333333333336,-0.1232928679817906,-0.1232928679817906,22.88,23.11,23.2,22.82,246944,122.9246,124.1603,124.6438,122.6022,41157.333333333336,1.5,0.0109
2014-07-16,137.82,138.36,136.32,137.7,FI,65822.16666666667,-0.12860394537177544,-0.12860394537177544,22.95,22.97,23.06,22.72,394933,123.3007,123.4081,123.8917,122.065,65822.16666666667,-0.8400000000000034,-0.0061
2014-07-17,137.16,140.22,137.04,138.18,FI,66187.16666666667,-0.13277693474962063,-0.13277693474962063,23.03,22.86,23.37,22.84,397123,123.7305,122.8172,125.5572,122.7097,66187.16666666667,-0.6599999999999966,-0.0048
2014-07-18,138.18,139.2,137.64,137.76,FI,49553.16666666666,-0.12632776934749615,-0.12632776934749615,22.96,23.03,23.2,22.94,297319,123.3544,123.7305,124.6438,123.247,49553.16666666666,1.0200000000000102,0.0074
2014-07-21,136.98,138.18,135.72,138.18,FI,33089.5,-0.1339150227617603,-0.1339150227617603,23.03,22.83,23.03,22.62,198537,123.7305,122.656,123.7305,121.5277,33089.5,-1.200000000000017,-0.0087
2014-07-22,138.9,140.16,137.688,138.6,FI,25989.83333333333,-0.12177541729893773,-0.12177541729893773,23.1,23.15,23.36,22.948,155939,124.1066,124.3752,125.5034,123.2899,25989.83333333333,1.920000000000016,0.014
2014-07-23,138.42,139.08,136.5,136.86,FI,22147.83333333333,-0.12481031866464345,-0.12481031866464345,22.81,23.07,23.18,22.75,132887,122.5485,123.9454,124.5364,122.2262,22147.83333333333,-0.4800000000000182,-0.0035
2014-07-24,138.12,138.84,137.88,138.54,FI,13523.0,-0.12670713201820935,-0.12670713201820935,23.09,23.02,23.14,22.98,81138,124.0528,123.6768,124.3215,123.4619,13523.0,-0.29999999999998295,-0.0022
2014-07-25,135.06,137.52,134.76,137.52,FI,38565.5,-0.14605462822458268,-0.14605462822458268,22.92,22.51,22.92,22.46,231393,123.1395,120.9367,123.1395,120.6681,38565.5,-3.0600000000000023,-0.0222
2014-07-28,137.4,137.82,134.4,135.0,FI,39656.0,-0.13125948406676777,-0.13125948406676777,22.5,22.9,22.97,22.4,237936,120.883,123.0321,123.4081,120.3458,39656.0,2.3400000000000034,0.0173
2014-07-29,137.82,139.14,136.692,137.7,FI,36446.16666666666,-0.12860394537177544,-0.12860394537177544,22.95,22.97,23.19,22.782,218677,123.3007,123.4081,124.5901,122.3981,36446.16666666666,0.4199999999999875,0.0031
2014-07-30,139.44,140.1,137.76,138.06,FI,51306.333333333336,-0.11836115326251896,-0.11836115326251896,23.01,23.24,23.35,22.96,307838,123.623,124.8587,125.4497,123.3544,51306.333333333336,1.6200000000000045,0.0118
2014-07-31,138.9,139.2,138.24,138.9,FI,65032.0,-0.12177541729893773,-0.12177541729893773,23.15,23.15,23.2,23.04,390192,124.3752,124.3752,124.6438,123.7842,65032.0,-0.539999999999992,-0.0039
2014-08-01,137.88,139.1514,136.68,138.9,FI,55751.833333333336,-0.1282245827010622,-0.1282245827010622,23.15,22.98,23.1919,22.78,334511,124.3752,123.4619,124.6003,122.3873,55751.833333333336,-1.0200000000000102,-0.0073
2014-08-04,140.46,141.42,137.52,137.52,FI,50442.66666666666,-0.11191198786039447,-0.11191198786039447,22.92,23.41,23.57,22.92,302656,123.1395,125.7721,126.6317,123.1395,50442.66666666666,2.5800000000000125,0.0187
2014-08-05,139.38,140.22,138.51,140.22,FI,51005.833333333336,-0.11874051593323218,-0.11874051593323218,23.37,23.23,23.37,23.085,306035,125.5572,124.805,125.5572,124.026,51005.833333333336,-1.0800000000000125,-0.0077
2014-08-06,137.52,139.86,137.52,138.78,FI,32128.33333333333,-0.13050075872534134,-0.13050075872534134,23.13,22.92,23.31,22.92,192770,124.2677,123.1395,125.2348,123.1395,32128.33333333333,-1.8599999999999852,-0.0133
2014-08-07,137.1,138.6,136.62,138.3,FI,35859.333333333336,-0.13315629742033386,-0.13315629742033386,23.05,22.85,23.1,22.77,215156,123.8379,122.7634,124.1066,122.3336,35859.333333333336,-0.4200000000000159,-0.0031
2014-08-08,123.54,131.4,122.52,130.08,FI,465453.0,-0.2188922610015174,-0.2188922610015174,21.68,20.59,21.9,20.42,2792718,116.4775,110.6214,117.6595,109.7081,465453.0,-13.559999999999988,-0.0989
2014-08-11,123.12,124.68,121.95,124.2,FI,162400.33333333334,-0.2215477996965098,-0.2215477996965098,20.7,20.52,20.78,20.325,974402,111.2124,110.2453,111.6422,109.1977,162400.33333333334,-0.4200000000000017,-0.0034
2014-08-12,122.64,123.36,121.08,122.88,FI,163962.66666666666,-0.22458270106221545,-0.22458270106221545,20.48,20.44,20.56,20.18,983776,110.0304,109.8155,110.4602,108.4186,163962.66666666666,-0.480000000000004,-0.0039
2014-08-13,120.54,123.78,120.42,122.64,FI,109742.33333333331,-0.23786039453717747,-0.23786039453717747,20.44,20.09,20.63,20.07,658454,109.8155,107.9351,110.8363,107.8277,109742.33333333331,-2.0999999999999943,-0.0171
2014-08-14,119.88,123.54,119.76,123.0,FI,114276.66666666669,-0.24203338391502277,-0.24203338391502277,20.5,19.98,20.59,19.96,685660,110.1379,107.3441,110.6214,107.2367,114276.66666666669,-0.6600000000000108,-0.0055
2014-08-15,120.12,120.4218,119.64,120.0,FI,53668.833333333336,-0.2405159332321699,-0.2405159332321699,20.0,20.02,20.0703,19.94,322013,107.4516,107.559,107.8293,107.1292,53668.833333333336,0.2400000000000091,0.002
2014-08-18,124.56,124.86,121.44,121.44,FI,62191.833333333336,-0.21244309559939298,-0.21244309559939298,20.24,20.76,20.81,20.24,373151,108.741,111.5347,111.8034,108.741,62191.833333333336,4.439999999999998,0.037
2014-08-19,124.56,124.86,121.44,121.44,FI,62191.833333333336,-0.21244309559939298,-0.21244309559939298,20.24,20.76,20.81,20.24,373151,108.741,111.5347,111.8034,108.741,62191.833333333336,0.0,0.0
2014-08-20,122.7,124.5,122.64,124.5,FI,81286.83333333333,-0.22420333839150225,-0.22420333839150225,20.75,20.45,20.75,20.44,487721,111.481,109.8692,111.481,109.8155,81286.83333333333,-1.8599999999999994,-0.0149
2014-08-21,122.7,124.5,122.64,124.5,FI,81286.83333333333,-0.22420333839150225,-0.22420333839150225,20.75,20.45,20.75,20.44,487721,111.481,109.8692,111.481,109.8155,81286.83333333333,0.0,0.0
2014-08-22,121.8,122.796,120.96,122.7,FI,61298.833333333336,-0.2298937784522003,-0.2298937784522003,20.45,20.3,20.466,20.16,367793,109.8692,109.0633,109.9552,108.3112,61298.833333333336,-0.9000000000000057,-0.0073
2014-08-25,121.74,122.427,121.38,122.1,FI,86860.83333333333,-0.23027314112291353,-0.23027314112291353,20.35,20.29,20.4045,20.23,521165,109.332,109.0096,109.6248,108.6873,86860.83333333333,-0.060000000000002274,-0.0005
2014-08-26,121.5,122.34,120.42,121.56,FI,44514.0,-0.2317905918057663,-0.2317905918057663,20.26,20.25,20.39,20.07,267084,108.8484,108.7947,109.5469,107.8277,44514.0,-0.23999999999999488,-0.002
2014-08-27,120.6,121.74,120.06,120.06,FI,69246.83333333333,-0.23748103186646435,-0.23748103186646435,20.01,20.1,20.29,20.01,415481,108.3076,108.7947,109.8231,108.3076,69246.83333333333,-0.9000000000000057,-0.0074
2014-08-28,119.88,120.3,119.34,119.82,FI,60352.5,-0.24203338391502277,-0.24203338391502277,19.97,19.98,20.05,19.89,362115,108.0911,108.1452,108.5241,107.6581,60352.5,-0.7199999999999989,-0.006
2014-08-29,120.9,121.26,118.92,118.92,FI,91015.5,-0.2355842185128983,-0.2355842185128983,19.82,20.15,20.21,19.82,546093,107.2792,109.0654,109.3901,107.2792,91015.5,1.0200000000000102,0.0085
2014-09-01,120.54,121.5,119.88,120.78,FI,53552.0,-0.23786039453717747,-0.23786039453717747,20.13,20.09,20.25,19.98,321312,108.9571,108.7406,109.6066,108.1452,53552.0,-0.35999999999999943,-0.003
2014-09-02,120.54,121.5,119.88,120.78,FI,53552.0,-0.23786039453717747,-0.23786039453717747,20.13,20.09,20.25,19.98,321312,108.9571,108.7406,109.6066,108.1452,53552.0,0.0,0.0
2014-09-03,120.36,121.02,119.88,120.54,FI,46477.0,-0.23899848254931713,-0.23899848254931713,20.09,20.06,20.17,19.98,278862,108.7406,108.5782,109.1736,108.1452,46477.0,-0.18000000000000682,-0.0015
2014-09-04,120.54,121.62,120.24,120.9,FI,46659.5,-0.23786039453717747,-0.23786039453717747,20.15,20.09,20.27,20.04,279957,109.0654,108.7406,109.7149,108.47,46659.5,0.18000000000000682,0.0015
2014-09-05,120.48,121.14,119.7,120.18,FI,102637.16666666669,-0.2382397572078907,-0.2382397572078907,20.03,20.08,20.19,19.95,615823,108.4158,108.6865,109.2819,107.9828,102637.16666666669,-0.060000000000002274,-0.0005
2014-09-08,117.96,120.78,117.54,120.06,FI,54550.66666666666,-0.25417298937784527,-0.25417298937784527,20.01,19.66,20.13,19.59,327304,108.3076,106.4131,108.9571,106.0343,54550.66666666666,-2.5200000000000102,-0.0209
2014-09-09,117.54,118.62,116.76,117.3,FI,54503.16666666666,-0.25682852807283757,-0.25682852807283757,19.55,19.59,19.77,19.46,327019,105.8177,106.0343,107.0085,105.3306,54503.16666666666,-0.4199999999999875,-0.0036
2014-09-10,117.54,118.26,116.1,117.36,FI,48191.833333333336,-0.25682852807283757,-0.25682852807283757,19.56,19.59,19.71,19.35,289151,105.8719,106.0343,106.6838,104.7352,48191.833333333336,0.0,0.0
2014-09-11,116.88,118.32,116.22,116.46,FI,92756.16666666669,-0.26100151745068284,-0.26100151745068284,19.41,19.48,19.72,19.37,556537,105.06,105.4389,106.7379,104.8435,92756.16666666669,-0.6600000000000108,-0.0056
2014-09-12,117.48,117.6,116.1,117.0,FI,192051.8333333333,-0.25720789074355077,-0.25720789074355077,19.5,19.58,19.6,19.35,1152311,105.5471,105.9801,106.0884,104.7352,192051.8333333333,0.6000000000000085,0.0051
2014-09-15,118.86,119.22,116.1,117.6,FI,70609.66666666667,-0.24848254931714717,-0.24848254931714717,19.6,19.81,19.87,19.35,423658,106.0884,107.225,107.5498,104.7352,70609.66666666667,1.3799999999999955,0.0117
2014-09-16,116.88,118.5,116.7,117.06,FI,40338.833333333336,-0.26100151745068284,-0.26100151745068284,19.51,19.48,19.75,19.45,242033,105.6012,105.4389,106.9003,105.2765,40338.833333333336,-1.980000000000004,-0.0167
2014-09-17,19.46,19.9,19.41,19.78,FI,65970.0,-0.8769600404653515,-0.8769600404653515,19.78,19.46,19.9,19.41,65970,107.057272,105.325304,107.70676,105.054684,65970.0,-97.41999999999999,-0.8335
2014-09-18,116.28,117.36,116.1,117.36,FI,28455.666666666668,-0.26479514415781485,-0.26479514415781485,19.56,19.38,19.56,19.35,170734,105.8719,104.8976,105.8719,104.7352,28455.666666666668,96.82,4.9753
2014-09-19,114.72,116.6394,114.54,115.98,FI,48428.16666666666,-0.2746585735963581,-0.2746585735963581,19.33,19.12,19.4399,19.09,290569,104.627,103.4903,105.2218,103.3279,48428.16666666666,-1.5600000000000023,-0.0134
2014-09-22,114.3,114.66,112.518,114.24,FI,30287.166666666668,-0.27731411229135056,-0.27731411229135056,19.04,19.05,19.11,18.753,181723,103.0573,103.1114,103.4362,101.5038,30287.166666666668,-0.4200000000000017,-0.0037
2014-09-23,115.44,116.58,114.42,115.26,FI,42546.5,-0.2701062215477997,-0.2701062215477997,19.21,19.24,19.43,19.07,255279,103.9774,104.1398,105.1682,103.2197,42546.5,1.1400000000000006,0.01
2014-09-24,115.44,116.34,114.66,115.38,FI,29601.83333333333,-0.2701062215477997,-0.2701062215477997,19.23,19.24,19.39,19.11,177611,104.0857,104.1398,104.9517,103.4362,29601.83333333333,0.0,0.0
2014-09-25,113.64,114.66,113.13,114.66,FI,65137.5,-0.2814871016691957,-0.2814871016691957,19.11,18.94,19.11,18.855,390825,103.4362,102.516,103.4362,102.0559,65137.5,-1.7999999999999972,-0.0156
2014-09-26,114.48,114.78,113.16,113.52,FI,44798.0,-0.2761760242792109,-0.2761760242792109,18.92,19.08,19.13,18.86,268788,102.4078,103.2738,103.5444,102.083,44798.0,0.8400000000000034,0.0074
2014-09-29,115.68,115.92,110.46,110.46,FI,68128.5,-0.2685887708649468,-0.2685887708649468,18.41,19.28,19.32,18.41,408771,99.6473,104.3563,104.5728,99.6473,68128.5,1.2000000000000028,0.0105
2014-09-30,112.2,115.38,112.02,114.3,FI,61158.66666666666,-0.29059180576631255,-0.29059180576631255,19.05,18.7,19.23,18.67,366952,103.1114,101.217,104.0857,101.0546,61158.66666666666,-3.480000000000004,-0.0301
2014-10-01,112.02,113.46,110.7,112.26,FI,63414.0,-0.2917298937784522,-0.2917298937784522,18.71,18.67,18.91,18.45,380484,101.2711,101.0546,102.3536,99.8638,63414.0,-0.18000000000000682,-0.0016
2014-10-02,109.44,113.7,108.54,112.08,FI,128657.0,-0.30804248861911987,-0.30804248861911987,18.68,18.24,18.95,18.09,771942,101.1087,98.7271,102.5701,97.9152,128657.0,-2.5799999999999983,-0.023
2014-10-03,107.46,109.5,106.5,109.44,FI,195819.8333333333,-0.32056145675265557,-0.32056145675265557,18.24,17.91,18.25,17.75,1174919,98.7271,96.941,98.7813,96.0749,195819.8333333333,-1.980000000000004,-0.0181
2014-10-06,108.3,110.58,106.47,107.4,FI,137149.16666666666,-0.3152503793626707,-0.3152503793626707,17.9,18.05,18.43,17.745,822895,96.8868,97.6987,99.7556,96.0479,137149.16666666666,0.8400000000000034,0.0078
2014-10-07,107.4,109.02,106.89,108.36,FI,68875.33333333333,-0.3209408194233687,-0.3209408194233687,18.06,17.9,18.17,17.815,413252,97.7529,96.8868,98.3483,96.4268,68875.33333333333,-0.8999999999999915,-0.0083
2014-10-08,107.22,107.7,102.18,107.4,FI,92106.0,-0.3220789074355083,-0.3220789074355083,17.9,17.87,17.95,17.03,552636,96.8868,96.7245,97.1575,92.1778,92106.0,-0.18000000000000682,-0.0017
2014-10-09,102.72,106.68,102.54,106.26,FI,77820.83333333333,-0.3505311077389985,-0.3505311077389985,17.71,17.12,17.78,17.09,466925,95.8584,92.665,96.2373,92.5026,77820.83333333333,-4.5,-0.042
2014-10-10,100.86,102.9,99.66,102.9,FI,148004.33333333334,-0.3622913505311077,-0.3622913505311077,17.15,16.81,17.15,16.61,888026,92.8273,90.987,92.8273,89.9045,148004.33333333334,-1.8599999999999994,-0.0181
2014-10-13,100.14,101.73,100.14,101.64,FI,97471.83333333331,-0.36684370257966614,-0.36684370257966614,16.94,16.69,16.955,16.69,584831,91.6907,90.3375,91.7719,90.3375,97471.83333333331,-0.7199999999999989,-0.0071
2014-10-14,98.58,101.16,96.24,100.08,FI,202728.66666666663,-0.3767071320182094,-0.3767071320182094,16.68,16.43,16.86,16.04,1216372,90.2834,88.9302,91.2577,86.8193,202728.66666666663,-1.5600000000000023,-0.0156
2014-10-15,100.74,101.46,96.87,98.04,FI,122495.83333333331,-0.3630500758725342,-0.3630500758725342,16.34,16.79,16.91,16.145,734975,88.4431,90.8788,91.5283,87.3876,122495.83333333331,2.1599999999999966,0.0219
2014-10-16,101.58,101.88,97.5,99.54,FI,99774.0,-0.3577389984825493,-0.3577389984825493,16.59,16.93,16.98,16.25,598644,89.7962,91.6365,91.9072,87.9559,99774.0,0.8400000000000034,0.0083
2014-10-17,104.76,107.46,101.52,102.78,FI,103790.33333333331,-0.3376327769347496,-0.3376327769347496,17.13,17.46,17.91,16.92,622742,92.7191,94.5053,96.941,91.5824,103790.33333333331,3.180000000000007,0.0313
2014-10-20,102.48,105.12,100.5,104.4,FI,61569.333333333336,-0.35204855842185123,-0.35204855842185123,17.4,17.08,17.52,16.75,369416,94.1805,92.4484,94.83,90.6623,61569.333333333336,-2.280000000000001,-0.0218
2014-10-21,104.22,105.12,102.12,102.9,FI,121572.0,-0.34104704097116845,-0.34104704097116845,17.15,17.37,17.52,17.02,729432,92.8273,94.0181,94.83,92.1237,121572.0,1.7399999999999949,0.017
2014-10-22,104.52,107.04,103.26,104.34,FI,124722.16666666669,-0.33915022761760244,-0.33915022761760244,17.39,17.42,17.84,17.21,748333,94.1264,94.2888,96.5621,93.1521,124722.16666666669,0.29999999999999716,0.0029
2014-10-23,104.82,107.22,103.44,104.82,FI,123874.66666666669,-0.33725341426403643,-0.33725341426403643,17.47,17.47,17.87,17.24,743248,94.5594,94.5594,96.7245,93.3145,123874.66666666669,0.29999999999999716,0.0029
2014-10-24,104.82,107.22,103.44,104.82,FI,123874.66666666669,-0.33725341426403643,-0.33725341426403643,17.47,17.47,17.87,17.24,743248,94.5594,94.5594,96.7245,93.3145,123874.66666666669,0.0,0.0
2014-10-27,101.76,102.06,98.1,99.36,FI,170923.0,-0.35660091047040965,-0.35660091047040965,16.56,16.96,17.01,16.35,1025538,89.6339,91.7989,92.0696,88.4972,170923.0,-3.059999999999988,-0.0292
2014-10-28,102.42,102.63,99.84,101.64,FI,143300.0,-0.3524279210925645,-0.3524279210925645,16.94,17.07,17.105,16.64,859800,91.6907,92.3943,92.5838,90.0669,143300.0,0.6599999999999966,0.0065
2014-10-29,102.42,102.63,99.84,101.64,FI,143300.0,-0.3524279210925645,-0.3524279210925645,16.94,17.07,17.105,16.64,859800,91.6907,92.3943,92.5838,90.0669,143300.0,0.0,0.0
2014-10-30,102.12,103.14,101.28,102.36,FI,114913.33333333331,-0.35432473444613044,-0.35432473444613044,17.06,17.02,17.19,16.88,689480,92.3402,92.1237,93.0438,91.3659,114913.33333333331,-0.29999999999999716,-0.0029
2014-10-31,103.38,103.98,101.52,102.18,FI,93036.83333333331,-0.34635811836115327,-0.34635811836115327,17.03,17.23,17.33,16.92,558221,92.1778,93.2603,93.8016,91.5824,93036.83333333331,1.259999999999991,0.0123
2014-11-03,104.7,107.88,102.42,103.56,FI,83513.16666666667,-0.3380121396054628,-0.3380121396054628,17.26,17.45,17.98,17.07,501079,93.4227,94.4511,97.3199,92.3943,83513.16666666667,1.3200000000000074,0.0128
2014-11-04,99.06,103.92,98.43,103.92,FI,63193.333333333336,-0.37367223065250377,-0.37367223065250377,17.32,16.51,17.32,16.405,379160,93.7475,89.3632,93.7475,88.7949,63193.333333333336,-5.640000000000001,-0.0539
2014-11-05,101.28,101.94,98.988,99.3,FI,47425.5,-0.3596358118361153,-0.3596358118361153,16.55,16.88,16.99,16.498,284553,89.5797,91.3659,91.9613,89.2983,47425.5,2.219999999999999,0.0224
2014-11-06,102.66,102.9,100.08,101.22,FI,168686.16666666666,-0.3509104704097117,-0.3509104704097117,16.87,17.11,17.15,16.68,1012117,91.3118,92.6108,92.8273,90.2834,168686.16666666666,1.3799999999999955,0.0136
2014-11-07,115.92,116.82,104.1,104.1,FI,302691.0,-0.26707132018209406,-0.26707132018209406,17.35,19.32,19.47,17.35,1816146,93.9099,104.5728,105.3847,93.9099,302691.0,13.260000000000005,0.1292
2014-11-10,114.48,117.882,113.13,116.4,FI,104119.83333333331,-0.2761760242792109,-0.2761760242792109,19.4,19.08,19.647,18.855,624719,105.0058,103.2738,106.3428,102.0559,104119.83333333331,-1.4399999999999977,-0.0124
2014-11-11,116.94,117.06,113.52,115.02,FI,94374.83333333331,-0.26062215477996964,-0.26062215477996964,19.17,19.49,19.51,18.92,566249,103.7609,105.493,105.6012,102.4078,94374.83333333331,2.4599999999999937,0.0215
2014-11-12,121.44,124.86,119.46,120.84,FI,181167.8333333333,-0.2321699544764795,-0.2321699544764795,20.14,20.24,20.81,19.91,1087007,109.0112,109.5525,112.6377,107.7663,181167.8333333333,4.5,0.0385
2014-11-13,120.12,125.82,116.22,124.14,FI,133530.0,-0.2405159332321699,-0.2405159332321699,20.69,20.02,20.97,19.37,801180,111.9882,108.3617,113.5037,104.8435,133530.0,-1.3199999999999932,-0.0109
2014-11-14,123.78,124.98,120.12,120.12,FI,129799.83333333331,-0.21737481031866462,-0.21737481031866462,20.02,20.63,20.83,20.02,778799,108.3617,111.6634,112.746,108.3617,129799.83333333331,3.6599999999999966,0.0305
2014-11-17,124.32,125.97,123.0606,123.78,FI,135211.5,-0.21396054628224587,-0.21396054628224587,20.63,20.72,20.995,20.5101,811269,111.6634,112.1506,113.6391,111.0145,135211.5,0.539999999999992,0.0044
2014-11-18,121.08,125.88,120.0,124.32,FI,85431.5,-0.23444613050075871,-0.23444613050075871,20.72,20.18,20.98,20.0,512589,112.1506,109.2277,113.5579,108.2535,85431.5,-3.239999999999995,-0.0261
2014-11-19,118.92,120.96,117.18,120.9,FI,85105.33333333333,-0.24810318664643397,-0.24810318664643397,20.15,19.82,20.16,19.53,510632,109.0654,107.2792,109.1195,105.7095,85105.33333333333,-2.1599999999999966,-0.0178
2014-11-20,122.28,122.4,118.8,119.64,FI,64543.66666666666,-0.22685887708649466,-0.22685887708649466,19.94,20.38,20.4,19.8,387262,107.9287,110.3103,110.4185,107.1709,64543.66666666666,3.3599999999999994,0.0283
2014-11-21,123.6,124.32,121.02,124.2,FI,45677.16666666666,-0.21851289833080426,-0.21851289833080426,20.7,20.6,20.72,20.17,274063,112.0423,111.5011,112.1506,109.1736,45677.16666666666,1.3199999999999932,0.0108
2014-11-24,122.04,123.96,120.54,123.72,FI,29487.166666666668,-0.22837632776934744,-0.22837632776934744,20.62,20.34,20.66,20.09,176923,111.6093,110.0938,111.8258,108.7406,29487.166666666668,-1.559999999999988,-0.0126
2014-11-25,119.58,122.88,118.56,122.04,FI,47429.66666666666,-0.24393019726858878,-0.24393019726858878,20.34,19.93,20.48,19.76,284578,110.9117,108.676,111.6751,107.749,47429.66666666666,-2.460000000000008,-0.0202
2014-11-26,117.18,119.34,116.76,118.8,FI,43441.16666666666,-0.2591047040971168,-0.2591047040971168,19.8,19.53,19.89,19.46,260647,107.9671,106.4949,108.4579,106.1132,43441.16666666666,-2.3999999999999915,-0.0201
2014-11-27,117.18,119.34,116.76,118.8,FI,43441.16666666666,-0.2591047040971168,-0.2591047040971168,19.8,19.53,19.89,19.46,260647,107.9671,106.4949,108.4579,106.1132,43441.16666666666,0.0,0.0
2014-11-28,107.88,115.5,106.8,115.5,FI,68500.83333333333,-0.31790591805766316,-0.31790591805766316,19.25,17.98,19.25,17.8,411005,104.968,98.0429,104.968,97.0614,68500.83333333333,-9.300000000000011,-0.0794
2014-12-01,108.0,109.02,99.42,105.3,FI,186980.16666666663,-0.3171471927162367,-0.3171471927162367,17.55,18.0,18.17,16.57,1121881,95.6981,98.1519,99.0789,90.3543,186980.16666666663,0.12000000000000455,0.0011
2014-12-02,106.92,108.54,105.93,107.7,FI,151134.66666666666,-0.32397572078907433,-0.32397572078907433,17.95,17.82,18.09,17.655,906808,97.8793,97.1704,98.6427,96.2707,151134.66666666666,-1.0799999999999983,-0.01
2014-12-03,106.62,107.64,105.6,105.6,FI,90653.66666666669,-0.32587253414264034,-0.32587253414264034,17.6,17.77,17.94,17.6,543922,95.9708,96.8978,97.8248,95.9708,90653.66666666669,-0.29999999999999716,-0.0028
2014-12-04,104.76,108.96,103.08,107.4,FI,145896.83333333334,-0.3376327769347496,-0.3376327769347496,17.9,17.46,18.16,17.18,875381,97.6067,95.2074,99.0244,93.6806,145896.83333333334,-1.8599999999999994,-0.0174
2014-12-05,102.42,104.34,100.62,102.66,FI,126991.83333333331,-0.3524279210925645,-0.3524279210925645,17.11,17.07,17.39,16.77,761951,93.2989,93.0808,94.8257,91.4449,126991.83333333331,-2.3400000000000034,-0.0223
2014-12-08,100.98,102.78,100.32,101.04,FI,176011.33333333334,-0.3615326251896813,-0.3615326251896813,16.84,16.83,17.13,16.72,1056068,91.8266,91.7721,93.4079,91.1722,176011.33333333334,-1.4399999999999977,-0.0141
2014-12-09,101.34,101.82,100.02,100.44,FI,103580.83333333331,-0.3592564491654021,-0.3592564491654021,16.74,16.89,16.97,16.67,621485,91.2813,92.0992,92.5355,90.8996,103580.83333333331,0.35999999999999943,0.0036
2014-12-10,95.88,100.8,95.76,100.26,FI,134354.5,-0.3937784522003035,-0.3937784522003035,16.71,15.98,16.8,15.96,806127,91.1177,87.1371,91.6085,87.0281,134354.5,-5.460000000000008,-0.0539
2014-12-11,96.6,97.56,95.64,96.18,FI,95989.16666666669,-0.3892261001517451,-0.3892261001517451,16.03,16.1,16.26,15.94,575935,87.4098,87.7915,88.6639,86.919,95989.16666666669,0.7199999999999989,0.0075
2014-12-12,91.32,99.0,91.2,99.0,FI,314427.5,-0.42261001517450686,-0.42261001517450686,16.5,15.22,16.5,15.2,1886565,89.9726,82.9929,89.9726,82.8839,314427.5,-5.280000000000001,-0.0547
2014-12-15,89.82,92.46,89.22,92.28,FI,205864.66666666663,-0.4320940819423369,-0.4320940819423369,15.38,14.97,15.41,14.87,1235188,83.8654,81.6297,84.029,81.0844,205864.66666666663,-1.5,-0.0164
2014-12-16,91.2,93.78,89.28,91.2,FI,323788.0,-0.4233687405159332,-0.4233687405159332,15.2,15.2,15.63,14.88,1942728,82.8839,82.8839,85.2286,81.1389,323788.0,1.3800000000000097,0.0154
2014-12-17,97.2,98.79,90.9,91.02,FI,101122.0,-0.385432473444613,-0.385432473444613,15.17,16.2,16.465,15.15,606732,82.7203,88.3367,89.7818,82.6112,101122.0,6.0,0.0658
2014-12-18,101.1,102.06,97.62,97.62,FI,97860.66666666669,-0.360773899848255,-0.360773899848255,16.27,16.85,17.01,16.27,587164,88.7184,91.8811,92.7536,88.7184,97860.66666666669,3.8999999999999915,0.0401
2014-12-19,108.0,108.6,101.28,102.72,FI,118214.33333333331,-0.3171471927162367,-0.3171471927162367,17.12,18.0,18.1,16.88,709286,93.3534,98.1519,98.6972,92.0447,118214.33333333331,6.900000000000006,0.0682
2014-12-22,104.46,109.32,104.04,109.32,FI,63927.833333333336,-0.33952959028831564,-0.33952959028831564,18.22,17.41,18.22,17.34,383567,99.3516,94.9347,99.3516,94.553,63927.833333333336,-3.5400000000000063,-0.0328
2014-12-23,102.12,105.48,101.28,104.64,FI,87299.33333333333,-0.35432473444613044,-0.35432473444613044,17.44,17.02,17.58,16.88,523796,95.0983,92.8081,95.8617,92.0447,87299.33333333333,-2.339999999999989,-0.0224
2014-12-24,100.8,102.24,98.7114,102.24,FI,38234.66666666666,-0.3626707132018209,-0.3626707132018209,17.04,16.8,17.04,16.4519,229408,92.9172,91.6085,92.9172,89.7103,38234.66666666666,-1.3200000000000074,-0.0129
2014-12-26,99.84,101.52,98.1,101.34,FI,56405.0,-0.36874051593323215,-0.36874051593323215,16.89,16.64,16.92,16.35,338430,92.0992,90.736,92.2628,89.1547,56405.0,-0.9599999999999937,-0.0095
2014-12-29,99.96,101.22,97.44,100.32,FI,70240.83333333333,-0.3679817905918058,-0.3679817905918058,16.72,16.66,16.87,16.24,421445,91.1722,90.8451,91.9902,88.5549,70240.83333333333,0.11999999999999034,0.0012
2014-12-30,99.6,101.04,97.5,100.5,FI,50756.833333333336,-0.370257966616085,-0.370257966616085,16.75,16.6,16.84,16.25,304541,91.3358,90.5179,91.8266,88.6094,50756.833333333336,-0.35999999999999943,-0.0036
2014-12-31,99.78,100.5,96.42,98.76,FI,45998.16666666666,-0.36911987860394535,-0.36911987860394535,16.46,16.63,16.75,16.07,275989,89.7545,90.6815,91.3358,87.6279,45998.16666666666,0.18000000000000682,0.0018
2015-01-02,97.68,100.02,94.26,94.26,FI,96482.0,-0.3823975720789074,-0.3823975720789074,15.71,16.28,16.67,15.71,578892,85.6648,88.773,90.8996,85.6648,96482.0,-2.0999999999999943,-0.021
2015-01-05,95.94,97.44,94.47,96.06,FI,97154.0,-0.3933990895295903,-0.3933990895295903,16.01,15.99,16.24,15.745,582924,87.3007,87.1916,88.5549,85.8557,97154.0,-1.740000000000009,-0.0178
2015-01-06,96.42,96.6,94.26,95.82,FI,116458.5,-0.39036418816388463,-0.39036418816388463,15.97,16.07,16.1,15.71,698751,87.0826,87.6279,87.7915,85.6648,116458.5,0.480000000000004,0.005
2015-01-07,93.06,96.78,92.76,96.54,FI,96071.5,-0.41160849772382396,-0.41160849772382396,16.09,15.51,16.13,15.46,576429,87.7369,84.5743,87.955,84.3016,96071.5,-3.3599999999999994,-0.0348
2015-01-08,93.9,94.5,92.1,93.42,FI,128132.66666666669,-0.4062974203338391,-0.4062974203338391,15.57,15.65,15.75,15.35,768796,84.9014,85.3377,85.8829,83.7018,128132.66666666669,0.8400000000000034,0.009
2015-01-09,92.76,94.8,92.16,94.02,FI,93350.0,-0.4135053110773899,-0.4135053110773899,15.67,15.46,15.8,15.36,560100,85.4467,84.3016,86.1556,83.7563,93350.0,-1.1400000000000006,-0.0121
2015-01-12,90.24,91.5,87.18,91.5,FI,141715.0,-0.4294385432473445,-0.4294385432473445,15.25,15.04,15.25,14.53,850290,83.1565,82.0114,83.1565,79.2304,141715.0,-2.5200000000000102,-0.0272
2015-01-13,96.84,96.84,89.88,90.54,FI,148887.83333333334,-0.3877086494688922,-0.3877086494688922,15.09,16.14,16.14,14.98,893327,82.284,88.0096,88.0096,81.6842,148887.83333333334,6.6000000000000085,0.0731
2015-01-14,96.84,97.32,94.2,96.06,FI,146477.16666666666,-0.3877086494688922,-0.3877086494688922,16.01,16.14,16.22,15.7,878863,87.3007,88.0096,88.4458,85.6103,146477.16666666666,0.0,0.0
2015-01-15,93.06,98.7,92.16,98.1,FI,103240.33333333331,-0.41160849772382396,-0.41160849772382396,16.35,15.51,16.45,15.36,619442,89.1547,84.5743,89.7,83.7563,103240.33333333331,-3.780000000000001,-0.039
2015-01-16,96.18,96.42,92.4,92.76,FI,42877.0,-0.39188163884673743,-0.39188163884673743,15.46,16.03,16.07,15.4,257262,84.3016,87.4098,87.6279,83.9744,42877.0,3.1200000000000045,0.0335
2015-01-20,96.0,97.26,92.574,95.7,FI,40727.333333333336,-0.3930197268588771,-0.3930197268588771,15.95,16.0,16.21,15.429,244364,86.9735,87.2462,88.3913,84.1326,40727.333333333336,-0.18000000000000682,-0.0019
2015-01-21,99.6,99.78,96.0,96.78,FI,40931.16666666666,-0.370257966616085,-0.370257966616085,16.13,16.6,16.63,16.0,245587,87.955,90.5179,90.6815,87.2462,40931.16666666666,3.5999999999999943,0.0375
2015-01-22,100.5,101.88,98.46,100.8,FI,103677.16666666669,-0.36456752655538693,-0.36456752655538693,16.8,16.75,16.98,16.41,622063,91.6085,91.3358,92.59,89.4819,103677.16666666669,0.9000000000000057,0.009
2015-01-23,99.66,105.3,98.76,100.02,FI,94957.0,-0.3698786039453718,-0.3698786039453718,16.67,16.61,17.55,16.46,569742,90.8996,90.5724,95.6981,89.7545,94957.0,-0.8400000000000034,-0.0084
2015-01-26,100.74,100.74,98.1,99.84,FI,83646.33333333333,-0.3630500758725342,-0.3630500758725342,16.64,16.79,16.79,16.35,501878,90.736,91.554,91.554,89.1547,83646.33333333333,1.0799999999999983,0.0108
2015-01-27,104.28,104.28,99.48,99.9,FI,39791.16666666666,-0.3406676783004552,-0.3406676783004552,16.65,17.38,17.38,16.58,238747,90.7905,94.7712,94.7712,90.4088,39791.16666666666,3.5400000000000063,0.0351
2015-01-28,96.3,104.7,95.46,104.34,FI,61025.833333333336,-0.3911229135053111,-0.3911229135053111,17.39,16.05,17.45,15.91,366155,94.8257,87.5188,95.1529,86.7554,61025.833333333336,-7.980000000000004,-0.0765
2015-01-29,96.3,97.08,93.54,96.36,FI,74793.16666666667,-0.3911229135053111,-0.3911229135053111,16.06,16.05,16.18,15.59,448759,87.5733,87.5188,88.2277,85.0105,74793.16666666667,0.0,0.0
2015-01-30,98.22,99.12,94.8,95.4,FI,32229.166666666668,-0.3789833080424886,-0.3789833080424886,15.9,16.37,16.52,15.8,193375,86.7009,89.2637,90.0817,86.1556,32229.166666666668,1.9200000000000017,0.0199
2015-02-02,101.76,102.36,97.14,97.14,FI,52879.0,-0.35660091047040965,-0.35660091047040965,16.19,16.96,17.06,16.19,317274,88.2822,92.4809,93.0262,88.2822,52879.0,3.5400000000000063,0.036
2015-02-03,99.72,106.86,99.12,103.62,FI,149912.66666666666,-0.36949924127465855,-0.36949924127465855,17.27,16.62,17.81,16.52,899476,94.1713,90.627,97.1159,90.0817,149912.66666666666,-2.0400000000000063,-0.02
2015-02-04,96.42,99.54,94.5,97.74,FI,91973.0,-0.39036418816388463,-0.39036418816388463,16.29,16.07,16.59,15.75,551838,88.8275,87.6279,90.4634,85.8829,91973.0,-3.299999999999997,-0.0331
2015-02-05,101.34,101.7,96.9,97.32,FI,56745.0,-0.3592564491654021,-0.3592564491654021,16.22,16.89,16.95,16.15,340470,88.4458,92.0992,92.4264,88.0641,56745.0,4.920000000000002,0.051
2015-02-06,99.6,106.44,97.32,101.4,FI,102194.66666666669,-0.370257966616085,-0.370257966616085,16.9,16.6,17.74,16.22,613168,92.1538,90.5179,96.7342,88.4458,102194.66666666669,-1.740000000000009,-0.0172
2015-02-09,99.48,103.14,99.3,100.2,FI,65720.5,-0.37101669195751136,-0.37101669195751136,16.7,16.58,17.19,16.55,394323,91.0632,90.4088,93.7351,90.2453,65720.5,-0.11999999999999034,-0.0012
2015-02-10,97.14,99.42,95.34,99.36,FI,46136.833333333336,-0.3858118361153262,-0.3858118361153262,16.56,16.19,16.57,15.89,276821,90.2998,88.2822,90.3543,86.6464,46136.833333333336,-2.3400000000000034,-0.0235
2015-02-11,96.0,97.5,94.68,96.06,FI,58383.66666666666,-0.3930197268588771,-0.3930197268588771,16.01,16.0,16.25,15.78,350302,87.3007,87.2462,88.6094,86.0465,58383.66666666666,-1.1400000000000006,-0.0117
2015-02-12,97.38,102.0,97.02,97.38,FI,56747.0,-0.38429438543247346,-0.38429438543247346,16.23,16.23,17.0,16.17,340482,88.5003,88.5003,92.6991,88.1732,56747.0,1.3799999999999955,0.0144
2015-02-13,98.1,99.48,96.12,98.7,FI,71186.33333333333,-0.37974203338391505,-0.37974203338391505,16.45,16.35,16.58,16.02,427118,89.7,89.1547,90.4088,87.3552,71186.33333333333,0.7199999999999989,0.0074
2015-02-17,104.16,104.4,97.74,98.04,FI,91889.83333333331,-0.34142640364188165,-0.34142640364188165,16.34,17.36,17.4,16.29,551339,89.1002,94.6621,94.8802,88.8275,91889.83333333331,6.060000000000002,0.0618
2015-02-18,101.88,104.76,101.22,102.72,FI,53079.16666666666,-0.3558421851289833,-0.3558421851289833,17.12,16.98,17.46,16.87,318475,93.3534,92.59,95.2074,91.9902,53079.16666666666,-2.280000000000001,-0.0219
2015-02-19,100.5,102.12,98.4,99.66,FI,37840.16666666666,-0.36456752655538693,-0.36456752655538693,16.61,16.75,17.02,16.4,227041,90.5724,91.3358,92.8081,89.4273,37840.16666666666,-1.3799999999999955,-0.0135
2015-02-20,99.84,101.28,99.06,100.5,FI,18384.166666666668,-0.36874051593323215,-0.36874051593323215,16.75,16.64,16.88,16.51,110305,91.3358,90.736,92.0447,90.0271,18384.166666666668,-0.6599999999999966,-0.0066
2015-02-23,97.8,101.16,97.56,98.64,FI,41171.0,-0.38163884673748105,-0.38163884673748105,16.44,16.3,16.86,16.26,247026,89.6454,88.882,91.9357,88.6639,41171.0,-2.0400000000000063,-0.0204
2015-02-24,98.88,99.36,97.14,98.58,FI,90317.33333333331,-0.3748103186646434,-0.3748103186646434,16.43,16.48,16.56,16.19,541904,89.5909,89.8636,90.2998,88.2822,90317.33333333331,1.0799999999999983,0.011
2015-02-25,104.1,106.98,96.06,96.24,FI,111291.66666666669,-0.34180576631259485,-0.34180576631259485,16.04,17.35,17.83,16.01,667750,87.4643,94.6076,97.225,87.3007,111291.66666666669,5.219999999999999,0.0528
2015-02-26,107.16,107.64,102.12,103.74,FI,135811.83333333334,-0.3224582701062216,-0.3224582701062216,17.29,17.86,17.94,17.02,814871,94.2804,97.3885,97.8248,92.8081,135811.83333333334,3.0600000000000023,0.0294
2015-02-27,106.56,109.62,105.69,106.14,FI,115905.66666666669,-0.32625189681335354,-0.32625189681335354,17.69,17.76,18.27,17.615,695434,96.4615,96.8432,99.6242,96.0526,115905.66666666669,-0.5999999999999943,-0.0056
2015-03-02,106.14,108.48,104.58,106.56,FI,106277.5,-0.32890743550834595,-0.32890743550834595,17.76,17.69,18.08,17.43,637665,96.8432,96.4615,98.5882,95.0438,106277.5,-0.4200000000000017,-0.0039
2015-03-03,108.54,108.96,105.36,106.56,FI,133579.0,-0.31373292867981784,-0.31373292867981784,17.76,18.09,18.16,17.56,801474,96.8432,98.6427,99.0244,95.7527,133579.0,2.4000000000000057,0.0226
2015-03-04,108.24,108.96,105.9,107.94,FI,173761.66666666666,-0.31562974203338395,-0.31562974203338395,17.99,18.04,18.16,17.65,1042570,98.9176,99.1925,99.8524,97.0481,173761.66666666666,-0.30000000000001137,-0.0028
2015-03-05,108.18,109.08,107.85,108.06,FI,180510.66666666663,-0.31600910470409704,-0.31600910470409704,18.01,18.03,18.18,17.975,1083064,99.0276,99.1376,99.9623,98.8351,180510.66666666663,-0.05999999999998806,-0.0006
2015-03-06,110.46,110.82,106.5,107.1,FI,234716.16666666663,-0.30159332321699545,-0.30159332321699545,17.85,18.41,18.47,17.75,1408297,98.1478,101.227,101.5569,97.598,234716.16666666663,2.279999999999987,0.0211
2015-03-09,108.6,111.42,107.52,111.42,FI,248140.0,-0.31335356600910474,-0.31335356600910474,18.57,18.1,18.57,17.92,1488840,102.1067,99.5225,102.1067,98.5327,248140.0,-1.8599999999999994,-0.0168
2015-03-10,105.42,109.32,105.3,107.28,FI,155149.0,-0.33345978755690436,-0.33345978755690436,17.88,17.57,18.22,17.55,930894,98.3128,96.6083,100.1823,96.4983,155149.0,-3.1799999999999926,-0.0293
2015-03-11,106.02,107.82,104.04,105.9,FI,98622.83333333331,-0.3296661608497724,-0.3296661608497724,17.65,17.67,17.97,17.34,591737,97.0481,97.1581,98.8077,95.3436,98622.83333333331,0.5999999999999943,0.0057
2015-03-12,106.38,108.66,106.2,107.88,FI,104711.83333333331,-0.3273899848254932,-0.3273899848254932,17.98,17.73,18.11,17.7,628271,98.8626,97.488,99.5774,97.3231,104711.83333333331,0.35999999999999943,0.0034
2015-03-13,103.98,106.98,103.74,106.62,FI,85744.83333333333,-0.3425644916540212,-0.3425644916540212,17.77,17.33,17.83,17.29,514469,97.708,95.2886,98.0379,95.0687,85744.83333333333,-2.3999999999999915,-0.0226
2015-03-16,101.82,103.68,99.84,103.38,FI,77362.33333333333,-0.35622154779969656,-0.35622154779969656,17.23,16.97,17.28,16.64,464174,94.7388,93.3092,95.0137,91.4947,77362.33333333333,-2.160000000000011,-0.0208
2015-03-17,100.38,102.0,99.0,101.76,FI,97431.16666666669,-0.3653262518968134,-0.3653262518968134,16.96,16.73,17.0,16.5,584587,93.2542,91.9895,93.4741,90.7249,97431.16666666669,-1.4399999999999977,-0.0141
2015-03-18,103.08,103.44,99.0,99.6,FI,52514.333333333336,-0.3482549317147193,-0.3482549317147193,16.6,17.18,17.24,16.5,315086,91.2747,94.4639,94.7938,90.7249,52514.333333333336,2.700000000000003,0.0269
2015-03-19,103.38,103.86,101.76,101.76,FI,67105.83333333333,-0.34635811836115327,-0.34635811836115327,16.96,17.23,17.31,16.96,402635,93.2542,94.7388,95.1787,93.2542,67105.83333333333,0.29999999999999716,0.0029
2015-03-20,107.04,107.64,103.2,104.88,FI,199777.66666666663,-0.32321699544764787,-0.32321699544764787,17.48,17.84,17.94,17.2,1198666,96.1134,98.0929,98.6427,94.5738,199777.66666666663,3.660000000000011,0.0354
2015-03-23,104.52,108.66,104.46,107.04,FI,49829.0,-0.33915022761760244,-0.33915022761760244,17.84,17.42,18.11,17.41,298974,98.0929,95.7835,99.5774,95.7285,49829.0,-2.5200000000000102,-0.0235
2015-03-24,105.42,106.62,102.54,104.4,FI,114727.0,-0.33345978755690436,-0.33345978755690436,17.4,17.57,17.77,17.09,688362,95.6735,96.6083,97.708,93.969,114727.0,0.9000000000000057,0.0086
2015-03-25,104.7,107.28,104.04,106.02,FI,263316.6666666667,-0.3380121396054628,-0.3380121396054628,17.67,17.45,17.88,17.34,1579900,97.1581,95.9484,98.3128,95.3436,263316.6666666667,-0.7199999999999989,-0.0068
2015-03-26,105.3,107.94,104.34,105.96,FI,146077.83333333334,-0.3342185128983308,-0.3342185128983308,17.66,17.55,17.99,17.39,876467,97.1031,96.4983,98.9176,95.6185,146077.83333333334,0.5999999999999943,0.0057
2015-03-27,106.32,107.7,104.64,105.3,FI,96834.33333333331,-0.3277693474962064,-0.3277693474962064,17.55,17.72,17.95,17.44,581006,96.4983,97.433,98.6977,95.8935,96834.33333333331,1.019999999999996,0.0097
2015-03-30,112.8,113.7,109.14,109.26,FI,215658.66666666663,-0.2867981790591806,-0.2867981790591806,18.21,18.8,18.95,18.19,1293952,100.1273,103.3714,104.1962,100.0173,215658.66666666663,6.480000000000004,0.0609
2015-03-31,112.2,112.8,110.16,111.54,FI,86468.83333333333,-0.29059180576631255,-0.29059180576631255,18.59,18.7,18.8,18.36,518813,102.2167,102.8215,103.3714,100.9521,86468.83333333333,-0.5999999999999943,-0.0053
2015-04-01,114.36,114.78,111.48,111.6,FI,144457.66666666666,-0.2769347496206373,-0.2769347496206373,18.6,19.06,19.13,18.58,866746,102.2717,104.801,105.1859,102.1617,144457.66666666666,2.1599999999999966,0.0193
2015-04-02,110.4,115.5,109.5,112.08,FI,232811.0,-0.3019726858877086,-0.3019726858877086,18.68,18.4,19.25,18.25,1396866,102.7116,101.172,105.8457,100.3472,232811.0,-3.9599999999999937,-0.0346
2015-04-06,113.34,114.48,110.46,111.24,FI,351514.6666666667,-0.2833839150227617,-0.2833839150227617,18.54,18.89,19.08,18.41,2109088,101.9418,103.8663,104.911,101.227,351514.6666666667,2.9399999999999977,0.0266
2015-04-07,114.24,119.91,111.96,113.04,FI,221096.5,-0.27769347496206376,-0.27769347496206376,18.84,19.04,19.985,18.66,1326579,103.5913,104.691,109.8871,102.6016,221096.5,0.8999999999999915,0.0079
2015-04-08,114.36,116.52,112.86,114.54,FI,111454.33333333331,-0.2769347496206373,-0.2769347496206373,19.09,19.06,19.42,18.81,668726,104.966,104.801,106.7804,103.4264,111454.33333333331,0.12000000000000455,0.0011
2015-04-09,116.76,118.62,113.88,114.6,FI,77388.83333333333,-0.2617602427921092,-0.2617602427921092,19.1,19.46,19.77,18.98,464333,105.0209,107.0004,108.7049,104.3611,77388.83333333333,2.4000000000000057,0.021
2015-04-10,115.8,117.24,113.46,113.46,FI,162947.16666666666,-0.26783004552352047,-0.26783004552352047,18.91,19.3,19.54,18.91,977683,103.9762,106.1206,107.4403,103.9762,162947.16666666666,-0.960000000000008,-0.0082
2015-04-13,114.42,117.3,114.24,115.44,FI,45454.833333333336,-0.2765553869499241,-0.2765553869499241,19.24,19.07,19.55,19.04,272729,105.7907,104.856,107.4953,104.691,45454.833333333336,-1.3799999999999955,-0.0119
2015-04-14,114.48,116.46,113.76,115.02,FI,56030.66666666666,-0.2761760242792109,-0.2761760242792109,19.17,19.08,19.41,18.96,336184,105.4058,104.911,106.7255,104.2511,56030.66666666666,0.060000000000002274,0.0005
2015-04-15,119.88,119.94,114.84,115.26,FI,175731.5,-0.24203338391502277,-0.24203338391502277,19.21,19.98,19.99,19.14,1054389,105.6258,109.8596,109.9146,105.2409,175731.5,5.3999999999999915,0.0472
2015-04-16,116.7,119.76,115.8,119.76,FI,78547.83333333333,-0.26213960546282244,-0.26213960546282244,19.96,19.45,19.96,19.3,471287,109.7496,106.9454,109.7496,106.1206,78547.83333333333,-3.1799999999999926,-0.0265
2015-04-17,114.42,117.2964,113.04,116.7,FI,92650.33333333331,-0.2765553869499241,-0.2765553869499241,19.45,19.07,19.5494,18.84,555902,106.9454,104.856,107.492,103.5913,92650.33333333331,-2.280000000000001,-0.0195
2015-04-20,115.68,117.18,113.52,113.94,FI,101913.83333333331,-0.2685887708649468,-0.2685887708649468,18.99,19.28,19.53,18.92,611483,104.4161,106.0107,107.3853,104.0312,101913.83333333331,1.2600000000000051,0.011
2015-04-21,112.8,115.8,111.72,115.8,FI,82488.0,-0.2867981790591806,-0.2867981790591806,19.3,18.8,19.3,18.62,494928,106.1206,103.3714,106.1206,102.3817,82488.0,-2.8800000000000097,-0.0249
2015-04-22,113.46,114.24,111.12,112.74,FI,77157.16666666667,-0.2826251896813354,-0.2826251896813354,18.79,18.91,19.04,18.52,462943,103.3164,103.9762,104.691,101.8318,77157.16666666667,0.6599999999999966,0.0059
2015-04-23,114.96,116.46,113.34,114.18,FI,88767.83333333333,-0.27314112291350534,-0.27314112291350534,19.03,19.16,19.41,18.89,532607,104.636,105.3508,106.7255,103.8663,88767.83333333333,1.5,0.0132
2015-04-24,112.8,115.02,111.84,114.48,FI,70714.66666666667,-0.2867981790591806,-0.2867981790591806,19.08,18.8,19.17,18.64,424288,104.911,103.3714,105.4058,102.4916,70714.66666666667,-2.1599999999999966,-0.0188
2015-04-27,113.46,115.62,112.68,113.76,FI,74448.16666666667,-0.2826251896813354,-0.2826251896813354,18.96,18.91,19.27,18.78,446689,104.2511,103.9762,105.9557,103.2614,74448.16666666667,0.6599999999999966,0.0059
2015-04-28,112.8,114.9,112.02,113.28,FI,87587.5,-0.2867981790591806,-0.2867981790591806,18.88,18.8,19.15,18.67,525525,103.8113,103.3714,105.2959,102.6566,87587.5,-0.6599999999999966,-0.0058
2015-04-29,123.36,124.8,115.5,117.0,FI,289665.6666666667,-0.22003034901365703,-0.22003034901365703,19.5,20.56,20.8,19.25,1737994,107.2203,113.0487,114.3683,105.8457,289665.6666666667,10.560000000000002,0.0936
2015-04-30,124.8,128.5242,121.08,125.22,FI,275870.6666666667,-0.2109256449165402,-0.2109256449165402,20.87,20.8,21.4207,20.18,1655224,114.7532,114.3683,117.7813,110.9593,275870.6666666667,1.4399999999999977,0.0117
2015-05-01,127.26,127.5,123.84,124.92,FI,130537.83333333331,-0.1953717754172989,-0.1953717754172989,20.82,21.21,21.25,20.64,783227,114.4783,116.6227,116.8427,113.4886,130537.83333333331,2.460000000000008,0.0197
2015-05-04,126.42,129.0,125.64,128.4,FI,108441.83333333331,-0.20068285280728373,-0.20068285280728373,21.4,21.07,21.5,20.94,650651,117.6674,115.8529,118.2173,115.1381,108441.83333333331,-0.8400000000000034,-0.0066
2015-05-05,123.84,128.34,123.72,127.86,FI,116712.5,-0.2169954476479514,-0.2169954476479514,21.31,20.64,21.39,20.62,700275,117.1726,113.4886,117.6125,113.3786,116712.5,-2.5799999999999983,-0.0204
2015-05-06,127.14,127.38,123.84,125.52,FI,93833.0,-0.19613050075872532,-0.19613050075872532,20.92,21.19,21.23,20.64,562998,115.0282,116.5128,116.7327,113.4886,93833.0,3.299999999999997,0.0266
2015-05-07,124.44,127.14,123.24,126.66,FI,126931.66666666669,-0.2132018209408194,-0.2132018209408194,21.11,20.74,21.19,20.54,761590,116.0729,114.0384,116.5128,112.9387,126931.66666666669,-2.700000000000003,-0.0212
2015-05-08,127.26,127.68,122.304,125.94,FI,73538.83333333333,-0.1953717754172989,-0.1953717754172989,20.99,21.21,21.28,20.384,441233,115.4131,116.6227,117.0076,112.081,73538.83333333333,2.8200000000000074,0.0227
2015-05-11,125.04,127.14,123.42,127.02,FI,36825.0,-0.20940819423368734,-0.20940819423368734,21.17,20.84,21.19,20.57,220950,116.4028,114.5883,116.5128,113.1037,36825.0,-2.219999999999999,-0.0174
2015-05-12,126.06,126.96,124.56,125.1,FI,31800.0,-0.20295902883156294,-0.20295902883156294,20.85,21.01,21.16,20.76,190800,114.6433,115.523,116.3478,114.1484,31800.0,1.019999999999996,0.0082
2015-05-13,125.64,127.56,124.2,127.02,FI,68525.5,-0.20561456752655535,-0.20561456752655535,21.17,20.94,21.26,20.7,411153,116.4028,115.1381,116.8976,113.8185,68525.5,-0.4200000000000017,-0.0033
2015-05-14,127.2,128.46,125.7,126.36,FI,92563.5,-0.19575113808801212,-0.19575113808801212,21.06,21.2,21.41,20.95,555381,115.798,116.5677,117.7224,115.1931,92563.5,1.5600000000000023,0.0124
2015-05-15,125.46,126.66,124.44,126.24,FI,52719.833333333336,-0.206752655538695,-0.206752655538695,21.04,20.91,21.11,20.74,316319,115.688,114.9732,116.0729,114.0384,52719.833333333336,-1.740000000000009,-0.0137
2015-05-18,125.88,126.0,123.36,125.04,FI,32342.33333333333,-0.2040971168437026,-0.2040971168437026,20.84,20.98,21.0,20.56,194054,114.5883,115.3581,115.468,113.0487,32342.33333333333,0.4200000000000017,0.0033
2015-05-19,122.16,124.92,119.82,124.8,FI,92558.66666666669,-0.2276176024279211,-0.2276176024279211,20.8,20.36,20.82,19.97,555352,114.3683,111.949,114.4783,109.8046,92558.66666666669,-3.719999999999999,-0.0296
2015-05-20,120.72,122.94,119.64,121.92,FI,82567.33333333333,-0.23672230652503792,-0.23672230652503792,20.32,20.12,20.49,19.94,495404,111.7291,110.6294,112.6638,109.6397,82567.33333333333,-1.4399999999999977,-0.0118
2015-05-21,124.2,124.8,120.9,121.44,FI,56586.333333333336,-0.2147192716236722,-0.2147192716236722,20.24,20.7,20.8,20.15,339518,111.2892,113.8185,114.3683,110.7943,56586.333333333336,3.480000000000004,0.0288
2015-05-22,122.64,125.1,121.86,123.36,FI,25080.33333333333,-0.22458270106221545,-0.22458270106221545,20.56,20.44,20.85,20.31,150482,113.0487,112.3889,114.6433,111.6741,25080.33333333333,-1.5600000000000023,-0.0126
2015-05-26,121.32,123.48,120.6,121.08,FI,37014.5,-0.23292867981790594,-0.23292867981790594,20.18,20.22,20.58,20.1,222087,110.9593,111.1792,113.1587,110.5194,37014.5,-1.3200000000000074,-0.0108
2015-05-27,121.62,122.64,119.7,121.08,FI,49740.16666666666,-0.23103186646433987,-0.23103186646433987,20.18,20.27,20.44,19.95,298441,110.9593,111.4542,112.3889,109.6946,49740.16666666666,0.30000000000001137,0.0025
2015-05-28,120.0,121.59,118.74,121.32,FI,68750.5,-0.24127465857359634,-0.24127465857359634,20.22,20.0,20.265,19.79,412503,111.1792,109.9696,111.4267,108.8149,68750.5,-1.6200000000000045,-0.0133
2015-05-29,118.92,121.44,118.665,120.48,FI,59292.833333333336,-0.24810318664643397,-0.24810318664643397,20.08,19.82,20.24,19.7775,355757,110.4094,108.9798,111.2892,108.7462,59292.833333333336,-1.0799999999999983,-0.009
2015-06-01,121.56,121.8,119.22,119.58,FI,76612.0,-0.23141122913505308,-0.23141122913505308,19.93,20.26,20.3,19.87,459672,109.5847,111.3992,111.6191,109.2548,76612.0,2.6400000000000006,0.0222
2015-06-02,123.6,124.26,121.68,122.7,FI,103684.16666666669,-0.21851289833080426,-0.21851289833080426,20.45,20.6,20.71,20.28,622105,112.4439,113.2687,113.8735,111.5091,103684.16666666669,2.039999999999992,0.0168
2015-06-03,121.56,123.9,121.44,122.58,FI,79541.16666666667,-0.23141122913505308,-0.23141122913505308,20.43,20.26,20.65,20.24,477247,113.1579,112.2163,114.3764,112.1055,79541.16666666667,-2.039999999999992,-0.0165
2015-06-04,119.04,120.96,118.44,120.54,FI,39578.833333333336,-0.24734446130500753,-0.24734446130500753,20.09,19.84,20.16,19.74,237473,111.2747,109.89,111.6624,109.3361,39578.833333333336,-2.519999999999996,-0.0207
2015-06-05,121.32,122.22,118.26,118.26,FI,66690.33333333333,-0.23292867981790594,-0.23292867981790594,19.71,20.22,20.37,19.71,400142,109.1699,111.9947,112.8255,109.1699,66690.33333333333,2.279999999999987,0.0192
2015-06-08,119.22,122.04,118.8,121.2,FI,39309.16666666666,-0.24620637329286799,-0.24620637329286799,20.2,19.87,20.34,19.8,235855,111.884,110.0561,112.6594,109.6684,39309.16666666666,-2.0999999999999943,-0.0173
2015-06-09,120.66,121.68,119.88,119.88,FI,27442.5,-0.23710166919575115,-0.23710166919575115,19.98,20.11,20.28,19.98,164655,110.6654,111.3855,112.3271,110.6654,27442.5,1.4399999999999977,0.0121
2015-06-10,122.7,123.06,121.5,122.04,FI,43637.0,-0.22420333839150225,-0.22420333839150225,20.34,20.45,20.51,20.25,261822,112.6594,113.2687,113.601,112.1609,43637.0,2.0400000000000063,0.0169
2015-06-11,117.9,123.03,117.45,122.52,FI,168241.83333333334,-0.25455235204855836,-0.25455235204855836,20.42,19.65,20.505,19.575,1009451,113.1025,108.8376,113.5733,108.4222,168241.83333333334,-4.799999999999997,-0.0391
2015-06-12,118.98,119.4,116.94,117.18,FI,57664.833333333336,-0.24772382397572074,-0.24772382397572074,19.53,19.83,19.9,19.49,345989,108.1729,109.8346,110.2223,107.9514,57664.833333333336,1.0799999999999983,0.0092
2015-06-15,118.2,119.04,116.88,117.9,FI,36652.833333333336,-0.25265553869499235,-0.25265553869499235,19.65,19.7,19.84,19.48,219917,108.8376,109.1145,109.89,107.896,36652.833333333336,-0.7800000000000011,-0.0066
2015-06-16,117.18,118.32,116.52,117.72,FI,54534.833333333336,-0.2591047040971168,-0.2591047040971168,19.62,19.53,19.72,19.42,327209,108.6714,108.1729,109.2253,107.5637,54534.833333333336,-1.019999999999996,-0.0086
2015-06-17,116.28,119.04,115.8,117.72,FI,64322.16666666666,-0.26479514415781485,-0.26479514415781485,19.62,19.38,19.84,19.3,385933,108.6714,107.3421,109.89,106.899,64322.16666666666,-0.9000000000000057,-0.0077
2015-06-18,115.14,116.82,113.34,116.82,FI,146752.16666666666,-0.2720030349013657,-0.2720030349013657,19.47,19.19,19.47,18.89,880513,107.8406,106.2898,107.8406,104.6281,146752.16666666666,-1.1400000000000006,-0.0098
2015-06-19,112.62,115.32,112.26,115.32,FI,131042.0,-0.28793626707132014,-0.28793626707132014,19.22,18.77,19.22,18.71,786252,106.4559,103.9635,106.4559,103.6311,131042.0,-2.519999999999996,-0.0219
2015-06-22,114.48,115.74,111.84,113.34,FI,69622.16666666667,-0.2761760242792109,-0.2761760242792109,18.89,19.08,19.29,18.64,417733,104.6281,105.6805,106.8436,103.2434,69622.16666666667,1.8599999999999994,0.0165
2015-06-23,116.4,116.52,114.48,114.54,FI,33887.666666666664,-0.2640364188163884,-0.2640364188163884,19.09,19.4,19.42,19.08,203326,105.7359,107.4529,107.5637,105.6805,33887.666666666664,1.9200000000000017,0.0168
2015-06-24,114.66,116.7,114.48,115.8,FI,29161.83333333333,-0.27503793626707135,-0.27503793626707135,19.3,19.11,19.45,19.08,174971,106.899,105.8466,107.7298,105.6805,29161.83333333333,-1.740000000000009,-0.0149
2015-06-25,114.9,116.4,114.18,114.96,FI,46689.333333333336,-0.2735204855842185,-0.2735204855842185,19.16,19.15,19.4,19.03,280136,106.1236,106.0682,107.4529,105.4035,46689.333333333336,0.2400000000000091,0.0021
2015-06-26,114.54,115.26,112.32,115.26,FI,154111.33333333334,-0.2757966616084977,-0.2757966616084977,19.21,19.09,19.21,18.72,924668,106.4005,105.7359,106.4005,103.6865,154111.33333333334,-0.35999999999999943,-0.0031
2015-06-29,112.98,115.65,111.921,112.92,FI,82789.5,-0.28566009104704093,-0.28566009104704093,18.82,18.83,19.275,18.6535,496737,104.2404,104.2958,106.7606,103.3182,82789.5,-1.5600000000000023,-0.0136
2015-06-30,113.04,114.3,112.2,113.94,FI,67311.33333333333,-0.28528072837632773,-0.28528072837632773,18.99,18.84,19.05,18.7,403868,105.182,104.3512,105.5143,103.5757,67311.33333333333,0.060000000000002274,0.0005
2015-07-01,110.46,113.4,109.35,113.4,FI,83824.16666666667,-0.30159332321699545,-0.30159332321699545,18.9,18.41,18.9,18.225,502945,104.6835,101.9695,104.6835,100.9448,83824.16666666667,-2.5800000000000125,-0.0228
2015-07-02,111.78,112.86,111.06,112.74,FI,81794.33333333333,-0.29324734446130496,-0.29324734446130496,18.79,18.63,18.81,18.51,490766,104.0742,103.188,104.185,102.5234,81794.33333333333,1.3200000000000074,0.012
2015-07-06,107.16,110.685,107.1,110.04,FI,391200.8333333333,-0.3224582701062216,-0.3224582701062216,18.34,17.86,18.4475,17.85,2347205,101.5818,98.9231,102.1772,98.8677,391200.8333333333,-4.6200000000000045,-0.0413
2015-07-07,107.28,108.33,104.88,106.74,FI,174737.66666666666,-0.3216995447647951,-0.3216995447647951,17.79,17.88,18.055,17.48,1048426,98.5354,99.0339,100.0032,96.8184,174737.66666666666,0.12000000000000455,0.0011
2015-07-08,104.46,107.82,104.16,106.08,FI,109311.83333333331,-0.33952959028831564,-0.33952959028831564,17.68,17.41,17.97,17.36,655871,97.9262,96.4307,99.5324,96.1537,109311.83333333331,-2.8200000000000074,-0.0263
2015-07-09,105.96,108.36,104.58,106.26,FI,173333.0,-0.3300455235204856,-0.3300455235204856,17.71,17.66,18.06,17.43,1039998,98.0923,97.8154,100.0309,96.5414,173333.0,1.5,0.0144
2015-07-10,104.64,107.22,103.62,107.04,FI,136877.83333333334,-0.338391502276176,-0.338391502276176,17.84,17.44,17.87,17.27,821267,98.8124,96.5968,98.9785,95.6552,136877.83333333334,-1.3199999999999932,-0.0125
2015-07-13,104.4,105.48,103.92,104.58,FI,150264.5,-0.3399089529590288,-0.3399089529590288,17.43,17.4,17.58,17.32,901587,96.5414,96.3753,97.3723,95.9322,150264.5,-0.23999999999999488,-0.0023
2015-07-14,106.02,107.34,104.46,104.46,FI,158657.66666666666,-0.3296661608497724,-0.3296661608497724,17.41,17.67,17.89,17.41,951946,96.4307,97.8708,99.0893,96.4307,158657.66666666666,1.6199999999999903,0.0155
2015-07-15,103.44,105.72,102.72,105.6,FI,108003.5,-0.34597875569044007,-0.34597875569044007,17.6,17.24,17.62,17.12,648021,97.483,95.4891,97.5938,94.8244,108003.5,-2.5799999999999983,-0.0243
2015-07-16,102.72,104.52,101.88,104.34,FI,96413.33333333331,-0.3505311077389985,-0.3505311077389985,17.39,17.12,17.42,16.98,578480,96.3199,94.8244,96.4861,94.049,96413.33333333331,-0.7199999999999989,-0.007
2015-07-17,102.3,102.84,100.98,102.54,FI,195823.8333333333,-0.3531866464339909,-0.3531866464339909,17.09,17.05,17.14,16.83,1174943,94.6583,94.4367,94.9352,93.2182,195823.8333333333,-0.4200000000000017,-0.0041
2015-07-20,103.62,103.98,101.28,102.54,FI,138620.5,-0.3448406676783004,-0.3448406676783004,17.09,17.27,17.33,16.88,831723,94.6583,95.6552,95.9876,93.4951,138620.5,1.3200000000000074,0.0129
2015-07-21,101.46,106.2,101.22,104.34,FI,134461.83333333334,-0.35849772382397577,-0.35849772382397577,17.39,16.91,17.7,16.87,806771,96.3199,93.6613,98.0369,93.4397,134461.83333333334,-2.160000000000011,-0.0208
2015-07-22,96.12,100.32,95.82,99.84,FI,334070.0,-0.39226100151745064,-0.39226100151745064,16.64,16.02,16.72,15.97,2004420,92.1658,88.7317,92.6089,88.4548,334070.0,-5.339999999999989,-0.0526
2015-07-23,100.8,101.88,96.24,97.08,FI,210694.8333333333,-0.3626707132018209,-0.3626707132018209,16.18,16.8,16.98,16.04,1264169,89.6179,93.052,94.049,88.8425,210694.8333333333,4.679999999999993,0.0487
2015-07-24,100.5,102.3,99.72,100.62,FI,144221.33333333334,-0.36456752655538693,-0.36456752655538693,16.77,16.75,17.05,16.62,865328,92.8858,92.7751,94.4367,92.055,144221.33333333334,-0.29999999999999716,-0.003
2015-07-27,97.44,99.72,97.2,98.46,FI,128693.5,-0.38391502276176026,-0.38391502276176026,16.41,16.24,16.62,16.2,772161,90.8919,89.9503,92.055,89.7287,128693.5,-3.0600000000000023,-0.0304
2015-07-28,100.2,100.86,97.56,97.8,FI,122668.5,-0.36646433990895294,-0.36646433990895294,16.3,16.7,16.81,16.26,736011,90.2826,92.4981,93.1074,90.061,122668.5,2.760000000000005,0.0283
2015-07-29,100.74,101.7594,98.94,99.48,FI,59622.833333333336,-0.3630500758725342,-0.3630500758725342,16.58,16.79,16.9599,16.49,357737,91.8335,92.9966,93.9377,91.335,59622.833333333336,0.539999999999992,0.0054
2015-07-30,99.12,101.2656,98.04,99.96,FI,84646.83333333333,-0.37329286798179057,-0.37329286798179057,16.66,16.52,16.8776,16.34,507881,92.2766,91.5011,93.4818,90.5041,84646.83333333333,-1.6199999999999903,-0.0161
2015-07-31,97.14,99.486,97.02,99.0,FI,80725.83333333333,-0.3858118361153262,-0.3858118361153262,16.5,16.19,16.581,16.17,484355,91.3904,89.6733,91.839,89.5625,80725.83333333333,-1.980000000000004,-0.02
2015-08-03,94.8,97.68,94.35,96.18,FI,126525.66666666669,-0.4006069802731411,-0.4006069802731411,16.03,15.8,16.28,15.725,759154,88.7871,87.5132,90.1718,87.0978,126525.66666666669,-2.3400000000000034,-0.0241
2015-08-04,93.42,96.72,93.09,95.46,FI,222243.8333333333,-0.40933232169954475,-0.40933232169954475,15.91,15.57,16.12,15.515,1333463,88.1225,86.2393,89.2856,85.9346,222243.8333333333,-1.3799999999999955,-0.0146
2015-08-05,89.58,90.87,81.96,87.0,FI,413719.1666666667,-0.4336115326251897,-0.4336115326251897,14.5,14.93,15.145,13.66,2482315,80.3127,82.6944,83.8853,75.6601,413719.1666666667,-3.8400000000000034,-0.0411
2015-08-06,92.1,92.46,84.66,88.14,FI,316048.8333333333,-0.41767830045523524,-0.41767830045523524,14.69,15.35,15.41,14.11,1896293,81.3651,85.0207,85.3531,78.1526,316048.8333333333,2.519999999999996,0.0281
2015-08-07,89.58,93.36,89.22,91.38,FI,206358.66666666663,-0.4336115326251897,-0.4336115326251897,15.23,14.93,15.56,14.87,1238152,84.3561,82.6944,86.1839,82.3621,206358.66666666663,-2.519999999999996,-0.0274
2015-08-10,93.72,94.32,89.1,89.82,FI,151031.33333333334,-0.40743550834597875,-0.40743550834597875,14.97,15.62,15.72,14.85,906188,82.916,86.5162,87.0701,82.2513,151031.33333333334,4.140000000000001,0.0462
2015-08-11,94.08,94.26,91.38,92.28,FI,171199.16666666666,-0.40515933232169954,-0.40515933232169954,15.38,15.68,15.71,15.23,1027195,85.1869,86.8485,87.0147,84.3561,171199.16666666666,0.35999999999999943,0.0038
2015-08-12,96.0,98.34,92.94,93.9,FI,145056.66666666666,-0.3930197268588771,-0.3930197268588771,15.65,16.0,16.39,15.49,870340,86.6824,88.621,90.7811,85.7962,145056.66666666666,1.9200000000000017,0.0204
2015-08-13,93.96,95.64,92.16,95.04,FI,115335.16666666669,-0.405918057663126,-0.405918057663126,15.84,15.66,15.94,15.36,692011,87.7347,86.7378,88.2886,85.0761,115335.16666666669,-2.0400000000000063,-0.0213
2015-08-14,93.06,95.52,92.94,93.84,FI,121450.66666666669,-0.41160849772382396,-0.41160849772382396,15.64,15.51,15.92,15.49,728704,86.627,85.9069,88.1778,85.7962,121450.66666666669,-0.8999999999999915,-0.0096
2015-08-17,91.26,92.76,90.06,92.22,FI,185537.16666666663,-0.42298937784522,-0.42298937784522,15.37,15.21,15.46,15.01,1113223,85.1315,84.2453,85.63,83.1375,185537.16666666663,-1.7999999999999972,-0.0193
2015-08-18,90.78,91.86,90.12,91.44,FI,119480.0,-0.4260242792109256,-0.4260242792109256,15.24,15.13,15.31,15.02,716880,84.4115,83.8022,84.7992,83.1929,119480.0,-0.480000000000004,-0.0053
2015-08-19,90.18,91.68,88.56,90.78,FI,152171.83333333334,-0.42981790591805763,-0.42981790591805763,15.13,15.03,15.28,14.76,913031,83.8022,83.2483,84.633,81.7528,152171.83333333334,-0.5999999999999943,-0.0066
2015-08-20,89.22,92.04,88.98,90.48,FI,289384.6666666667,-0.4358877086494689,-0.4358877086494689,15.08,14.87,15.34,14.83,1736308,83.5252,82.3621,84.9653,82.1405,289384.6666666667,-0.960000000000008,-0.0106
2015-08-21,89.16,91.08,88.26,88.5,FI,266529.0,-0.4362670713201821,-0.4362670713201821,14.75,14.86,15.18,14.71,1599174,81.6974,82.3067,84.0791,81.4759,266529.0,-0.060000000000002274,-0.0007
2015-08-24,84.54,87.66,83.16,85.32,FI,239988.8333333333,-0.46547799696509856,-0.46547799696509856,14.22,14.09,14.61,13.86,1439933,78.7619,78.0418,80.922,76.7679,239988.8333333333,-4.61999999999999,-0.0518
2015-08-25,85.44,86.82,84.84,86.04,FI,108984.33333333331,-0.4597875569044006,-0.4597875569044006,14.34,14.24,14.47,14.14,653906,79.4265,78.8726,80.1466,78.3188,108984.33333333331,0.8999999999999915,0.0106
2015-08-26,87.72,88.14,84.78,86.34,FI,157645.83333333334,-0.44537177541729894,-0.44537177541729894,14.39,14.62,14.69,14.13,945875,79.7035,80.9774,81.3651,78.2634,157645.83333333334,2.280000000000001,0.0267
2015-08-27,92.58,93.12,87.6,88.08,FI,115559.33333333331,-0.4146433990895296,-0.4146433990895296,14.68,15.43,15.52,14.6,693356,82.1526,86.3498,86.8534,81.7049,115559.33333333331,4.859999999999999,0.0554
2015-08-28,95.64,96.24,91.44,91.44,FI,82673.66666666667,-0.3952959028831563,-0.3952959028831563,15.24,15.94,16.04,15.24,496042,85.2865,89.2038,89.7635,85.2865,82673.66666666667,3.0600000000000023,0.0331
2015-08-31,97.86,98.25,93.54,95.28,FI,112104.33333333331,-0.3812594840667678,-0.3812594840667678,15.88,16.31,16.375,15.59,672626,88.8681,91.2745,91.6382,87.2452,112104.33333333331,2.219999999999999,0.0232
2015-09-01,96.96,98.22,94.86,95.28,FI,168899.83333333334,-0.38694992412746587,-0.38694992412746587,15.88,16.16,16.37,15.81,1013399,88.8681,90.435,91.6102,88.4763,168899.83333333334,-0.9000000000000057,-0.0092
2015-09-02,98.4,99.6,95.58,97.26,FI,157036.0,-0.377845220030349,-0.377845220030349,16.21,16.4,16.6,15.93,942216,90.7148,91.7781,92.8974,89.1479,157036.0,1.440000000000012,0.0149
2015-09-03,101.34,101.58,97.68,98.4,FI,178756.16666666666,-0.3592564491654021,-0.3592564491654021,16.4,16.89,16.93,16.28,1072537,91.7781,94.5203,94.7441,91.1066,178756.16666666666,2.9399999999999977,0.0299
2015-09-04,100.08,100.98,98.97,100.02,FI,104914.0,-0.36722306525037934,-0.36722306525037934,16.67,16.68,16.83,16.495,629484,93.2891,93.3451,94.1845,92.3098,104914.0,-1.2600000000000051,-0.0124
2015-09-08,100.26,101.82,99.36,101.34,FI,56087.833333333336,-0.3660849772382397,-0.3660849772382397,16.89,16.71,16.97,16.56,336527,94.5203,93.5129,94.968,92.6735,56087.833333333336,0.18000000000000682,0.0018
2015-09-09,98.52,102.36,97.92,100.86,FI,60438.5,-0.37708649468892264,-0.37708649468892264,16.81,16.42,17.06,16.32,362631,94.0726,91.89,95.4716,91.3304,60438.5,-1.740000000000009,-0.0174
2015-09-10,99.12,99.9,96.84,99.3,FI,58866.16666666666,-0.37329286798179057,-0.37329286798179057,16.55,16.52,16.65,16.14,353197,92.6175,92.4497,93.1772,90.3231,58866.16666666666,0.6000000000000085,0.0061
2015-09-11,98.58,98.64,96.1206,97.26,FI,44710.16666666666,-0.3767071320182094,-0.3767071320182094,16.21,16.43,16.44,16.0201,268261,90.7148,91.946,92.002,89.6521,44710.16666666666,-0.5400000000000063,-0.0054
2015-09-14,97.5,98.64,97.08,98.22,FI,43989.0,-0.383535660091047,-0.383535660091047,16.37,16.25,16.44,16.18,263934,91.6102,90.9387,92.002,90.5469,43989.0,-1.0799999999999983,-0.011
2015-09-15,98.76,99.12,97.5,97.92,FI,47213.66666666666,-0.3755690440060698,-0.3755690440060698,16.32,16.46,16.52,16.25,283282,91.3304,92.1139,92.4497,90.9387,47213.66666666666,1.2600000000000051,0.0129
2015-09-16,101.7,102.12,98.04,99.0,FI,65122.833333333336,-0.3569802731411229,-0.3569802731411229,16.5,16.95,17.02,16.34,390737,92.3377,94.856,95.2478,91.4423,65122.833333333336,2.9399999999999977,0.0298
2015-09-17,100.56,102.42,100.02,101.04,FI,61782.66666666666,-0.36418816388467373,-0.36418816388467373,16.84,16.76,17.07,16.67,370696,94.2405,93.7928,95.5276,93.2891,61782.66666666666,-1.1400000000000006,-0.0112
2015-09-18,97.62,99.3,96.9,97.32,FI,85068.5,-0.3827769347496206,-0.3827769347496206,16.22,16.27,16.55,16.15,510411,90.7708,91.0506,92.6175,90.3791,85068.5,-2.9399999999999977,-0.0292
2015-09-21,97.5,99.36,96.66,97.68,FI,74004.33333333333,-0.383535660091047,-0.383535660091047,16.28,16.25,16.56,16.11,444026,91.1066,90.9387,92.6735,90.1552,74004.33333333333,-0.12000000000000455,-0.0012
2015-09-22,95.88,98.76,95.64,95.7,FI,70902.33333333333,-0.3937784522003035,-0.3937784522003035,15.95,15.98,16.46,15.94,425414,89.2598,89.4277,92.1139,89.2038,70902.33333333333,-1.6200000000000045,-0.0166
2015-09-23,95.04,97.08,94.74,96.42,FI,28675.5,-0.39908952959028826,-0.39908952959028826,16.07,15.84,16.18,15.79,172053,89.9314,88.6442,90.5469,88.3644,28675.5,-0.8399999999999892,-0.0088
2015-09-24,95.04,95.82,94.02,94.62,FI,39416.5,-0.39908952959028826,-0.39908952959028826,15.77,15.84,15.97,15.67,236499,88.2525,88.6442,89.3717,87.6929,39416.5,0.0,0.0
2015-09-25,95.76,96.36,94.29,95.82,FI,47608.16666666666,-0.39453717754172984,-0.39453717754172984,15.97,15.96,16.06,15.715,285649,89.3717,89.3158,89.8754,87.9447,47608.16666666666,0.7199999999999989,0.0076
2015-09-28,92.1,95.604,91.44,94.62,FI,47702.16666666666,-0.41767830045523524,-0.41767830045523524,15.77,15.35,15.934,15.24,286213,88.2525,85.9021,89.1703,85.2865,47702.16666666666,-3.660000000000011,-0.0382
2015-09-29,91.98,94.14,90.36,93.0,FI,54936.66666666666,-0.4184370257966616,-0.4184370257966616,15.5,15.33,15.69,15.06,329620,86.7415,85.7901,87.8048,84.2792,54936.66666666666,-0.11999999999999034,-0.0013
2015-09-30,91.98,92.82,90.78,92.58,FI,74728.83333333333,-0.4184370257966616,-0.4184370257966616,15.43,15.33,15.47,15.13,448373,86.3498,85.7901,86.5736,84.6709,74728.83333333333,0.0,0.0
2015-10-01,90.18,94.5,88.98,93.24,FI,125026.83333333331,-0.42981790591805763,-0.42981790591805763,15.54,15.03,15.75,14.83,750161,86.9654,84.1113,88.1406,82.992,125026.83333333331,-1.7999999999999972,-0.0196
2015-10-02,95.4,95.448,88.77,89.7,FI,111489.83333333331,-0.39681335356600905,-0.39681335356600905,14.95,15.9,15.908,14.795,668939,83.6636,88.98,89.0248,82.7962,111489.83333333331,5.219999999999999,0.0579
2015-10-05,98.76,99.54,93.48,94.8,FI,175624.16666666666,-0.3755690440060698,-0.3755690440060698,15.8,16.46,16.59,15.58,1053745,88.4204,92.1139,92.8414,87.1892,175624.16666666666,3.3599999999999994,0.0352
2015-10-06,103.56,106.44,98.28,106.26,FI,184176.66666666663,-0.3452200303490136,-0.3452200303490136,17.71,17.26,17.74,16.38,1105060,99.1092,96.5909,99.2771,91.6662,184176.66666666663,4.799999999999997,0.0486
2015-10-07,105.9,106.68,101.64,104.1,FI,135300.83333333334,-0.33042488619119875,-0.33042488619119875,17.35,17.65,17.78,16.94,811805,97.0945,98.7734,99.5009,94.8001,135300.83333333334,2.3400000000000034,0.0226
2015-10-08,106.08,107.1,102.36,104.76,FI,113067.16666666669,-0.3292867981790592,-0.3292867981790592,17.46,17.68,17.85,17.06,678403,97.7101,98.9413,99.8926,95.4716,113067.16666666669,0.1799999999999926,0.0017
2015-10-09,107.4,108.0,105.06,106.74,FI,106782.66666666669,-0.3209408194233687,-0.3209408194233687,17.79,17.9,18.0,17.51,640696,99.5569,100.1725,100.7321,97.9899,106782.66666666669,1.3200000000000074,0.0124
2015-10-12,105.18,107.52,104.1,107.46,FI,88577.0,-0.33497723823975717,-0.33497723823975717,17.91,17.53,17.92,17.35,531462,100.2284,98.1018,100.2844,97.0945,88577.0,-2.219999999999999,-0.0207
2015-10-13,104.76,106.08,102.84,104.22,FI,57496.833333333336,-0.3376327769347496,-0.3376327769347496,17.37,17.46,17.68,17.14,344981,97.2065,97.7101,98.9413,95.9193,57496.833333333336,-0.4200000000000017,-0.004
2015-10-14,105.06,105.3,103.32,104.28,FI,50142.0,-0.33573596358118357,-0.33573596358118357,17.38,17.51,17.55,17.22,300852,97.2624,97.9899,98.2138,96.367,50142.0,0.29999999999999716,0.0029
2015-10-15,107.7,107.7,103.74,104.22,FI,46782.333333333336,-0.3190440060698027,-0.3190440060698027,17.37,17.95,17.95,17.29,280694,97.2065,100.4523,100.4523,96.7588,46782.333333333336,2.6400000000000006,0.0251
2015-10-16,105.96,107.34,104.6706,107.34,FI,50774.333333333336,-0.3300455235204856,-0.3300455235204856,17.89,17.66,17.89,17.4451,304646,100.1165,98.8294,100.1165,97.6267,50774.333333333336,-1.740000000000009,-0.0162
2015-10-19,103.92,107.64,102.99,104.76,FI,74305.16666666667,-0.3429438543247344,-0.3429438543247344,17.46,17.32,17.94,17.165,445831,97.7101,96.9266,100.3963,96.0592,74305.16666666667,-2.039999999999992,-0.0193
2015-10-20,108.48,108.66,103.44,103.92,FI,76673.5,-0.3141122913505311,-0.3141122913505311,17.32,18.08,18.11,17.24,460041,96.9266,101.1798,101.3477,96.4789,76673.5,4.560000000000002,0.0439
2015-10-21,104.88,108.84,104.64,108.12,FI,108868.0,-0.33687405159332323,-0.33687405159332323,18.02,17.48,18.14,17.44,653208,100.844,97.822,101.5155,97.5982,108868.0,-3.6000000000000085,-0.0332
2015-10-22,106.02,107.88,104.88,106.5,FI,66921.66666666667,-0.3296661608497724,-0.3296661608497724,17.75,17.67,17.98,17.48,401530,99.333,98.8853,100.6201,97.822,66921.66666666667,1.1400000000000006,0.0109
2015-10-23,106.08,108.0,104.94,105.48,FI,70847.16666666667,-0.3292867981790592,-0.3292867981790592,17.58,17.68,18.0,17.49,425083,98.3817,98.9413,100.7321,97.878,70847.16666666667,0.060000000000002274,0.0006
2015-10-26,104.34,106.74,103.92,105.96,FI,52375.833333333336,-0.340288315629742,-0.340288315629742,17.66,17.39,17.79,17.32,314255,98.8294,97.3184,99.5569,96.9266,52375.833333333336,-1.7399999999999949,-0.0164
2015-10-27,103.92,105.3,101.46,102.9,FI,117375.83333333331,-0.3429438543247344,-0.3429438543247344,17.15,17.32,17.55,16.91,704255,95.9753,96.9266,98.2138,94.6322,117375.83333333331,-0.4200000000000017,-0.004
2015-10-28,103.08,106.8,101.88,104.46,FI,136232.5,-0.3482549317147193,-0.3482549317147193,17.41,17.18,17.8,16.98,817395,97.4303,96.1432,99.6128,95.0239,136232.5,-0.8400000000000034,-0.0081
2015-10-29,100.62,104.4,100.26,103.2,FI,108359.83333333331,-0.36380880121396053,-0.36380880121396053,17.2,16.77,17.4,16.71,650159,96.2551,93.8487,97.3743,93.5129,108359.83333333331,-2.4599999999999937,-0.0239
2015-10-30,102.96,103.02,100.08,101.16,FI,93573.83333333331,-0.3490136570561457,-0.3490136570561457,16.86,17.16,17.17,16.68,561443,94.3524,96.0312,96.0872,93.3451,93573.83333333331,2.339999999999989,0.0233
2015-11-02,103.32,103.86,99.18,100.5,FI,168523.0,-0.34673748103186647,-0.34673748103186647,16.75,17.22,17.31,16.53,1011138,93.7368,96.367,96.8707,92.5056,168523.0,0.35999999999999943,0.0035
2015-11-03,103.26,108.54,99.84,103.56,FI,232746.5,-0.3471168437025796,-0.3471168437025796,17.26,17.21,18.09,16.64,1396479,96.5909,96.3111,101.2357,93.1212,232746.5,-0.05999999999998806,-0.0006
2015-11-04,104.46,107.1,93.12,93.12,FI,210389.66666666663,-0.33952959028831564,-0.33952959028831564,15.52,17.41,17.85,15.52,1262338,86.8534,97.4303,99.8926,86.8534,210389.66666666663,1.1999999999999886,0.0116
2015-11-05,103.5,107.1,102.87,103.8,FI,102840.33333333331,-0.34559939301972686,-0.34559939301972686,17.3,17.25,17.85,17.145,617042,96.8147,96.5349,99.8926,95.9473,102840.33333333331,-0.9599999999999937,-0.0092
2015-11-06,102.42,105.06,101.4,105.06,FI,73229.16666666667,-0.3524279210925645,-0.3524279210925645,17.51,17.07,17.51,16.9,439375,97.9899,95.5276,97.9899,94.5762,73229.16666666667,-1.0799999999999983,-0.0104
2015-11-09,102.42,103.56,100.62,102.18,FI,61217.16666666666,-0.3524279210925645,-0.3524279210925645,17.03,17.07,17.26,16.77,367303,95.3037,95.5276,96.5909,93.8487,61217.16666666666,0.0,0.0
2015-11-10,101.28,103.14,100.8,101.16,FI,76836.83333333333,-0.3596358118361153,-0.3596358118361153,16.86,16.88,17.19,16.8,461021,94.3524,94.4643,96.1991,94.0166,76836.83333333333,-1.1400000000000006,-0.0111
2015-11-11,100.26,102.48,99.72,102.0,FI,118667.0,-0.3660849772382397,-0.3660849772382397,17.0,16.71,17.08,16.62,712002,95.1358,93.5129,95.5835,93.0093,118667.0,-1.019999999999996,-0.0101
2015-11-12,98.04,101.16,97.38,98.46,FI,73118.33333333333,-0.3801213960546282,-0.3801213960546282,16.41,16.34,16.86,16.23,438710,91.8341,91.4423,94.3524,90.8268,73118.33333333333,-2.219999999999999,-0.0221
2015-11-13,99.06,100.26,96.84,98.16,FI,72153.33333333333,-0.37367223065250377,-0.37367223065250377,16.36,16.51,16.71,16.14,432920,91.5543,92.3937,93.5129,90.3231,72153.33333333333,1.019999999999996,0.0104
2015-11-16,101.64,101.64,98.556,99.12,FI,57675.16666666666,-0.3573596358118361,-0.3573596358118361,16.52,16.94,16.94,16.426,346051,92.4497,94.8001,94.8001,91.9236,57675.16666666666,2.5799999999999983,0.026
2015-11-17,99.84,101.4,99.12,101.22,FI,44078.5,-0.36874051593323215,-0.36874051593323215,16.87,16.64,16.9,16.52,264471,94.4083,93.1212,94.5762,92.4497,44078.5,-1.7999999999999972,-0.0177
2015-11-18,101.82,102.54,99.54,100.74,FI,42461.333333333336,-0.35622154779969656,-0.35622154779969656,16.79,16.97,17.09,16.59,254768,93.9606,94.968,95.6395,92.8414,42461.333333333336,1.9799999999999898,0.0198
2015-11-19,98.82,102.12,98.16,101.34,FI,43448.333333333336,-0.37518968133535663,-0.37518968133535663,16.89,16.47,17.02,16.36,260690,94.5203,92.1698,95.2478,91.5543,43448.333333333336,-3.0,-0.0295
2015-11-20,99.24,100.2,97.44,98.82,FI,52778.833333333336,-0.3725341426403642,-0.3725341426403642,16.47,16.54,16.7,16.24,316673,92.1698,92.5616,93.457,90.8827,52778.833333333336,0.4200000000000017,0.0043
2015-11-23,99.84,100.68,97.92,98.64,FI,70232.5,-0.36874051593323215,-0.36874051593323215,16.44,16.64,16.78,16.32,421395,92.002,93.1212,93.9047,91.3304,70232.5,0.6000000000000085,0.006
2015-11-24,102.66,103.5,97.56,99.84,FI,65650.66666666667,-0.3509104704097117,-0.3509104704097117,16.64,17.11,17.25,16.26,393904,93.9683,96.6224,97.413,91.8224,65650.66666666667,2.819999999999993,0.0282
2015-11-25,101.88,103.98,99.96,101.7,FI,48227.833333333336,-0.3558421851289833,-0.3558421851289833,16.95,16.98,17.33,16.66,289367,95.7189,95.8883,97.8648,94.0812,48227.833333333336,-0.7800000000000011,-0.0076
2015-11-27,99.72,101.7,99.3,100.86,FI,22755.0,-0.36949924127465855,-0.36949924127465855,16.81,16.62,16.95,16.55,136530,94.9283,93.8553,95.7189,93.46,22755.0,-2.1599999999999966,-0.0212
2015-11-30,101.4,104.22,101.1,102.0,FI,59813.833333333336,-0.35887708649468886,-0.35887708649468886,17.0,16.9,17.37,16.85,358883,96.0012,95.4365,98.0907,95.1542,59813.833333333336,1.6800000000000068,0.0168
2015-12-01,102.3,102.96,100.62,101.28,FI,63576.333333333336,-0.3531866464339909,-0.3531866464339909,16.88,17.05,17.16,16.77,381458,95.3236,96.2836,96.9048,94.7024,63576.333333333336,0.8999999999999915,0.0089
2015-12-02,98.04,102.84,97.8,101.22,FI,90889.16666666669,-0.3801213960546282,-0.3801213960546282,16.87,16.34,17.14,16.3,545335,95.2671,92.2741,96.7918,92.0483,90889.16666666669,-4.259999999999991,-0.0416
2015-12-03,98.28,100.05,97.08,99.24,FI,45361.0,-0.3786039453717754,-0.3786039453717754,16.54,16.38,16.675,16.18,272166,93.4036,92.5,94.1659,91.3706,45361.0,0.23999999999999488,0.0024
2015-12-04,97.26,98.07,95.34,97.2,FI,36633.66666666666,-0.3850531107738998,-0.3850531107738998,16.2,16.21,16.345,15.89,219802,91.4835,91.54,92.3024,89.7329,36633.66666666666,-1.019999999999996,-0.0104
2015-12-07,93.42,95.82,89.94,94.74,FI,91990.16666666669,-0.40933232169954475,-0.40933232169954475,15.79,15.57,15.97,14.99,551941,89.1682,87.9258,90.1847,84.6505,91990.16666666669,-3.8400000000000034,-0.0395
2015-12-08,93.78,95.16,91.206,91.92,FI,87674.66666666667,-0.40705614567526555,-0.40705614567526555,15.32,15.63,15.86,15.201,526048,86.5141,88.2647,89.5635,85.8421,87674.66666666667,0.35999999999999943,0.0039
2015-12-09,93.84,96.84,92.34,94.44,FI,63787.5,-0.40667678300455234,-0.40667678300455234,15.74,15.64,16.14,15.39,382725,88.8859,88.3211,91.1447,86.9094,63787.5,0.060000000000002274,0.0006
2015-12-10,93.78,94.38,92.46,93.06,FI,42894.0,-0.40705614567526555,-0.40705614567526555,15.51,15.63,15.73,15.41,257364,87.587,88.2647,88.8294,87.0223,42894.0,-0.060000000000002274,-0.0006
2015-12-11,91.44,92.76,90.48,92.76,FI,40279.333333333336,-0.4218512898330804,-0.4218512898330804,15.46,15.24,15.46,15.08,241676,87.3047,86.0623,87.3047,85.1587,40279.333333333336,-2.3400000000000034,-0.025
2015-12-14,94.14,96.06,90.36,92.64,FI,103285.16666666669,-0.40477996965098634,-0.40477996965098634,15.44,15.69,16.01,15.06,619711,87.1917,88.6035,90.4106,85.0458,103285.16666666669,2.700000000000003,0.0295
2015-12-15,98.58,98.88,94.74,95.22,FI,81810.0,-0.3767071320182094,-0.3767071320182094,15.87,16.43,16.48,15.79,490860,89.62,92.7824,93.0647,89.1682,81810.0,4.439999999999998,0.0472
2015-12-16,97.44,100.38,96.78,98.16,FI,70879.66666666667,-0.38391502276176026,-0.38391502276176026,16.36,16.24,16.73,16.13,425278,92.3871,91.7094,94.4765,91.0882,70879.66666666667,-1.1400000000000006,-0.0116
2015-12-17,94.62,96.66,92.22,96.54,FI,94123.66666666669,-0.40174506828528067,-0.40174506828528067,16.09,15.77,16.11,15.37,564742,90.8624,89.0553,90.9753,86.7964,94123.66666666669,-2.819999999999993,-0.0289
2015-12-18,93.66,95.46,93.18,93.18,FI,138242.5,-0.40781487101669195,-0.40781487101669195,15.53,15.61,15.91,15.53,829455,87.7,88.1517,89.8459,87.7,138242.5,-0.960000000000008,-0.0101
2015-12-21,92.82,94.74,92.16,93.96,FI,87418.5,-0.4131259484066768,-0.4131259484066768,15.66,15.47,15.79,15.36,524511,88.4341,87.3611,89.1682,86.7399,87418.5,-0.8400000000000034,-0.009
2015-12-22,95.7,96.66,92.7,93.18,FI,56790.66666666666,-0.39491654021244305,-0.39491654021244305,15.53,15.95,16.11,15.45,340744,87.7,90.0718,90.9753,87.2482,56790.66666666666,2.8800000000000097,0.031
2015-12-23,100.32,100.47,97.26,97.56,FI,52664.5,-0.3657056145675266,-0.3657056145675266,16.26,16.72,16.745,16.21,315987,91.8224,94.42,94.5612,91.54,52664.5,4.61999999999999,0.0483
2015-12-24,98.46,100.68,98.46,99.9,FI,31278.33333333333,-0.37746585735963584,-0.37746585735963584,16.65,16.41,16.78,16.41,187670,94.0247,92.6694,94.7589,92.6694,31278.33333333333,-1.8599999999999994,-0.0185
2015-12-28,96.36,98.04,96.0,97.02,FI,47587.66666666666,-0.3907435508345979,-0.3907435508345979,16.17,16.06,16.34,16.0,285526,91.3141,90.6929,92.2741,90.3541,47587.66666666666,-2.0999999999999943,-0.0213
2015-12-29,97.44,99.48,96.24,97.86,FI,38767.0,-0.38391502276176026,-0.38391502276176026,16.31,16.24,16.58,16.04,232602,92.1047,91.7094,93.6294,90.58,38767.0,1.0799999999999983,0.0112
2015-12-30,96.18,97.92,95.64,95.7,FI,51846.66666666666,-0.39188163884673743,-0.39188163884673743,15.95,16.03,16.32,15.94,311080,90.0718,90.5235,92.1612,90.0153,51846.66666666666,-1.259999999999991,-0.0129
2015-12-31,100.14,100.17,95.58,95.58,FI,63277.0,-0.36684370257966614,-0.36684370257966614,15.93,16.69,16.695,15.93,379662,89.9588,94.2506,94.2789,89.9588,63277.0,3.9599999999999937,0.0412
2016-01-04,99.6,102.42,98.46,100.8,FI,163620.16666666666,-0.370257966616085,-0.370257966616085,16.8,16.6,17.07,16.41,981721,94.8718,93.7424,96.3965,92.6694,163620.16666666666,-0.5400000000000063,-0.0054
2016-01-05,97.44,100.26,97.14,99.24,FI,69785.0,-0.38391502276176026,-0.38391502276176026,16.54,16.24,16.71,16.19,418710,93.4036,91.7094,94.3636,91.4271,69785.0,-2.1599999999999966,-0.0217
2016-01-06,90.12,96.6,89.82,95.7,FI,92112.83333333331,-0.43019726858877083,-0.43019726858877083,15.95,15.02,16.1,14.97,552677,90.0718,84.8199,90.9188,84.5376,92112.83333333331,-7.319999999999993,-0.0751
2016-01-07,84.36,89.88,84.12,88.98,FI,181136.5,-0.4666160849772382,-0.4666160849772382,14.83,14.06,14.98,14.02,1086819,83.747,79.3987,84.594,79.1728,181136.5,-5.760000000000005,-0.0639
2016-01-08,84.12,85.38,82.98,84.96,FI,106596.66666666669,-0.468133535660091,-0.468133535660091,14.16,14.02,14.23,13.83,639580,79.9634,79.1728,80.3587,78.0998,106596.66666666669,-0.23999999999999488,-0.0028
2016-01-11,84.0,84.57,82.326,84.3,FI,117109.66666666669,-0.46889226100151743,-0.46889226100151743,14.05,14.0,14.095,13.721,702658,79.3422,79.0598,79.5963,77.4843,117109.66666666669,-0.12000000000000455,-0.0014
2016-01-12,84.78,85.68,82.98,85.14,FI,87111.16666666667,-0.4639605462822458,-0.4639605462822458,14.19,14.13,14.28,13.83,522667,80.1328,79.794,80.641,78.0998,87111.16666666667,0.7800000000000011,0.0093
2016-01-13,81.84,86.82,81.6,85.68,FI,86713.83333333333,-0.4825493171471927,-0.4825493171471927,14.28,13.64,14.47,13.6,520283,80.641,77.0269,81.714,76.801,86713.83333333333,-2.9399999999999977,-0.0347
2016-01-14,83.34,83.94,80.4,82.44,FI,82793.33333333333,-0.47306525037936265,-0.47306525037936265,13.74,13.89,13.99,13.4,496760,77.5916,78.4387,79.0034,75.6716,82793.33333333333,1.5,0.0183
2016-01-15,80.82,81.6,78.9,80.58,FI,67213.16666666667,-0.48899848254931716,-0.48899848254931716,13.43,13.47,13.6,13.15,403279,75.841,76.0669,76.801,74.2598,67213.16666666667,-2.5200000000000102,-0.0302
2016-01-19,81.72,82.08,79.56,81.3,FI,86764.33333333333,-0.48330804248861914,-0.48330804248861914,13.55,13.62,13.68,13.26,520586,76.5186,76.9139,77.2528,74.881,86764.33333333333,0.9000000000000057,0.0111
2016-01-20,80.4,81.3,77.88,80.34,FI,100283.66666666669,-0.4916540212443095,-0.4916540212443095,13.39,13.4,13.55,12.98,601702,75.6151,75.6716,76.5186,73.2998,100283.66666666669,-1.3199999999999932,-0.0162
2016-01-21,81.9,83.64,79.62,79.8,FI,46640.833333333336,-0.4821699544764795,-0.4821699544764795,13.3,13.65,13.94,13.27,279845,75.1069,77.0834,78.721,74.9374,46640.833333333336,1.5,0.0187
2016-01-22,84.18,86.58,83.04,84.3,FI,46159.833333333336,-0.46775417298937777,-0.46775417298937777,14.05,14.03,14.43,13.84,276959,79.3422,79.2293,81.4881,78.1563,46159.833333333336,2.280000000000001,0.0278
2016-01-25,79.86,82.56,79.2,81.42,FI,84725.83333333333,-0.4950682852807284,-0.4950682852807284,13.57,13.31,13.76,13.2,508355,76.6316,75.1633,77.7045,74.5421,84725.83333333333,-4.320000000000007,-0.0513
2016-01-26,82.86,84.12,80.76,81.18,FI,87981.33333333333,-0.47610015174506826,-0.47610015174506826,13.53,13.81,14.02,13.46,527888,76.4057,77.9869,79.1728,76.0104,87981.33333333333,3.0,0.0376
2016-01-27,83.1,85.02,81.24,82.62,FI,69328.5,-0.4745827010622155,-0.4745827010622155,13.77,13.85,14.17,13.54,415971,77.761,78.2128,80.0199,76.4622,69328.5,0.23999999999999488,0.0029
2016-01-28,86.46,87.36,84.78,86.46,FI,59514.66666666666,-0.45333839150227623,-0.45333839150227623,14.41,14.41,14.56,14.13,357088,81.3752,81.3752,82.2222,79.794,59514.66666666666,3.3599999999999994,0.0404
2016-01-29,87.78,88.44,86.46,86.46,FI,55004.0,-0.44499241274658574,-0.44499241274658574,14.41,14.63,14.74,14.41,330024,81.3752,82.6175,83.2387,81.3752,55004.0,1.3200000000000074,0.0153
2016-02-01,86.58,87.96,84.4206,87.96,FI,67896.83333333333,-0.45257966616084977,-0.45257966616084977,14.66,14.43,14.66,14.0701,407381,82.787,81.4881,82.787,79.4557,67896.83333333333,-1.2000000000000028,-0.0137
2016-02-02,85.5,85.74,83.52,84.42,FI,105098.33333333331,-0.4594081942336874,-0.4594081942336874,14.07,14.25,14.29,13.92,630590,79.4551,80.4716,80.6975,78.6081,105098.33333333331,-1.0799999999999983,-0.0125
2016-02-03,86.28,86.79,83.22,86.7,FI,54737.833333333336,-0.4544764795144158,-0.4544764795144158,14.45,14.38,14.465,13.87,328427,81.6011,81.2058,81.6858,78.3257,54737.833333333336,0.7800000000000011,0.0091
2016-02-04,88.32,89.22,86.4,87.9,FI,85194.0,-0.44157814871016693,-0.44157814871016693,14.65,14.72,14.87,14.4,511164,82.7305,83.1258,83.9729,81.3187,85194.0,2.039999999999992,0.0236
2016-02-05,84.66,87.9,83.4,87.24,FI,131096.16666666666,-0.4647192716236722,-0.4647192716236722,14.54,14.11,14.65,13.9,786577,82.1093,79.681,82.7305,78.4951,131096.16666666666,-3.6599999999999966,-0.0414
2016-02-08,83.94,84.36,81.9,83.52,FI,53692.66666666666,-0.46927162367223063,-0.46927162367223063,13.92,13.99,14.06,13.65,322156,78.6081,79.0034,79.3987,77.0834,53692.66666666666,-0.7199999999999989,-0.0085
2016-02-09,79.74,83.94,79.14,83.1,FI,57786.5,-0.4958270106221548,-0.4958270106221548,13.85,13.29,13.99,13.19,346719,78.2128,75.0504,79.0034,74.4857,57786.5,-4.200000000000003,-0.05
2016-02-10,78.6,81.24,78.36,79.2,FI,73154.16666666667,-0.5030349013657056,-0.5030349013657056,13.2,13.1,13.54,13.06,438925,74.5421,73.9774,76.4622,73.7515,73154.16666666667,-1.1400000000000006,-0.0143
2016-02-11,79.5,80.58,77.0898,77.64,FI,170045.0,-0.4973444613050076,-0.4973444613050076,12.94,13.25,13.43,12.8483,1020270,73.0739,74.8245,75.841,72.556,170045.0,0.9000000000000057,0.0115
2016-02-12,81.24,82.92,80.28,80.58,FI,62896.833333333336,-0.48634294385432475,-0.48634294385432475,13.43,13.54,13.82,13.38,377381,75.841,76.4622,78.0434,75.5586,62896.833333333336,1.7399999999999949,0.0219
2016-02-16,77.7,83.34,76.6284,82.56,FI,188308.5,-0.5087253414264036,-0.5087253414264036,13.76,12.95,13.89,12.7714,1129851,77.7045,73.1304,78.4387,72.1218,188308.5,-3.539999999999992,-0.0436
2016-02-17,81.12,82.38,79.08,79.92,FI,128518.66666666669,-0.4871016691957511,-0.4871016691957511,13.32,13.52,13.73,13.18,771112,75.2198,76.3492,77.5351,74.4292,128518.66666666669,3.4200000000000017,0.044
2016-02-18,80.64,82.62,80.16,82.62,FI,50442.833333333336,-0.49013657056145676,-0.49013657056145676,13.77,13.44,13.77,13.36,302657,77.761,75.8975,77.761,75.4457,50442.833333333336,-0.480000000000004,-0.0059
2016-02-19,79.14,81.0,78.24,79.86,FI,53669.5,-0.4996206373292868,-0.4996206373292868,13.31,13.19,13.5,13.04,322017,75.1633,74.4857,76.2363,73.6386,53669.5,-1.5,-0.0186
2016-02-22,81.0,82.44,80.28,80.28,FI,53527.16666666666,-0.48786039453717756,-0.48786039453717756,13.38,13.5,13.74,13.38,321163,75.5586,76.2363,77.5916,75.5586,53527.16666666666,1.8599999999999994,0.0235
2016-02-23,78.12,81.6,78.06,80.7,FI,40743.0,-0.5060698027314112,-0.5060698027314112,13.45,13.02,13.6,13.01,244458,75.9539,73.5257,76.801,73.4692,40743.0,-2.8799999999999955,-0.0356
2016-02-24,76.08,76.62,74.16,76.62,FI,132794.16666666666,-0.5189681335356601,-0.5189681335356601,12.77,12.68,12.77,12.36,796765,72.1139,71.6056,72.1139,69.7986,132794.16666666666,-2.0400000000000063,-0.0261
2016-02-25,74.88,76.86,74.04,76.26,FI,77123.33333333333,-0.5265553869499241,-0.5265553869499241,12.71,12.48,12.81,12.34,462740,71.775,70.4762,72.3398,69.6856,77123.33333333333,-1.2000000000000028,-0.0158
2016-02-26,77.94,79.68,76.14,76.98,FI,84738.66666666667,-0.5072078907435509,-0.5072078907435509,12.83,12.99,13.28,12.69,508432,72.4527,73.3562,74.9939,71.6621,84738.66666666667,3.0600000000000023,0.0409
2016-02-29,83.34,86.94,79.38,79.92,FI,258878.3333333333,-0.47306525037936265,-0.47306525037936265,13.32,13.89,14.49,13.23,1553270,75.2198,78.4387,81.8269,74.7116,258878.3333333333,5.400000000000006,0.0693
2016-03-01,83.46,83.7,78.9,82.14,FI,199640.66666666663,-0.4723065250379363,-0.4723065250379363,13.69,13.91,13.95,13.15,1197844,77.3092,78.5516,78.7775,74.2598,199640.66666666663,0.11999999999999034,0.0014
2016-03-02,87.3,87.54,81.1806,82.2,FI,107202.33333333331,-0.44802731411229135,-0.44802731411229135,13.7,14.55,14.59,13.5301,643214,77.3657,82.1658,82.3917,76.4063,107202.33333333331,3.8400000000000034,0.046
2016-03-03,89.76,89.94,85.26,85.26,FI,84781.16666666667,-0.43247344461305004,-0.43247344461305004,14.21,14.96,14.99,14.21,508687,81.0816,85.3611,85.5323,81.0816,84781.16666666667,2.460000000000008,0.0282
2016-03-04,92.1,93.24,88.92,90.12,FI,72334.33333333333,-0.41767830045523524,-0.41767830045523524,15.02,15.35,15.54,14.82,434006,85.7035,87.5864,88.6706,84.5623,72334.33333333333,2.339999999999989,0.0261
2016-03-07,94.62,99.06,90.66,91.14,FI,213202.5,-0.40174506828528067,-0.40174506828528067,15.19,15.77,16.51,15.11,1279215,86.6735,89.9829,94.2053,86.217,213202.5,2.5200000000000102,0.0274
2016-03-08,91.38,94.155,89.1,93.3,FI,221532.8333333333,-0.42223065250379366,-0.42223065250379366,15.55,15.23,15.6925,14.85,1329197,88.7276,86.9017,89.5407,84.7335,221532.8333333333,-3.240000000000009,-0.0342
2016-03-09,92.64,94.95,91.32,92.94,FI,81662.5,-0.4142640364188164,-0.4142640364188164,15.49,15.44,15.825,15.22,489975,88.3853,88.1,90.2968,86.8447,81662.5,1.2600000000000051,0.0138
2016-03-10,93.48,94.8,91.02,92.04,FI,64428.66666666666,-0.4089529590288315,-0.4089529590288315,15.34,15.58,15.8,15.17,386572,87.5294,88.8988,90.1541,86.5594,64428.66666666666,0.8400000000000034,0.0091
2016-03-11,96.36,96.84,94.5,94.5,FI,48170.5,-0.3907435508345979,-0.3907435508345979,15.75,16.06,16.14,15.75,289023,89.8688,91.6377,92.0941,89.8688,48170.5,2.8799999999999955,0.0308
2016-03-14,93.9,95.7,93.3,94.8,FI,38694.833333333336,-0.4062974203338391,-0.4062974203338391,15.8,15.65,15.95,15.55,232169,90.1541,89.2982,91.01,88.7276,38694.833333333336,-2.4599999999999937,-0.0255
2016-03-15,92.64,93.54,91.05,92.4,FI,81784.0,-0.4142640364188164,-0.4142640364188164,15.4,15.44,15.59,15.175,490704,87.8717,88.1,88.9559,86.5879,81784.0,-1.2600000000000051,-0.0134
2016-03-16,94.68,95.52,92.52,93.18,FI,80237.33333333333,-0.40136570561456747,-0.40136570561456747,15.53,15.78,15.92,15.42,481424,88.6135,90.04,90.8388,87.9858,80237.33333333333,2.0400000000000063,0.022
2016-03-17,96.96,97.5,94.38,95.64,FI,48670.833333333336,-0.38694992412746587,-0.38694992412746587,15.94,16.16,16.25,15.73,292025,90.9529,92.2083,92.7218,89.7547,48670.833333333336,2.279999999999987,0.0241
2016-03-18,93.6,96.63,92.76,94.8,FI,116997.5,-0.4081942336874052,-0.4081942336874052,15.8,15.6,16.105,15.46,701985,90.1541,89.0129,91.8944,88.2141,116997.5,-3.3599999999999994,-0.0347
2016-03-21,96.3,97.32,92.28,92.76,FI,111771.33333333331,-0.3911229135053111,-0.3911229135053111,15.46,16.05,16.22,15.38,670628,88.2141,91.5806,92.5506,87.7576,111771.33333333331,2.700000000000003,0.0288
2016-03-22,94.86,97.56,94.56,95.46,FI,55644.16666666666,-0.4002276176024279,-0.4002276176024279,15.91,15.81,16.26,15.76,333865,90.7818,90.2112,92.7788,89.9259,55644.16666666666,-1.4399999999999977,-0.015
2016-03-23,93.06,95.64,92.88,93.3,FI,55841.833333333336,-0.41160849772382396,-0.41160849772382396,15.55,15.51,15.94,15.48,335051,88.7276,88.4994,90.9529,88.3282,55841.833333333336,-1.7999999999999972,-0.019
2016-03-24,95.28,95.4,91.074,92.04,FI,69003.0,-0.3975720789074355,-0.3975720789074355,15.34,15.88,15.9,15.179,414018,87.5294,90.6106,90.7247,86.6107,69003.0,2.219999999999999,0.0239
2016-03-28,97.32,97.62,94.8,95.16,FI,104859.66666666669,-0.38467374810318666,-0.38467374810318666,15.86,16.22,16.27,15.8,629158,90.4965,92.5506,92.8359,90.1541,104859.66666666669,2.039999999999992,0.0214
2016-03-29,97.68,98.04,93.96,96.0,FI,108398.16666666669,-0.3823975720789074,-0.3823975720789074,16.0,16.28,16.34,15.66,650389,91.2953,92.893,93.2353,89.3553,108398.16666666669,0.36000000000001364,0.0037
2016-03-30,98.28,99.96,97.32,98.1,FI,84811.16666666667,-0.3786039453717754,-0.3786039453717754,16.35,16.38,16.66,16.22,508867,93.2924,93.4636,95.0612,92.5506,84811.16666666667,0.5999999999999943,0.0061
2016-03-31,98.88,100.02,98.1,98.34,FI,70957.0,-0.3748103186646434,-0.3748103186646434,16.39,16.48,16.67,16.35,425742,93.5206,94.0342,95.1183,93.2924,70957.0,0.5999999999999943,0.0061
2016-04-01,96.18,97.14,94.47,96.66,FI,163870.0,-0.39188163884673743,-0.39188163884673743,16.11,16.03,16.19,15.745,983220,91.923,91.4665,92.3794,89.8403,163870.0,-2.6999999999999886,-0.0273
2016-04-04,96.6,99.06,93.72,95.4,FI,188201.16666666663,-0.3892261001517451,-0.3892261001517451,15.9,16.1,16.51,15.62,1129207,90.7247,91.8659,94.2053,89.127,188201.16666666663,0.4199999999999875,0.0044
2016-04-05,96.0,97.08,93.72,95.82,FI,552521.8333333334,-0.3930197268588771,-0.3930197268588771,15.97,16.0,16.18,15.62,3315131,91.1241,91.2953,92.3224,89.127,552521.8333333334,-0.5999999999999943,-0.0062
2016-04-06,98.04,99.3,95.34,97.2,FI,103341.5,-0.3801213960546282,-0.3801213960546282,16.2,16.34,16.55,15.89,620049,92.4365,93.2353,94.4336,90.6676,103341.5,2.0400000000000063,0.0213
2016-04-07,96.42,97.92,95.04,97.32,FI,110263.5,-0.39036418816388463,-0.39036418816388463,16.22,16.07,16.32,15.84,661581,92.5506,91.6947,93.1212,90.3823,110263.5,-1.6200000000000045,-0.0165
2016-04-08,97.32,99.54,96.48,98.04,FI,81676.33333333333,-0.38467374810318666,-0.38467374810318666,16.34,16.22,16.59,16.08,490058,93.2353,92.5506,94.6618,91.7518,81676.33333333333,0.8999999999999915,0.0093
2016-04-11,96.84,98.04,96.66,97.5,FI,65745.16666666667,-0.3877086494688922,-0.3877086494688922,16.25,16.14,16.34,16.11,394471,92.7218,92.0941,93.2353,91.923,65745.16666666667,-0.47999999999998977,-0.0049
2016-04-12,99.12,99.78,96.66,97.62,FI,137871.0,-0.37329286798179057,-0.37329286798179057,16.27,16.52,16.63,16.11,827226,92.8359,94.2624,94.8901,91.923,137871.0,2.280000000000001,0.0235
2016-04-13,99.12,99.84,98.22,99.06,FI,89490.66666666667,-0.37329286798179057,-0.37329286798179057,16.51,16.52,16.64,16.37,536944,94.2053,94.2624,94.9471,93.4065,89490.66666666667,0.0,0.0
2016-04-14,99.18,99.84,97.5,99.12,FI,144935.33333333334,-0.3729135053110773,-0.3729135053110773,16.52,16.53,16.64,16.25,869612,94.2624,94.3195,94.9471,92.7218,144935.33333333334,0.060000000000002274,0.0006
2016-04-15,98.04,99.12,96.42,97.92,FI,70167.0,-0.3801213960546282,-0.3801213960546282,16.32,16.34,16.52,16.07,421002,93.1212,93.2353,94.2624,91.6947,70167.0,-1.1400000000000006,-0.0115
2016-04-18,99.12,99.24,93.72,93.72,FI,78049.83333333333,-0.37329286798179057,-0.37329286798179057,15.62,16.52,16.54,15.62,468299,89.127,94.2624,94.3765,89.127,78049.83333333333,1.0799999999999983,0.011
2016-04-19,99.66,100.2,97.92,99.0,FI,135257.83333333334,-0.3698786039453718,-0.3698786039453718,16.5,16.61,16.7,16.32,811547,94.1483,94.7759,95.2895,93.1212,135257.83333333334,0.539999999999992,0.0054
2016-04-20,100.86,102.3,99.6,99.78,FI,119008.0,-0.3622913505311077,-0.3622913505311077,16.63,16.81,17.05,16.6,714048,94.8901,95.9171,97.2866,94.7189,119008.0,1.2000000000000028,0.012
2016-04-21,100.8,102.96,100.44,101.34,FI,88073.0,-0.3626707132018209,-0.3626707132018209,16.89,16.8,17.16,16.74,528438,96.3736,95.8601,97.9142,95.5177,88073.0,-0.060000000000002274,-0.0006
2016-04-22,101.58,103.5,100.56,100.56,FI,68109.16666666667,-0.3577389984825493,-0.3577389984825493,16.76,16.93,17.25,16.76,408655,95.6318,96.6018,98.4277,95.6318,68109.16666666667,0.7800000000000011,0.0077
2016-04-25,99.42,101.58,98.82,101.16,FI,96376.33333333331,-0.37139605462822456,-0.37139605462822456,16.86,16.57,16.93,16.47,578258,96.2024,94.5477,96.6018,93.9771,96376.33333333331,-2.1599999999999966,-0.0213
2016-04-26,99.3,100.2,97.62,100.2,FI,157960.0,-0.372154779969651,-0.372154779969651,16.7,16.55,16.7,16.27,947760,95.2895,94.4336,95.2895,92.8359,157960.0,-0.12000000000000455,-0.0012
2016-04-27,96.9,106.35,95.22,101.46,FI,298004.1666666667,-0.387329286798179,-0.387329286798179,16.91,16.15,17.725,15.87,1788025,96.4877,92.1512,101.1381,90.5535,298004.1666666667,-2.3999999999999915,-0.0242
2016-04-28,96.78,99.99,93.96,95.94,FI,136908.0,-0.3880880121396054,-0.3880880121396054,15.99,16.13,16.665,15.66,821448,91.2382,92.0371,95.0898,89.3553,136908.0,-0.12000000000000455,-0.0012
2016-04-29,99.9,100.3728,97.68,97.68,FI,112479.5,-0.3683611532625189,-0.3683611532625189,16.28,16.65,16.7288,16.28,674877,92.893,95.0042,95.4538,92.893,112479.5,3.1200000000000045,0.0322
2016-05-02,98.22,99.84,96.9,99.6,FI,104257.16666666669,-0.3789833080424886,-0.3789833080424886,16.6,16.37,16.64,16.15,625543,94.7189,93.4065,94.9471,92.1512,104257.16666666669,-1.6800000000000068,-0.0168
2016-05-03,94.56,97.5,93.72,97.08,FI,148371.0,-0.40212443095599393,-0.40212443095599393,16.18,15.76,16.25,15.62,890226,92.3224,89.9259,92.7218,89.127,148371.0,-3.6599999999999966,-0.0373
2016-05-04,93.0,96.48,91.86,94.8,FI,117861.5,-0.41198786039453716,-0.41198786039453716,15.8,15.5,16.08,15.31,707169,90.1541,88.4423,91.7518,87.3582,117861.5,-1.5600000000000023,-0.0165
2016-05-05,94.5,94.86,92.04,94.5,FI,133179.5,-0.40250379362670713,-0.40250379362670713,15.75,15.75,15.81,15.34,799077,89.8688,89.8688,90.2112,87.5294,133179.5,1.5,0.0161
2016-05-06,93.9,95.46,93.24,93.6,FI,93963.83333333331,-0.4062974203338391,-0.4062974203338391,15.6,15.65,15.91,15.54,563783,89.0129,89.2982,90.7818,88.6706,93963.83333333331,-0.5999999999999943,-0.0063
2016-05-09,90.96,92.7,89.946,92.7,FI,73834.16666666667,-0.42488619119878607,-0.42488619119878607,15.45,15.16,15.45,14.991,443005,88.157,86.5023,88.157,85.538,73834.16666666667,-2.940000000000012,-0.0313
2016-05-10,92.16,92.16,90.0,91.02,FI,93121.66666666669,-0.41729893778452204,-0.41729893778452204,15.17,15.36,15.36,15.0,558730,86.5594,87.6435,87.6435,85.5893,93121.66666666669,1.2000000000000028,0.0132
2016-05-11,93.96,95.31,90.96,91.62,FI,111006.83333333331,-0.405918057663126,-0.405918057663126,15.27,15.66,15.885,15.16,666041,87.13,89.3553,90.6391,86.5023,111006.83333333331,1.7999999999999972,0.0195
2016-05-12,94.74,96.0,93.12,95.28,FI,102427.0,-0.4009863429438543,-0.4009863429438543,15.88,15.79,16.0,15.52,614562,90.6106,90.097,91.2953,88.5564,102427.0,0.7800000000000011,0.0083
2016-05-13,90.42,94.08,89.4,93.66,FI,115280.0,-0.4283004552352048,-0.4283004552352048,15.61,15.07,15.68,14.9,691680,89.07,85.9888,89.4694,85.0187,115280.0,-4.319999999999993,-0.0456
2016-05-16,91.98,93.3,91.5,91.68,FI,68045.16666666667,-0.4184370257966616,-0.4184370257966616,15.28,15.33,15.55,15.25,408271,87.187,87.4723,88.7276,87.0158,68045.16666666667,1.5600000000000023,0.0173
2016-05-17,92.34,93.66,91.56,91.98,FI,72369.0,-0.4161608497723824,-0.4161608497723824,15.33,15.39,15.61,15.26,434214,87.4723,87.8147,89.07,87.0729,72369.0,0.35999999999999943,0.0039
2016-05-18,88.98,92.34,88.5,92.28,FI,55167.333333333336,-0.43740515933232166,-0.43740515933232166,15.38,14.83,15.39,14.75,331004,87.7576,84.6193,87.8147,84.1629,55167.333333333336,-3.3599999999999994,-0.0364
2016-05-19,89.46,90.3588,86.76,88.02,FI,87835.5,-0.4343702579666161,-0.4343702579666161,14.67,14.91,15.0598,14.46,527013,83.7064,85.0758,85.9306,82.5081,87835.5,0.47999999999998977,0.0054
2016-05-20,90.36,91.14,88.62,89.88,FI,61128.5,-0.428679817905918,-0.428679817905918,14.98,15.06,15.19,14.77,366771,85.4752,85.9317,86.6735,84.277,61128.5,0.9000000000000057,0.0101
2016-05-23,91.32,91.8,89.34,90.0,FI,55287.333333333336,-0.42261001517450686,-0.42261001517450686,15.0,15.22,15.3,14.89,331724,85.5893,86.8447,87.3011,84.9617,55287.333333333336,0.9599999999999937,0.0106
2016-05-24,91.14,91.8,89.94,91.68,FI,39085.66666666666,-0.4237481031866464,-0.4237481031866464,15.28,15.19,15.3,14.99,234514,87.187,86.6735,87.3011,85.5323,39085.66666666666,-0.1799999999999926,-0.002
2016-05-25,95.04,95.28,91.14,91.56,FI,57811.833333333336,-0.39908952959028826,-0.39908952959028826,15.26,15.84,15.88,15.19,346871,87.0729,90.3823,90.6106,86.6735,57811.833333333336,3.9000000000000057,0.0428
2016-05-26,94.86,96.18,94.17,95.64,FI,54648.16666666666,-0.4002276176024279,-0.4002276176024279,15.94,15.81,16.03,15.695,327889,90.9529,90.2112,91.4665,89.555,54648.16666666666,-0.18000000000000682,-0.0019
2016-05-27,95.52,95.67,93.72,94.32,FI,48227.0,-0.3960546282245827,-0.3960546282245827,15.72,15.92,15.945,15.62,289362,89.6976,90.8388,90.9815,89.127,48227.0,0.6599999999999966,0.007
2016-05-31,96.06,96.9,95.13,95.4,FI,134038.33333333334,-0.39264036418816384,-0.39264036418816384,15.9,16.01,16.15,15.855,804230,90.7247,91.3524,92.1512,90.4679,134038.33333333334,0.5400000000000063,0.0057
2016-06-01,92.34,94.74,91.02,94.62,FI,100110.16666666669,-0.4161608497723824,-0.4161608497723824,15.77,15.39,15.79,15.17,600661,90.834,88.6452,90.9492,87.378,100110.16666666669,-3.719999999999999,-0.0387
2016-06-02,91.5,91.8,90.39,91.44,FI,65771.66666666667,-0.4214719271623672,-0.4214719271623672,15.24,15.25,15.3,15.065,394630,87.7812,87.8388,88.1268,86.7732,65771.66666666667,-0.8400000000000034,-0.0091
2016-06-03,92.1,93.84,91.38,91.44,FI,72797.0,-0.41767830045523524,-0.41767830045523524,15.24,15.35,15.64,15.23,436782,87.7812,88.4148,90.0852,87.7236,72797.0,0.5999999999999943,0.0066
2016-06-06,96.42,96.84,92.4,93.18,FI,93552.0,-0.39036418816388463,-0.39036418816388463,15.53,16.07,16.14,15.4,561312,89.4516,92.5619,92.9651,88.7028,93552.0,4.320000000000007,0.0469
2016-06-07,99.42,99.6,96.12,96.6,FI,86394.5,-0.37139605462822456,-0.37139605462822456,16.1,16.57,16.6,16.02,518367,92.7347,95.4419,95.6147,92.2739,86394.5,3.0,0.0311
2016-06-08,99.78,100.92,99.0606,100.62,FI,148560.66666666666,-0.36911987860394535,-0.36911987860394535,16.77,16.63,16.82,16.5101,891364,96.5939,95.7875,96.8819,95.0969,148560.66666666666,0.35999999999999943,0.0036
2016-06-09,99.0,99.96,97.6572,98.82,FI,90671.16666666669,-0.37405159332321697,-0.37405159332321697,16.47,16.5,16.66,16.2762,544027,94.8659,95.0387,95.9603,93.7496,90671.16666666669,-0.7800000000000011,-0.0078
2016-06-10,97.38,99.42,96.96,97.44,FI,94900.5,-0.38429438543247346,-0.38429438543247346,16.24,16.23,16.57,16.16,569403,93.5411,93.4835,95.4419,93.0803,94900.5,-1.6200000000000045,-0.0164
2016-06-13,94.68,96.9,94.14,95.52,FI,144658.5,-0.40136570561456747,-0.40136570561456747,15.92,15.78,16.15,15.69,867951,91.698,90.8916,93.0227,90.3732,144658.5,-2.6999999999999886,-0.0277
2016-06-14,95.7,96.0,92.82,94.14,FI,123098.66666666669,-0.39491654021244305,-0.39491654021244305,15.69,15.95,16.0,15.47,738592,90.3732,91.8708,92.1587,89.106,123098.66666666669,1.019999999999996,0.0108
2016-06-15,94.08,95.76,92.94,95.52,FI,89470.5,-0.40515933232169954,-0.40515933232169954,15.92,15.68,15.96,15.49,536823,91.698,90.3156,91.9284,89.2212,89470.5,-1.6200000000000045,-0.0169
2016-06-16,92.64,93.66,91.38,92.94,FI,112280.0,-0.4142640364188164,-0.4142640364188164,15.49,15.44,15.61,15.23,673680,89.2212,88.9332,89.9124,87.7236,112280.0,-1.4399999999999977,-0.0153
2016-06-17,93.78,94.8,93.12,94.26,FI,113910.16666666669,-0.40705614567526555,-0.40705614567526555,15.71,15.63,15.8,15.52,683461,90.4884,90.0276,91.0068,89.394,113910.16666666669,1.1400000000000006,0.0123
2016-06-20,93.6,95.4,93.36,95.1,FI,81329.0,-0.4081942336874052,-0.4081942336874052,15.85,15.6,15.9,15.56,487974,91.2948,89.8548,91.5828,89.6244,81329.0,-0.18000000000000682,-0.0019
2016-06-21,94.26,94.98,92.28,92.28,FI,153584.5,-0.4040212443095599,-0.4040212443095599,15.38,15.71,15.83,15.38,921507,88.5876,90.4884,91.1796,88.5876,153584.5,0.6600000000000108,0.0071
2016-06-22,94.74,95.76,93.9,94.38,FI,74004.16666666667,-0.4009863429438543,-0.4009863429438543,15.73,15.79,15.96,15.65,444025,90.6036,90.9492,91.9284,90.1428,74004.16666666667,0.47999999999998977,0.0051
2016-06-23,98.94,98.94,95.64,95.88,FI,66339.0,-0.3744309559939302,-0.3744309559939302,15.98,16.49,16.49,15.94,398034,92.0435,94.9811,94.9811,91.8132,66339.0,4.200000000000003,0.0443
2016-06-24,93.66,96.96,93.54,96.42,FI,181543.0,-0.40781487101669195,-0.40781487101669195,16.07,15.61,16.16,15.59,1089258,92.5619,89.9124,93.0803,89.7972,181543.0,-5.280000000000001,-0.0534
2016-06-27,87.12,92.94,86.97,92.64,FI,142743.83333333334,-0.4491654021244309,-0.4491654021244309,15.44,14.52,15.49,14.495,856463,88.9332,83.6341,89.2212,83.4901,142743.83333333334,-6.539999999999992,-0.0698
2016-06-28,86.64,89.28,86.34,88.86,FI,116704.0,-0.45220030349013657,-0.45220030349013657,14.81,14.44,14.88,14.39,700224,85.3044,83.1733,85.7076,82.8853,116704.0,-0.480000000000004,-0.0055
2016-06-29,87.06,87.93,84.3,86.16,FI,109160.0,-0.44954476479514416,-0.44954476479514416,14.36,14.51,14.655,14.05,654960,82.7125,83.5765,84.4117,80.9269,109160.0,0.4200000000000017,0.0048
2016-06-30,87.66,88.32,85.9206,85.98,FI,122191.5,-0.44575113808801214,-0.44575113808801214,14.33,14.61,14.72,14.3201,733149,82.5397,84.1525,84.786,82.4827,122191.5,0.5999999999999943,0.0069
2016-07-01,90.12,90.48,87.84,87.84,FI,72985.5,-0.43019726858877083,-0.43019726858877083,14.64,15.02,15.08,14.64,437913,84.3253,86.514,86.8596,84.3253,72985.5,2.460000000000008,0.0281
2016-07-05,87.84,89.1,85.62,88.98,FI,158195.5,-0.4446130500758725,-0.4446130500758725,14.83,14.64,14.85,14.27,949173,85.4196,84.3253,85.5348,82.1941,158195.5,-2.280000000000001,-0.0253
2016-07-06,88.62,89.16,85.92,87.6,FI,395639.6666666667,-0.43968133535660087,-0.43968133535660087,14.6,14.77,14.86,14.32,2373838,84.0949,85.074,85.5924,82.4821,395639.6666666667,0.7800000000000011,0.0089
2016-07-07,88.74,91.02,87.96,89.52,FI,108323.0,-0.4389226100151745,-0.4389226100151745,14.92,14.79,15.17,14.66,649938,85.938,85.1892,87.378,84.4405,108323.0,0.11999999999999034,0.0014
2016-07-08,89.22,90.6,88.74,89.16,FI,72153.16666666667,-0.4358877086494689,-0.4358877086494689,14.86,14.87,15.1,14.79,432919,85.5924,85.65,86.9748,85.1892,72153.16666666667,0.480000000000004,0.0054
2016-07-11,87.36,89.58,86.7,88.14,FI,90799.16666666669,-0.44764795144157815,-0.44764795144157815,14.69,14.56,14.93,14.45,544795,84.6133,83.8645,85.9956,83.2309,90799.16666666669,-1.8599999999999994,-0.0208
2016-07-12,91.74,92.64,88.32,88.8,FI,76814.5,-0.41995447647951445,-0.41995447647951445,14.8,15.29,15.44,14.72,460887,85.2468,88.0692,88.9332,84.786,76814.5,4.3799999999999955,0.0501
2016-07-13,89.4,92.1,88.8,91.68,FI,65145.0,-0.43474962063732925,-0.43474962063732925,15.28,14.9,15.35,14.8,390870,88.0116,85.8228,88.4148,85.2468,65145.0,-2.339999999999989,-0.0255
2016-07-14,89.22,90.48,88.74,90.18,FI,73361.0,-0.4358877086494689,-0.4358877086494689,15.03,14.87,15.08,14.79,440166,86.5716,85.65,86.8596,85.1892,73361.0,-0.18000000000000682,-0.002
2016-07-15,89.16,89.85,88.68,89.7,FI,46004.333333333336,-0.4362670713201821,-0.4362670713201821,14.95,14.86,14.975,14.78,276026,86.1108,85.5924,86.2548,85.1316,46004.333333333336,-0.060000000000002274,-0.0007
2016-07-18,88.02,88.26,86.4,87.54,FI,72962.66666666667,-0.44347496206373294,-0.44347496206373294,14.59,14.67,14.71,14.4,437776,84.0373,84.4981,84.7284,82.9429,72962.66666666667,-1.1400000000000006,-0.0128
2016-07-19,86.7,88.14,86.64,88.14,FI,78865.5,-0.4518209408194233,-0.4518209408194233,14.69,14.45,14.69,14.44,473193,84.6133,83.2309,84.6133,83.1733,78865.5,-1.3199999999999932,-0.015
2016-07-20,87.42,88.44,85.14,86.64,FI,102848.0,-0.44726858877086495,-0.44726858877086495,14.44,14.57,14.74,14.19,617088,83.1733,83.9221,84.9012,81.7333,102848.0,0.7199999999999989,0.0083
2016-07-21,86.52,88.44,86.22,87.48,FI,68750.83333333333,-0.45295902883156297,-0.45295902883156297,14.58,14.42,14.74,14.37,412505,83.9797,83.0581,84.9012,82.7701,68750.83333333333,-0.9000000000000057,-0.0103
2016-07-22,87.06,87.3,85.8,86.64,FI,58362.16666666666,-0.44954476479514416,-0.44954476479514416,14.44,14.51,14.55,14.3,350173,83.1733,83.5765,83.8069,82.3669,58362.16666666666,0.5400000000000063,0.0062
2016-07-25,87.84,87.96,85.98,86.16,FI,112969.83333333331,-0.4446130500758725,-0.4446130500758725,14.36,14.64,14.66,14.33,677819,82.7125,84.3253,84.4405,82.5397,112969.83333333331,0.7800000000000011,0.009
2016-07-26,88.8,88.86,86.88,87.6,FI,116937.16666666669,-0.4385432473444613,-0.4385432473444613,14.6,14.8,14.81,14.48,701623,84.0949,85.2468,85.3044,83.4037,116937.16666666669,0.9599999999999937,0.0109
2016-07-27,88.74,90.84,87.96,88.8,FI,173096.33333333334,-0.4389226100151745,-0.4389226100151745,14.8,14.79,15.14,14.66,1038578,85.2468,85.1892,87.2052,84.4405,173096.33333333334,-0.060000000000002274,-0.0007
2016-07-28,74.22,81.72,72.6,79.5,FI,970437.0,-0.5307283763277694,-0.5307283763277694,13.25,12.37,13.62,12.1,5822622,76.319,71.2502,78.4501,69.6951,970437.0,-14.519999999999996,-0.1636
2016-07-29,73.92,75.06,68.58,74.16,FI,473089.0,-0.5326251896813353,-0.5326251896813353,12.36,12.32,12.51,11.43,2838534,71.1926,70.9622,72.0566,65.8359,473089.0,-0.29999999999999716,-0.004
2016-08-01,69.36,74.94,68.82,74.04,FI,128090.33333333331,-0.5614567526555387,-0.5614567526555387,12.34,11.56,12.49,11.47,768542,71.0774,66.5847,71.9414,66.0663,128090.33333333331,-4.560000000000002,-0.0617
2016-08-02,69.72,70.92,68.1,69.96,FI,100990.0,-0.5591805766312595,-0.5591805766312595,11.66,11.62,11.82,11.35,605940,67.1607,66.9303,68.0823,65.3751,100990.0,0.35999999999999943,0.0052
2016-08-03,71.94,72.12,69.18,69.84,FI,101410.83333333331,-0.545144157814871,-0.545144157814871,11.64,11.99,12.02,11.53,608465,67.0455,69.0615,69.2343,66.4119,101410.83333333331,2.219999999999999,0.0318
2016-08-04,73.5,73.68,71.4,71.94,FI,108113.0,-0.5352807283763278,-0.5352807283763278,11.99,12.25,12.28,11.9,648678,69.0615,70.559,70.7318,68.5431,108113.0,1.5600000000000023,0.0217
2016-08-05,74.22,74.31,71.76,73.32,FI,107011.83333333331,-0.5307283763277694,-0.5307283763277694,12.22,12.37,12.385,11.96,642071,70.3862,71.2502,71.3366,68.8887,107011.83333333331,0.7199999999999989,0.0098
2016-08-08,75.36,76.35,74.46,75.12,FI,85841.83333333333,-0.5235204855842185,-0.5235204855842185,12.52,12.56,12.725,12.41,515051,72.1142,72.3446,73.295,71.4806,85841.83333333333,1.1400000000000006,0.0154
2016-08-09,75.54,76.32,73.5,75.9,FI,67540.66666666667,-0.5223823975720788,-0.5223823975720788,12.65,12.59,12.72,12.25,405244,72.863,72.5174,73.2662,70.559,67540.66666666667,0.18000000000000682,0.0024
2016-08-10,73.02,76.32,72.87,76.2,FI,69723.66666666667,-0.5383156297420334,-0.5383156297420334,12.7,12.17,12.72,12.145,418342,73.151,70.0982,73.2662,69.9542,69723.66666666667,-2.5200000000000102,-0.0334
2016-08-11,73.08,74.7,72.9,73.68,FI,91409.33333333331,-0.5379362670713201,-0.5379362670713201,12.28,12.18,12.45,12.15,548456,70.7318,70.1558,71.711,69.983,91409.33333333331,0.060000000000002274,0.0008
2016-08-12,73.44,74.22,72.6,73.2,FI,56238.333333333336,-0.5356600910470409,-0.5356600910470409,12.2,12.24,12.37,12.1,337430,70.271,70.5014,71.2502,69.6951,56238.333333333336,0.35999999999999943,0.0049
2016-08-15,74.76,75.42,73.8,73.8,FI,60994.16666666666,-0.5273141122913505,-0.5273141122913505,12.3,12.46,12.57,12.3,365965,70.847,71.7686,72.4022,70.847,60994.16666666666,1.3200000000000074,0.018
2016-08-16,74.34,75.54,73.92,75.06,FI,86579.83333333333,-0.529969650986343,-0.529969650986343,12.51,12.39,12.59,12.32,519479,72.0566,71.3654,72.5174,70.9622,86579.83333333333,-0.4200000000000017,-0.0056
2016-08-17,74.04,74.52,72.96,73.86,FI,72702.33333333333,-0.5318664643399089,-0.5318664643399089,12.31,12.34,12.42,12.16,436214,70.9046,71.0774,71.5382,70.0406,72702.33333333333,-0.29999999999999716,-0.004
2016-08-18,76.5,76.74,74.01,74.4,FI,110930.83333333331,-0.5163125948406677,-0.5163125948406677,12.4,12.75,12.79,12.335,665585,71.423,73.439,73.6694,71.0486,110930.83333333331,2.4599999999999937,0.0332
2016-08-19,75.84,76.26,74.19,75.54,FI,137375.83333333334,-0.5204855842185129,-0.5204855842185129,12.59,12.64,12.71,12.365,824255,72.5174,72.8054,73.2086,71.2214,137375.83333333334,-0.6599999999999966,-0.0086
2016-08-22,75.54,75.54,74.1,74.94,FI,70791.5,-0.5223823975720788,-0.5223823975720788,12.49,12.59,12.59,12.35,424749,71.9414,72.5174,72.5174,71.135,70791.5,-0.29999999999999716,-0.004
2016-08-23,76.26,76.74,74.94,74.94,FI,55039.16666666666,-0.5178300455235204,-0.5178300455235204,12.49,12.71,12.79,12.49,330235,71.9414,73.2086,73.6694,71.9414,55039.16666666666,0.7199999999999989,0.0095
2016-08-24,74.22,75.96,73.86,75.6,FI,135091.33333333334,-0.5307283763277694,-0.5307283763277694,12.6,12.37,12.66,12.31,810548,72.575,71.2502,72.9206,70.9046,135091.33333333334,-2.0400000000000063,-0.0268
2016-08-25,70.44,70.5,65.43,69.78,FI,297894.0,-0.5546282245827011,-0.5546282245827011,11.63,11.74,11.75,10.905,1787364,66.9879,67.6215,67.6791,62.8119,297894.0,-3.780000000000001,-0.0509
2016-08-26,70.98,71.34,69.3,70.38,FI,137950.5,-0.5512139605462822,-0.5512139605462822,11.73,11.83,11.89,11.55,827703,67.5639,68.1399,68.4855,66.5271,137950.5,0.5400000000000063,0.0077
2016-08-29,72.06,72.36,69.54,70.44,FI,94476.66666666669,-0.5443854324734446,-0.5443854324734446,11.74,12.01,12.06,11.59,566860,68.0529,69.618,69.9079,67.1834,94476.66666666669,1.0799999999999983,0.0152
2016-08-30,70.2,73.08,69.75,72.24,FI,108921.83333333331,-0.5561456752655538,-0.5561456752655538,12.04,11.7,12.18,11.625,653531,69.7919,67.8211,70.6035,67.3863,108921.83333333331,-1.8599999999999994,-0.0258
2016-08-31,68.94,70.35,68.52,69.9,FI,418683.8333333333,-0.5641122913505311,-0.5641122913505311,11.65,11.49,11.725,11.42,2512103,67.5312,66.6038,67.966,66.198,418683.8333333333,-1.2600000000000051,-0.0179
2016-09-01,69.42,69.48,67.86,68.58,FI,126189.16666666669,-0.5610773899848255,-0.5610773899848255,11.43,11.57,11.58,11.31,757135,66.256,67.0675,67.1255,65.5604,126189.16666666669,0.480000000000004,0.007
2016-09-02,70.2,70.86,69.48,70.32,FI,121372.16666666669,-0.5561456752655538,-0.5561456752655538,11.72,11.7,11.81,11.58,728233,67.937,67.8211,68.4587,67.1255,121372.16666666669,0.7800000000000011,0.0112
2016-09-06,69.6,70.86,69.24,70.62,FI,117959.66666666669,-0.5599393019726859,-0.5599393019726859,11.77,11.6,11.81,11.54,707758,68.2268,67.2414,68.4587,66.8936,117959.66666666669,-0.6000000000000085,-0.0085
2016-09-07,71.4,71.55,69.1794,69.9,FI,178695.83333333334,-0.5485584218512898,-0.5485584218512898,11.65,11.9,11.925,11.5299,1072175,67.5312,68.9804,69.1253,66.835,178695.83333333334,1.8000000000000114,0.0259
2016-09-08,73.14,74.7,71.76,72.12,FI,161373.66666666666,-0.537556904400607,-0.537556904400607,12.02,12.19,12.45,11.96,968242,69.676,70.6614,72.1686,69.3282,161373.66666666666,1.7399999999999949,0.0244
2016-09-09,70.38,72.66,69.45,72.06,FI,168466.5,-0.5550075872534143,-0.5550075872534143,12.01,11.73,12.11,11.575,1010799,69.618,67.995,70.1977,67.0965,168466.5,-2.760000000000005,-0.0377
2016-09-12,71.34,72.54,69.42,69.48,FI,137144.66666666666,-0.548937784522003,-0.548937784522003,11.58,11.89,12.09,11.57,822868,67.1255,68.9224,70.0818,67.0675,137144.66666666666,0.960000000000008,0.0136
2016-09-13,70.2,71.04,69.12,69.9,FI,113631.5,-0.5561456752655538,-0.5561456752655538,11.65,11.7,11.84,11.52,681789,67.5312,67.8211,68.6326,66.7777,113631.5,-1.1400000000000006,-0.016
2016-09-14,69.6,70.86,69.06,69.66,FI,125619.83333333331,-0.5599393019726859,-0.5599393019726859,11.61,11.6,11.81,11.51,753719,67.2994,67.2414,68.4587,66.7197,125619.83333333331,-0.6000000000000085,-0.0085
2016-09-15,69.48,70.74,69.3,70.08,FI,107031.5,-0.5606980273141122,-0.5606980273141122,11.68,11.58,11.79,11.55,642189,67.7051,67.1255,68.3428,66.9516,107031.5,-0.11999999999999034,-0.0017
2016-09-16,69.84,70.08,68.1,68.7,FI,179482.16666666666,-0.558421851289833,-0.558421851289833,11.45,11.64,11.68,11.35,1076893,66.3719,67.4733,67.7051,65.7922,179482.16666666666,0.35999999999999943,0.0052
2016-09-19,69.9,71.85,69.78,70.26,FI,93932.0,-0.5580424886191199,-0.5580424886191199,11.71,11.65,11.975,11.63,563592,67.879,67.5312,69.4151,67.4153,93932.0,0.060000000000002274,0.0009
2016-09-20,69.84,70.83,68.1,69.72,FI,178978.0,-0.558421851289833,-0.558421851289833,11.62,11.64,11.805,11.35,1073868,67.3573,67.4733,68.4297,65.7922,178978.0,-0.060000000000002274,-0.0009
2016-09-21,72.54,73.14,70.2,70.8,FI,132872.16666666666,-0.5413505311077389,-0.5413505311077389,11.8,12.09,12.19,11.7,797233,68.4007,70.0818,70.6614,67.8211,132872.16666666666,2.700000000000003,0.0387
2016-09-22,74.94,76.68,73.38,73.5,FI,176785.16666666666,-0.526176024279211,-0.526176024279211,12.25,12.49,12.78,12.23,1060711,71.0092,72.4004,74.0815,70.8933,176785.16666666666,2.3999999999999915,0.0331
2016-09-23,74.28,75.9,73.188,74.94,FI,189830.0,-0.5303490136570561,-0.5303490136570561,12.49,12.38,12.65,12.198,1138980,72.4004,71.7628,73.3279,70.7078,189830.0,-0.6599999999999966,-0.0088
2016-09-26,73.44,75.78,73.32,74.7,FI,156961.66666666666,-0.5356600910470409,-0.5356600910470409,12.45,12.24,12.63,12.22,941770,72.1686,70.9513,73.212,70.8353,156961.66666666666,-0.8400000000000034,-0.0113
2016-09-27,72.36,74.94,71.64,74.88,FI,115030.33333333331,-0.5424886191198786,-0.5424886191198786,12.48,12.06,12.49,11.94,690182,72.3425,69.9079,72.4004,69.2123,115030.33333333331,-1.0799999999999983,-0.0147
2016-09-28,75.72,76.08,72.06,73.02,FI,121277.16666666669,-0.5212443095599393,-0.5212443095599393,12.17,12.62,12.68,12.01,727663,70.5455,73.154,73.5018,69.618,121277.16666666669,3.3599999999999994,0.0464
2016-09-29,76.44,77.4,75.24,75.78,FI,129059.5,-0.5166919575113809,-0.5166919575113809,12.63,12.74,12.9,12.54,774357,73.212,73.8496,74.7771,72.6903,129059.5,0.7199999999999989,0.0095
2016-09-30,78.0,78.42,76.5,77.1,FI,122279.16666666669,-0.5068285280728376,-0.5068285280728376,12.85,13.0,13.07,12.75,733675,74.4872,75.3567,75.7625,73.9076,122279.16666666669,1.5600000000000023,0.0204
2016-10-03,77.76,79.2,77.52,77.94,FI,166417.0,-0.5083459787556904,-0.5083459787556904,12.99,12.96,13.2,12.92,998502,75.2988,75.1249,76.5161,74.893,166417.0,-0.23999999999999488,-0.0031
2016-10-04,78.0,78.24,76.8084,77.76,FI,190197.5,-0.5068285280728376,-0.5068285280728376,12.96,13.0,13.04,12.8014,1141185,75.1249,75.3567,75.5886,74.2055,190197.5,0.23999999999999488,0.0031
2016-10-05,80.04,80.22,77.3406,79.14,FI,380271.8333333333,-0.4939301972685887,-0.4939301972685887,13.19,13.34,13.37,12.8901,2281631,76.4581,77.3276,77.5015,74.7197,380271.8333333333,2.0400000000000063,0.0262
2016-10-06,80.22,80.7,79.56,79.68,FI,102608.33333333331,-0.4927921092564492,-0.4927921092564492,13.28,13.37,13.45,13.26,615650,76.9798,77.5015,77.9652,76.8639,102608.33333333331,0.1799999999999926,0.0022
2016-10-07,81.18,89.16,79.02,81.66,FI,254579.0,-0.4867223065250379,-0.4867223065250379,13.61,13.53,14.86,13.17,1527474,78.8927,78.429,86.1385,76.3422,254579.0,0.960000000000008,0.012
2016-10-10,80.1,83.34,79.44,82.56,FI,80631.33333333333,-0.4935508345978756,-0.4935508345978756,13.76,13.35,13.89,13.24,483788,79.7622,77.3856,80.5158,76.7479,80631.33333333333,-1.0800000000000125,-0.0133
2016-10-11,79.44,80.46,76.44,79.56,FI,65042.66666666666,-0.4977238239757208,-0.4977238239757208,13.26,13.24,13.41,12.74,390256,76.8639,76.7479,77.7334,73.8496,65042.66666666666,-0.6599999999999966,-0.0082
2016-10-12,76.8,79.4394,76.62,79.26,FI,132402.5,-0.5144157814871017,-0.5144157814871017,13.21,12.8,13.2399,12.77,794415,76.574,74.1974,76.7474,74.0235,132402.5,-2.6400000000000006,-0.0332
2016-10-13,75.54,76.74,75.42,76.5,FI,126895.5,-0.5223823975720788,-0.5223823975720788,12.75,12.59,12.79,12.57,761373,73.9076,72.9801,74.1394,72.8642,126895.5,-1.259999999999991,-0.0164
2016-10-14,74.4,76.4982,74.16,76.02,FI,106219.66666666669,-0.5295902883156297,-0.5295902883156297,12.67,12.4,12.7497,12.36,637318,73.4438,71.8787,73.9058,71.6469,106219.66666666669,-1.1400000000000006,-0.0151
2016-10-17,74.28,74.76,73.32,73.92,FI,62064.16666666666,-0.5303490136570561,-0.5303490136570561,12.32,12.38,12.46,12.22,372385,71.415,71.7628,72.2265,70.8353,62064.16666666666,-0.12000000000000455,-0.0016
2016-10-18,74.52,75.48,73.68,75.06,FI,79471.16666666667,-0.5288315629742033,-0.5288315629742033,12.51,12.42,12.58,12.28,476827,72.5164,71.9947,72.9221,71.1831,79471.16666666667,0.23999999999999488,0.0032
2016-10-19,77.04,78.21,74.76,74.88,FI,140929.33333333334,-0.5128983308042488,-0.5128983308042488,12.48,12.84,13.035,12.46,845576,72.3425,74.4293,75.5596,72.2265,140929.33333333334,2.5200000000000102,0.0338
2016-10-20,77.64,77.76,76.38,76.74,FI,64950.16666666666,-0.5091047040971168,-0.5091047040971168,12.79,12.94,12.96,12.73,389701,74.1394,75.0089,75.1249,73.7916,64950.16666666666,0.5999999999999943,0.0078
2016-10-21,78.42,78.78,76.5,77.58,FI,86875.0,-0.5041729893778452,-0.5041729893778452,12.93,13.07,13.13,12.75,521250,74.951,75.7625,76.1103,73.9076,86875.0,0.7800000000000011,0.01
2016-10-24,76.08,79.122,76.02,78.12,FI,80471.66666666667,-0.5189681335356601,-0.5189681335356601,13.02,12.68,13.187,12.67,482830,75.4727,73.5018,76.4407,73.4438,80471.66666666667,-2.3400000000000034,-0.0298
2016-10-25,73.86,77.04,73.62,75.54,FI,57743.66666666666,-0.5330045523520486,-0.5330045523520486,12.59,12.31,12.84,12.27,346462,72.9801,71.357,74.4293,71.1252,57743.66666666666,-2.219999999999999,-0.0292
2016-10-26,71.76,73.56,71.28,72.78,FI,93549.0,-0.5462822458270106,-0.5462822458270106,12.13,11.96,12.26,11.88,561294,70.3136,69.3282,71.0672,68.8645,93549.0,-2.0999999999999943,-0.0284
2016-10-27,70.92,72.3,70.8,72.18,FI,54807.16666666666,-0.5515933232169954,-0.5515933232169954,12.03,11.82,12.05,11.8,328843,69.734,68.5167,69.8499,68.4007,54807.16666666666,-0.8400000000000034,-0.0117
2016-10-28,69.06,71.04,68.22,70.5,FI,64274.833333333336,-0.5633535660091047,-0.5633535660091047,11.75,11.51,11.84,11.37,385649,68.1109,66.7197,68.6326,65.9082,64274.833333333336,-1.8599999999999994,-0.0262
2016-10-31,67.5,69.24,66.9,68.52,FI,84066.16666666667,-0.5732169954476479,-0.5732169954476479,11.42,11.25,11.54,11.15,504397,66.198,65.2126,66.8936,64.6329,84066.16666666667,-1.5600000000000023,-0.0226
2016-11-01,68.46,68.82,67.08,67.92,FI,95254.0,-0.5671471927162367,-0.5671471927162367,11.32,11.41,11.47,11.18,571524,65.6183,66.14,66.4878,64.8068,95254.0,0.9599999999999937,0.0142
2016-11-02,67.02,67.8,65.16,66.48,FI,166154.66666666666,-0.5762518968133535,-0.5762518968133535,11.08,11.17,11.3,10.86,996928,64.2271,64.7488,65.5024,62.9519,166154.66666666666,-1.4399999999999977,-0.021
2016-11-03,66.3,68.7,65.16,67.02,FI,101188.83333333331,-0.580804248861912,-0.580804248861912,11.17,11.05,11.45,10.86,607133,64.7488,64.0532,66.3719,62.9519,101188.83333333331,-0.7199999999999989,-0.0107
2016-11-04,63.54,66.57,62.82,65.7,FI,273491.5,-0.5982549317147193,-0.5982549317147193,10.95,10.59,11.095,10.47,1640949,63.4736,61.3868,64.3141,60.6912,273491.5,-2.759999999999998,-0.0416
2016-11-07,64.38,64.68,63.6,64.62,FI,63465.66666666666,-0.5929438543247345,-0.5929438543247345,10.77,10.73,10.78,10.6,380794,62.4302,62.1983,62.4881,61.4447,63465.66666666666,0.8399999999999963,0.0132
2016-11-08,63.18,64.236,63.18,64.08,FI,62707.16666666666,-0.6005311077389984,-0.6005311077389984,10.68,10.53,10.706,10.53,376243,61.9085,61.039,62.0592,61.039,62707.16666666666,-1.1999999999999957,-0.0186
2016-11-09,64.38,65.76,63.24,63.36,FI,95267.0,-0.5929438543247345,-0.5929438543247345,10.56,10.73,10.96,10.54,571602,61.2129,62.1983,63.5315,61.0969,95267.0,1.1999999999999957,0.019
2016-11-10,66.06,66.87,63.66,63.96,FI,93298.5,-0.5823216995447648,-0.5823216995447648,10.66,11.01,11.145,10.61,559791,61.7925,63.8214,64.6039,61.5027,93298.5,1.6800000000000068,0.0261
2016-11-11,67.32,67.38,64.86,65.82,FI,112141.16666666669,-0.5743550834597876,-0.5743550834597876,10.97,11.22,11.23,10.81,672847,63.5895,65.0387,65.0966,62.662,112141.16666666669,1.259999999999991,0.0191
2016-11-14,69.0,71.88,67.26,67.56,FI,243634.0,-0.563732928679818,-0.563732928679818,11.26,11.5,11.98,11.21,1461804,65.2705,66.6617,69.4441,64.9807,243634.0,1.6800000000000068,0.025
2016-11-15,68.94,71.82,68.7,70.08,FI,135213.66666666666,-0.5641122913505311,-0.5641122913505311,11.68,11.49,11.97,11.45,811282,67.7051,66.6038,69.3862,66.3719,135213.66666666666,-0.060000000000002274,-0.0009
2016-11-16,67.62,68.64,67.2,68.28,FI,111092.16666666669,-0.5724582701062215,-0.5724582701062215,11.38,11.27,11.44,11.2,666553,65.9661,65.3285,66.3139,64.9227,111092.16666666669,-1.3199999999999932,-0.0191
2016-11-17,67.32,69.18,66.63,68.4,FI,102226.33333333331,-0.5743550834597876,-0.5743550834597876,11.4,11.22,11.53,11.105,613358,66.0821,65.0387,66.8356,64.372,102226.33333333331,-0.30000000000001137,-0.0044
2016-11-18,68.82,69.84,67.32,67.56,FI,237466.0,-0.5648710166919575,-0.5648710166919575,11.26,11.47,11.64,11.22,1424796,65.2705,66.4878,67.4733,65.0387,237466.0,1.5,0.0223
2016-11-21,71.58,71.7,70.08,70.08,FI,81349.83333333333,-0.5474203338391502,-0.5474203338391502,11.68,11.93,11.95,11.68,488099,67.7051,69.1543,69.2702,67.7051,81349.83333333333,2.760000000000005,0.0401
2016-11-22,70.74,71.22,70.14,71.22,FI,72959.83333333333,-0.552731411229135,-0.552731411229135,11.87,11.79,11.87,11.69,437759,69.2418,68.7751,69.2418,68.1918,72959.83333333333,-0.8400000000000034,-0.0117
2016-11-23,71.64,72.0,70.14,70.74,FI,36743.333333333336,-0.547040971168437,-0.547040971168437,11.79,11.94,12.0,11.69,220460,68.7751,69.6501,70.0001,68.1918,36743.333333333336,0.9000000000000057,0.0127
2016-11-25,71.88,71.88,71.1,71.64,FI,29384.166666666668,-0.5455235204855843,-0.5455235204855843,11.94,11.98,11.98,11.85,176305,69.6501,69.8835,69.8835,69.1251,29384.166666666668,0.23999999999999488,0.0034
2016-11-28,73.02,73.32,71.46,71.88,FI,121172.66666666669,-0.5383156297420334,-0.5383156297420334,11.98,12.17,12.22,11.91,727036,69.8835,70.9918,71.2835,69.4751,121172.66666666669,1.1400000000000006,0.0159
2016-11-29,71.76,72.39,71.31,71.64,FI,174717.66666666666,-0.5462822458270106,-0.5462822458270106,11.94,11.96,12.065,11.885,1048306,69.6501,69.7668,70.3793,69.3293,174717.66666666666,-1.259999999999991,-0.0173
2016-11-30,75.54,77.28,74.64,75.18,FI,134684.0,-0.5223823975720788,-0.5223823975720788,12.53,12.59,12.88,12.44,808104,73.0918,73.4418,75.1335,72.5668,134684.0,3.780000000000001,0.0527
2016-12-01,78.6,78.66,75.9462,77.1,FI,140578.66666666666,-0.5030349013657056,-0.5030349013657056,12.85,13.1,13.11,12.6577,843472,74.9585,76.4168,76.4751,73.8367,140578.66666666666,3.059999999999988,0.0405
2016-12-02,74.88,78.42,74.22,78.3,FI,181171.5,-0.5265553869499241,-0.5265553869499241,13.05,12.48,13.07,12.37,1087029,76.1251,72.8001,76.2418,72.1585,181171.5,-3.719999999999999,-0.0473
2016-12-05,75.6,76.32,74.7,75.42,FI,115022.5,-0.5220030349013657,-0.5220030349013657,12.57,12.6,12.72,12.45,690135,73.3251,73.5001,74.2001,72.6251,115022.5,0.7199999999999989,0.0096
2016-12-06,75.06,75.3,73.5,74.88,FI,114317.33333333331,-0.5254172989377845,-0.5254172989377845,12.48,12.51,12.55,12.25,685904,72.8001,72.9751,73.2085,71.4585,114317.33333333331,-0.539999999999992,-0.0071
2016-12-07,74.4,75.3,74.16,74.52,FI,132755.16666666666,-0.5295902883156297,-0.5295902883156297,12.42,12.4,12.55,12.36,796531,72.4501,72.3335,73.2085,72.1001,132755.16666666666,-0.6599999999999966,-0.0088
2016-12-08,76.08,76.32,73.74,74.28,FI,78502.83333333333,-0.5189681335356601,-0.5189681335356601,12.38,12.68,12.72,12.29,471017,72.2168,73.9668,74.2001,71.6918,78502.83333333333,1.6799999999999926,0.0226
2016-12-09,78.24,78.36,76.44,76.5,FI,128542.0,-0.5053110773899848,-0.5053110773899848,12.75,13.04,13.06,12.74,771252,74.3751,76.0668,76.1835,74.3168,128542.0,2.1599999999999966,0.0284
2016-12-12,78.96,81.42,78.36,80.4,FI,128190.83333333331,-0.5007587253414264,-0.5007587253414264,13.4,13.16,13.57,13.06,769145,78.1668,76.7668,79.1585,76.1835,128190.83333333331,0.7199999999999989,0.0092
2016-12-13,78.06,79.95,78.0,79.92,FI,143842.66666666666,-0.5064491654021244,-0.5064491654021244,13.32,13.01,13.325,13.0,863056,77.7001,75.8918,77.7293,75.8335,143842.66666666666,-0.8999999999999915,-0.0114
2016-12-14,75.48,77.94,75.0,77.22,FI,97728.16666666669,-0.5227617602427921,-0.5227617602427921,12.87,12.58,12.99,12.5,586369,75.0751,73.3835,75.7751,72.9168,97728.16666666669,-2.5799999999999983,-0.0331
2016-12-15,76.68,76.98,75.0,75.36,FI,82089.0,-0.5151745068285281,-0.5151745068285281,12.56,12.78,12.83,12.5,492534,73.2668,74.5501,74.8418,72.9168,82089.0,1.2000000000000028,0.0159
2016-12-16,75.42,76.02,72.84,72.84,FI,146895.33333333334,-0.5231411229135053,-0.5231411229135053,12.14,12.57,12.67,12.14,881372,70.8168,73.3251,73.9085,70.8168,146895.33333333334,-1.2600000000000051,-0.0164
2016-12-19,75.06,76.08,75.0,75.36,FI,75675.33333333333,-0.5254172989377845,-0.5254172989377845,12.56,12.51,12.68,12.5,454052,73.2668,72.9751,73.9668,72.9168,75675.33333333333,-0.35999999999999943,-0.0048
2016-12-20,75.06,76.32,75.0,75.66,FI,70018.66666666667,-0.5254172989377845,-0.5254172989377845,12.61,12.51,12.72,12.5,420112,73.5585,72.9751,74.2001,72.9168,70018.66666666667,0.0,0.0
2016-12-21,75.48,76.0794,74.7,75.12,FI,66184.0,-0.5227617602427921,-0.5227617602427921,12.52,12.58,12.6799,12.45,397104,73.0335,73.3835,73.9662,72.6251,66184.0,0.4200000000000017,0.0056
2016-12-22,75.24,76.14,75.18,75.9,FI,62037.0,-0.5242792109256449,-0.5242792109256449,12.65,12.54,12.69,12.53,372222,73.7918,73.1501,74.0251,73.0918,62037.0,-0.2400000000000091,-0.0032
2016-12-23,74.22,75.54,73.98,75.12,FI,154859.16666666666,-0.5307283763277694,-0.5307283763277694,12.52,12.37,12.59,12.33,929155,73.0335,72.1585,73.4418,71.9251,154859.16666666666,-1.019999999999996,-0.0136
2016-12-27,74.34,75.441,74.04,74.46,FI,73695.83333333333,-0.529969650986343,-0.529969650986343,12.41,12.39,12.5735,12.34,442175,72.3918,72.2751,73.3455,71.9835,73695.83333333333,0.12000000000000455,0.0016
2016-12-28,73.86,74.82,73.08,74.52,FI,55818.16666666666,-0.5330045523520486,-0.5330045523520486,12.42,12.31,12.47,12.18,334909,72.4501,71.8085,72.7418,71.0501,55818.16666666666,-0.480000000000004,-0.0065
2016-12-29,74.16,74.34,73.56,73.68,FI,62605.66666666666,-0.5311077389984825,-0.5311077389984825,12.28,12.36,12.39,12.26,375634,71.6335,72.1001,72.2751,71.5168,62605.66666666666,0.29999999999999716,0.0041
2016-12-30,73.86,74.4,73.26,73.92,FI,69399.66666666667,-0.5330045523520486,-0.5330045523520486,12.32,12.31,12.4,12.21,416398,71.8668,71.8085,72.3335,71.2251,69399.66666666667,-0.29999999999999716,-0.004
2017-01-03,75.6,77.49,74.94,75.18,FI,182037.3333333333,-0.5220030349013657,-0.5220030349013657,12.53,12.6,12.915,12.49,1092224,73.0918,73.5001,75.3376,72.8585,182037.3333333333,1.7399999999999949,0.0236
2017-01-04,74.4,75.72,72.96,75.36,FI,248300.8333333333,-0.5295902883156297,-0.5295902883156297,12.56,12.4,12.62,12.16,1489805,73.2668,72.3335,73.6168,70.9335,248300.8333333333,-1.1999999999999886,-0.0159
2017-01-05,73.44,74.94,72.72,74.46,FI,543923.1666666666,-0.5356600910470409,-0.5356600910470409,12.41,12.24,12.49,12.12,3263539,72.3918,71.4001,72.8585,70.7001,543923.1666666666,-0.960000000000008,-0.0129
2017-01-06,74.4,75.36,73.26,73.74,FI,285294.3333333333,-0.5295902883156297,-0.5295902883156297,12.29,12.4,12.56,12.21,1711766,71.6918,72.3335,73.2668,71.2251,285294.3333333333,0.960000000000008,0.0131
2017-01-09,74.52,75.24,72.6,74.16,FI,71320.66666666667,-0.5288315629742033,-0.5288315629742033,12.36,12.42,12.54,12.1,427924,72.1001,72.4501,73.1501,70.5835,71320.66666666667,0.11999999999999034,0.0016
2017-01-10,73.8,74.46,73.2,74.4,FI,88345.83333333333,-0.5333839150227617,-0.5333839150227617,12.4,12.3,12.41,12.2,530075,72.3335,71.7501,72.3918,71.1668,88345.83333333333,-0.7199999999999989,-0.0097
2017-01-11,74.4,75.18,73.62,73.62,FI,78745.66666666667,-0.5295902883156297,-0.5295902883156297,12.27,12.4,12.53,12.27,472474,71.5751,72.3335,73.0918,71.5751,78745.66666666667,0.6000000000000085,0.0081
2017-01-12,75.3,76.26,73.92,75.24,FI,104963.5,-0.5238998482549317,-0.5238998482549317,12.54,12.55,12.71,12.32,629781,73.1501,73.2085,74.1418,71.8668,104963.5,0.8999999999999915,0.0121
2017-01-13,75.72,75.9,74.7,75.06,FI,100585.66666666669,-0.5212443095599393,-0.5212443095599393,12.51,12.62,12.65,12.45,603514,72.9751,73.6168,73.7918,72.6251,100585.66666666669,0.4200000000000017,0.0056
2017-01-17,77.28,77.46,75.72,75.72,FI,112752.16666666669,-0.511380880121396,-0.511380880121396,12.62,12.88,12.91,12.62,676513,73.6168,75.1335,75.3085,73.6168,112752.16666666669,1.5600000000000023,0.0206
2017-01-18,74.82,76.29,74.34,76.26,FI,185948.66666666663,-0.5269347496206374,-0.5269347496206374,12.71,12.47,12.715,12.39,1115692,74.1418,72.7418,74.171,72.2751,185948.66666666663,-2.460000000000008,-0.0318
2017-01-19,75.24,76.02,74.22,75.24,FI,72644.83333333333,-0.5242792109256449,-0.5242792109256449,12.54,12.54,12.67,12.37,435869,73.1501,73.1501,73.9085,72.1585,72644.83333333333,0.4200000000000017,0.0056
2017-01-20,77.82,77.94,75.36,75.84,FI,97895.83333333331,-0.5079666160849773,-0.5079666160849773,12.64,12.97,12.99,12.56,587375,73.7335,75.6585,75.7751,73.2668,97895.83333333331,2.5799999999999983,0.0343
2017-01-23,75.78,77.46,74.82,77.16,FI,151614.66666666666,-0.5208649468892261,-0.5208649468892261,12.86,12.63,12.91,12.47,909688,75.0168,73.6751,75.3085,72.7418,151614.66666666666,-2.039999999999992,-0.0262
2017-01-24,75.84,76.8,75.48,75.72,FI,109577.33333333331,-0.5204855842185129,-0.5204855842185129,12.62,12.64,12.8,12.58,657464,73.6168,73.7335,74.6668,73.3835,109577.33333333331,0.060000000000002274,0.0008
2017-01-25,77.28,78.0,75.6,76.08,FI,172822.0,-0.511380880121396,-0.511380880121396,12.68,12.88,13.0,12.6,1036932,73.9668,75.1335,75.8335,73.5001,172822.0,1.4399999999999977,0.019
2017-01-26,75.0,78.0,74.82,77.7,FI,189745.8333333333,-0.5257966616084977,-0.5257966616084977,12.95,12.5,13.0,12.47,1138475,75.5418,72.9168,75.8335,72.7418,189745.8333333333,-2.280000000000001,-0.0295
2017-01-27,74.4,74.88,73.5,73.98,FI,136628.83333333334,-0.5295902883156297,-0.5295902883156297,12.33,12.4,12.48,12.25,819773,71.9251,72.3335,72.8001,71.4585,136628.83333333334,-0.5999999999999943,-0.008
2017-01-30,72.3,74.4,72.24,74.16,FI,95879.33333333331,-0.5428679817905918,-0.5428679817905918,12.36,12.05,12.4,12.04,575276,72.1001,70.2918,72.3335,70.2335,95879.33333333331,-2.1000000000000085,-0.0282
2017-01-31,71.04,73.08,70.83,72.12,FI,138218.66666666666,-0.550834597875569,-0.550834597875569,12.02,11.84,12.18,11.805,829312,70.1168,69.0668,71.0501,68.8626,138218.66666666666,-1.259999999999991,-0.0174
2017-02-01,72.72,72.96,70.98,71.34,FI,140113.5,-0.5402124430955993,-0.5402124430955993,11.89,12.12,12.16,11.83,840681,69.3585,70.7001,70.9335,69.0085,140113.5,1.6799999999999926,0.0236
2017-02-02,73.44,74.04,72.36,72.96,FI,113085.66666666669,-0.5356600910470409,-0.5356600910470409,12.16,12.24,12.34,12.06,678514,70.9335,71.4001,71.9835,70.3501,113085.66666666669,0.7199999999999989,0.0099
2017-02-03,76.14,76.2,73.38,73.38,FI,94367.0,-0.5185887708649469,-0.5185887708649469,12.23,12.69,12.7,12.23,566202,71.3418,74.0251,74.0835,71.3418,94367.0,2.700000000000003,0.0368
2017-02-06,75.36,76.38,74.88,76.02,FI,78003.33333333333,-0.5235204855842185,-0.5235204855842185,12.67,12.56,12.73,12.48,468020,73.9085,73.2668,74.2585,72.8001,78003.33333333333,-0.7800000000000011,-0.0102
2017-02-07,75.6,76.02,74.94,75.06,FI,181867.5,-0.5220030349013657,-0.5220030349013657,12.51,12.6,12.67,12.49,1091205,72.9751,73.5001,73.9085,72.8585,181867.5,0.23999999999999488,0.0032
2017-02-08,74.52,75.96,74.16,75.06,FI,124369.83333333331,-0.5288315629742033,-0.5288315629742033,12.51,12.42,12.66,12.36,746219,72.9751,72.4501,73.8501,72.1001,124369.83333333331,-1.0799999999999983,-0.0143
2017-02-09,75.18,75.75,74.52,75.24,FI,74849.16666666667,-0.524658573596358,-0.524658573596358,12.54,12.53,12.625,12.42,449095,73.1501,73.0918,73.646,72.4501,74849.16666666667,0.6600000000000108,0.0089
2017-02-10,75.6,76.26,75.12,75.84,FI,127031.83333333331,-0.5220030349013657,-0.5220030349013657,12.64,12.6,12.71,12.52,762191,73.7335,73.5001,74.1418,73.0335,127031.83333333331,0.4199999999999875,0.0056
2017-02-13,76.56,76.62,75.15,75.42,FI,74356.0,-0.5159332321699545,-0.5159332321699545,12.57,12.76,12.77,12.525,446136,73.3251,74.4335,74.4918,73.0626,74356.0,0.960000000000008,0.0127
2017-02-14,76.08,76.92,75.84,76.92,FI,70464.83333333333,-0.5189681335356601,-0.5189681335356601,12.82,12.68,12.82,12.64,422789,74.7835,73.9668,74.7835,73.7335,70464.83333333333,-0.480000000000004,-0.0063
2017-02-15,75.3,75.96,75.24,75.66,FI,82123.16666666667,-0.5238998482549317,-0.5238998482549317,12.61,12.55,12.66,12.54,492739,73.5585,73.2085,73.8501,73.1501,82123.16666666667,-0.7800000000000011,-0.0103
2017-02-16,75.12,75.72,74.7,74.76,FI,254310.3333333333,-0.5250379362670713,-0.5250379362670713,12.46,12.52,12.62,12.45,1525862,72.6835,73.0335,73.6168,72.6251,254310.3333333333,-0.1799999999999926,-0.0024
2017-02-17,74.64,75.06,73.02,74.22,FI,94488.83333333331,-0.5280728376327769,-0.5280728376327769,12.37,12.44,12.51,12.17,566933,72.1585,72.5668,72.9751,70.9918,94488.83333333331,-0.480000000000004,-0.0064
2017-02-21,75.66,76.44,74.52,75.0,FI,162682.33333333334,-0.5216236722306525,-0.5216236722306525,12.5,12.61,12.74,12.42,976094,72.9168,73.5585,74.3168,72.4501,162682.33333333334,1.019999999999996,0.0137
2017-02-22,75.12,75.9,74.22,75.36,FI,141924.83333333334,-0.5250379362670713,-0.5250379362670713,12.56,12.52,12.65,12.37,851549,73.2668,73.0335,73.7918,72.1585,141924.83333333334,-0.539999999999992,-0.0071
2017-02-23,74.94,76.68,73.8,74.4,FI,132829.66666666666,-0.526176024279211,-0.526176024279211,12.4,12.49,12.78,12.3,796978,72.3335,72.8585,74.5501,71.7501,132829.66666666666,-0.18000000000000682,-0.0024
2017-02-24,74.28,75.18,72.84,73.86,FI,234595.3333333333,-0.5303490136570561,-0.5303490136570561,12.31,12.38,12.53,12.14,1407572,71.8085,72.2168,73.0918,70.8168,234595.3333333333,-0.6599999999999966,-0.0088
2017-02-27,75.48,75.96,72.9,74.16,FI,357512.8333333333,-0.5227617602427921,-0.5227617602427921,12.36,12.58,12.66,12.15,2145077,72.1001,73.3835,73.8501,70.8751,357512.8333333333,1.2000000000000028,0.0162
2017-02-28,73.2,75.42,72.78,75.18,FI,397303.3333333333,-0.5371775417298937,-0.5371775417298937,12.53,12.2,12.57,12.13,2383820,73.0918,71.1668,73.3251,70.7585,397303.3333333333,-2.280000000000001,-0.0302
2017-03-01,73.2,74.22,73.02,73.14,FI,268627.8333333333,-0.5371775417298937,-0.5371775417298937,12.19,12.2,12.37,12.17,1611767,71.1085,71.1668,72.1585,70.9918,268627.8333333333,0.0,0.0
2017-03-02,72.0,72.48,71.4,71.88,FI,341737.8333333333,-0.5447647951441578,-0.5447647951441578,11.98,12.0,12.08,11.9,2050427,70.3157,70.4331,70.9027,69.8462,341737.8333333333,-1.2000000000000028,-0.0164
2017-03-03,67.32,71.76,67.02,71.28,FI,278232.8333333333,-0.5743550834597876,-0.5743550834597876,11.88,11.22,11.96,11.17,1669397,69.7288,65.855,70.1983,65.5615,278232.8333333333,-4.680000000000007,-0.065
2017-03-06,64.74,66.84,62.7,66.84,FI,394425.6666666667,-0.5906676783004553,-0.5906676783004553,11.14,10.79,11.14,10.45,2366554,65.3854,63.3311,65.3854,61.3355,394425.6666666667,-2.5799999999999983,-0.0383
2017-03-07,63.48,65.16,63.3,64.98,FI,172742.33333333334,-0.5986342943854325,-0.5986342943854325,10.83,10.58,10.86,10.55,1036454,63.5659,62.0985,63.742,61.9224,172742.33333333334,-1.259999999999998,-0.0195
2017-03-08,61.8,63.12,60.6,62.94,FI,329094.5,-0.6092564491654021,-0.6092564491654021,10.49,10.3,10.52,10.1,1974567,61.5703,60.4551,61.7464,59.2812,329094.5,-1.6799999999999997,-0.0265
2017-03-09,62.58,63.24,59.88,61.74,FI,261187.16666666663,-0.6043247344461306,-0.6043247344461306,10.29,10.43,10.54,9.98,1567123,60.3964,61.2181,61.8638,58.5769,261187.16666666663,0.7800000000000011,0.0126
2017-03-10,61.68,63.48,61.02,62.94,FI,270814.8333333333,-0.6100151745068285,-0.6100151745068285,10.49,10.28,10.58,10.17,1624889,61.5703,60.3377,62.0985,59.6921,270814.8333333333,-0.8999999999999986,-0.0144
2017-03-13,61.5,62.04,61.02,61.5,FI,124651.33333333331,-0.6111532625189682,-0.6111532625189682,10.25,10.25,10.34,10.17,747908,60.1616,60.1616,60.6899,59.6921,124651.33333333331,-0.17999999999999972,-0.0029
2017-03-14,61.44,61.68,59.64,61.02,FI,197259.8333333333,-0.6115326251896813,-0.6115326251896813,10.17,10.24,10.28,9.94,1183559,59.6921,60.1029,60.3377,58.3421,197259.8333333333,-0.060000000000002274,-0.001
2017-03-15,61.14,62.1,59.88,62.04,FI,329254.3333333333,-0.6134294385432474,-0.6134294385432474,10.34,10.19,10.35,9.98,1975526,60.6899,59.8095,60.7486,58.5769,329254.3333333333,-0.29999999999999716,-0.0049
2017-03-16,60.6,61.56,60.27,61.56,FI,128620.83333333331,-0.6168437025796661,-0.6168437025796661,10.26,10.1,10.26,10.045,771725,60.2203,59.2812,60.2203,58.9584,128620.83333333331,-0.5399999999999991,-0.0088
2017-03-17,61.26,61.26,59.94,60.3,FI,184853.8333333333,-0.612670713201821,-0.612670713201821,10.05,10.21,10.21,9.99,1109123,58.9877,59.9268,59.9268,58.6356,184853.8333333333,0.6599999999999966,0.0109
2017-03-20,60.6,61.44,59.52,60.84,FI,144410.83333333334,-0.6168437025796661,-0.6168437025796661,10.14,10.1,10.24,9.92,866465,59.516,59.2812,60.1029,58.2247,144410.83333333334,-0.6599999999999966,-0.0108
2017-03-21,59.46,61.2,58.56,61.2,FI,139991.33333333334,-0.6240515933232169,-0.6240515933232169,10.2,9.91,10.2,9.76,839948,59.8681,58.166,59.8681,57.2856,139991.33333333334,-1.1400000000000006,-0.0188
2017-03-22,57.72,59.52,57.54,59.4,FI,207511.3333333333,-0.6350531107738998,-0.6350531107738998,9.9,9.62,9.92,9.59,1245068,58.1073,56.4639,58.2247,56.2878,207511.3333333333,-1.740000000000002,-0.0293
2017-03-23,59.04,59.7,55.2,55.2,FI,438992.8333333333,-0.6267071320182095,-0.6267071320182095,9.2,9.84,9.95,9.2,2633957,53.9987,57.7552,58.4008,53.9987,438992.8333333333,1.3200000000000003,0.0229
2017-03-24,60.0,63.06,59.46,60.06,FI,285732.8333333333,-0.6206373292867982,-0.6206373292867982,10.01,10.0,10.51,9.91,1714397,58.753,58.6943,61.6877,58.166,285732.8333333333,0.9600000000000009,0.0163
2017-03-27,60.12,60.42,58.6632,59.04,FI,167223.83333333334,-0.6198786039453718,-0.6198786039453718,9.84,10.02,10.07,9.7772,1003343,57.7552,58.8117,59.1051,57.3866,167223.83333333334,0.11999999999999744,0.002
2017-03-28,61.44,62.04,60.42,60.48,FI,173454.0,-0.6115326251896813,-0.6115326251896813,10.08,10.24,10.34,10.07,1040724,59.1638,60.1029,60.6899,59.1051,173454.0,1.3200000000000003,0.022
2017-03-29,62.52,62.94,61.14,61.5,FI,148875.33333333334,-0.6047040971168436,-0.6047040971168436,10.25,10.42,10.49,10.19,893252,60.1616,61.1594,61.5703,59.8095,148875.33333333334,1.0800000000000054,0.0176
2017-03-30,62.1,63.6,62.07,62.94,FI,115880.83333333331,-0.6073596358118362,-0.6073596358118362,10.49,10.35,10.6,10.345,695285,61.5703,60.7486,62.2159,60.7192,115880.83333333331,-0.4200000000000017,-0.0067
2017-03-31,63.42,63.48,61.86,62.22,FI,166005.16666666666,-0.5990136570561456,-0.5990136570561456,10.37,10.57,10.58,10.31,996031,60.866,62.0398,62.0985,60.5138,166005.16666666666,1.3200000000000003,0.0213
2017-04-03,62.64,63.9,62.04,63.6,FI,214316.5,-0.6039453717754173,-0.6039453717754173,10.6,10.44,10.65,10.34,1285899,62.2159,61.2768,62.5094,60.6899,214316.5,-0.7800000000000011,-0.0123
2017-04-04,63.0,63.24,62.22,62.52,FI,201796.0,-0.6016691957511381,-0.6016691957511381,10.42,10.5,10.54,10.37,1210776,61.1594,61.629,61.8638,60.866,201796.0,0.35999999999999943,0.0057
2017-04-05,60.3,63.96,60.24,63.42,FI,284939.1666666667,-0.6187405159332322,-0.6187405159332322,10.57,10.05,10.66,10.04,1709635,62.0398,58.9877,62.5681,58.929,284939.1666666667,-2.700000000000003,-0.0429
2017-04-06,60.66,61.2,59.94,60.66,FI,139187.0,-0.616464339908953,-0.616464339908953,10.11,10.11,10.2,9.99,835122,59.3399,59.3399,59.8681,58.6356,139187.0,0.35999999999999943,0.006
2017-04-07,60.72,61.44,60.24,60.6,FI,92519.16666666669,-0.6160849772382397,-0.6160849772382397,10.1,10.12,10.24,10.04,555115,59.2812,59.3986,60.1029,58.929,92519.16666666669,0.060000000000002274,0.001
2017-04-10,61.86,62.22,60.78,61.14,FI,96591.0,-0.608877086494689,-0.608877086494689,10.19,10.31,10.37,10.13,579546,59.8095,60.5138,60.866,59.4573,96591.0,1.1400000000000006,0.0188
2017-04-11,61.32,62.1,60.96,61.98,FI,96733.0,-0.6122913505311077,-0.6122913505311077,10.33,10.22,10.35,10.16,580398,60.6312,59.9855,60.7486,59.6334,96733.0,-0.5399999999999991,-0.0087
2017-04-12,61.2,62.04,60.78,61.38,FI,110308.83333333331,-0.6130500758725341,-0.6130500758725341,10.23,10.2,10.34,10.13,661853,60.0442,59.8681,60.6899,59.4573,110308.83333333331,-0.11999999999999744,-0.002
2017-04-13,59.22,61.2,58.98,61.2,FI,115460.83333333331,-0.6255690440060698,-0.6255690440060698,10.2,9.87,10.2,9.83,692765,59.8681,57.9312,59.8681,57.6965,115460.83333333331,-1.980000000000004,-0.0324
2017-04-17,59.7,59.76,58.86,59.28,FI,170409.66666666666,-0.6225341426403641,-0.6225341426403641,9.88,9.95,9.96,9.81,1022458,57.9899,58.4008,58.4595,57.5791,170409.66666666666,0.480000000000004,0.0081
2017-04-18,58.56,59.22,56.82,59.04,FI,294369.0,-0.629742033383915,-0.629742033383915,9.84,9.76,9.87,9.47,1766214,57.7552,57.2856,57.9312,55.5835,294369.0,-1.1400000000000006,-0.0191
2017-04-19,56.52,58.86,56.4,58.86,FI,102900.16666666669,-0.6426403641881638,-0.6426403641881638,9.81,9.42,9.81,9.4,617401,57.5791,55.29,57.5791,55.1726,102900.16666666669,-2.039999999999999,-0.0348
2017-04-20,56.46,57.54,56.28,56.7,FI,106833.16666666669,-0.643019726858877,-0.643019726858877,9.45,9.41,9.59,9.38,640999,55.4661,55.2313,56.2878,55.0552,106833.16666666669,-0.060000000000002274,-0.0011
2017-04-21,55.8,56.4,55.14,56.4,FI,72131.66666666667,-0.6471927162367224,-0.6471927162367224,9.4,9.3,9.4,9.19,432790,55.1726,54.5857,55.1726,53.94,72131.66666666667,-0.6600000000000037,-0.0117
2017-04-24,55.2,56.46,55.02,56.28,FI,145362.0,-0.6509863429438543,-0.6509863429438543,9.38,9.2,9.41,9.17,872172,55.0552,53.9987,55.2313,53.8226,145362.0,-0.5999999999999943,-0.0108
2017-04-25,55.2,55.86,54.66,55.32,FI,202907.0,-0.6509863429438543,-0.6509863429438543,9.22,9.2,9.31,9.11,1217442,54.1161,53.9987,54.6444,53.4705,202907.0,0.0,0.0
2017-04-26,56.22,57.0,54.66,54.9,FI,149647.83333333334,-0.6445371775417299,-0.6445371775417299,9.15,9.37,9.5,9.11,897887,53.7053,54.9965,55.7596,53.4705,149647.83333333334,1.019999999999996,0.0185
2017-04-27,55.2,55.74,54.24,55.74,FI,89181.66666666667,-0.6509863429438543,-0.6509863429438543,9.29,9.2,9.29,9.04,535090,54.527,53.9987,54.527,53.0596,89181.66666666667,-1.019999999999996,-0.0181
2017-04-28,54.6,55.68,54.33,55.68,FI,113793.5,-0.6547799696509864,-0.6547799696509864,9.28,9.1,9.28,9.055,682761,54.4683,53.4118,54.4683,53.1477,113793.5,-0.6000000000000014,-0.0109
2017-05-01,54.06,54.78,53.52,54.36,FI,134060.0,-0.6581942336874052,-0.6581942336874052,9.06,9.01,9.13,8.92,804360,53.177,52.8835,53.5879,52.3553,134060.0,-0.5399999999999991,-0.0099
2017-05-02,54.9,55.14,53.34,54.06,FI,277666.1666666667,-0.6528831562974203,-0.6528831562974203,9.01,9.15,9.19,8.89,1665997,52.8835,53.7053,53.94,52.1792,277666.1666666667,0.8399999999999963,0.0155
2017-05-03,50.76,54.48,50.46,54.12,FI,279979.5,-0.6790591805766313,-0.6790591805766313,9.02,8.46,9.08,8.41,1679877,52.9422,49.6553,53.2944,49.3619,279979.5,-4.140000000000001,-0.0754
2017-05-04,51.3,52.02,50.16,50.58,FI,309694.3333333333,-0.6756449165402124,-0.6756449165402124,8.43,8.55,8.67,8.36,1858166,49.4793,50.1836,50.8879,49.0684,309694.3333333333,0.5399999999999991,0.0106
2017-05-05,52.2,52.26,51.09,51.3,FI,240718.5,-0.6699544764795143,-0.6699544764795143,8.55,8.7,8.71,8.515,1444311,50.1836,51.064,51.1227,49.9782,240718.5,0.9000000000000057,0.0175
2017-05-08,51.84,52.53,50.58,52.38,FI,285572.1666666667,-0.6722306525037935,-0.6722306525037935,8.73,8.64,8.755,8.43,1713433,51.2401,50.7118,51.3868,49.4793,285572.1666666667,-0.35999999999999943,-0.0069
2017-05-09,51.0,51.96,50.64,51.96,FI,106725.16666666669,-0.6775417298937785,-0.6775417298937785,8.66,8.5,8.66,8.44,640351,50.8292,49.8901,50.8292,49.538,106725.16666666669,-0.8400000000000034,-0.0162
2017-05-10,51.12,51.78,50.88,51.06,FI,155400.66666666666,-0.676783004552352,-0.676783004552352,8.51,8.52,8.63,8.48,932404,49.9488,50.0075,50.6532,49.7727,155400.66666666666,0.11999999999999744,0.0024
2017-05-11,51.0,51.66,50.67,51.3,FI,82635.33333333333,-0.6775417298937785,-0.6775417298937785,8.55,8.5,8.61,8.445,495812,50.1836,49.8901,50.5358,49.5673,82635.33333333333,-0.11999999999999744,-0.0023
2017-05-12,48.96,51.06,48.9,51.06,FI,106659.5,-0.6904400606980272,-0.6904400606980272,8.51,8.16,8.51,8.15,639957,49.9488,47.8945,49.9488,47.8358,106659.5,-2.039999999999999,-0.04
2017-05-15,49.5,50.46,49.14,49.86,FI,105100.33333333331,-0.6870257966616085,-0.6870257966616085,8.31,8.25,8.41,8.19,630602,48.7749,48.4228,49.3619,48.0706,105100.33333333331,0.5399999999999991,0.011
2017-05-16,49.14,50.22,48.9,49.86,FI,105049.33333333331,-0.6893019726858877,-0.6893019726858877,8.31,8.19,8.37,8.15,630296,48.7749,48.0706,49.1271,47.8358,105049.33333333331,-0.35999999999999943,-0.0073
2017-05-17,48.12,49.2,47.76,48.84,FI,110339.5,-0.6957511380880121,-0.6957511380880121,8.14,8.02,8.2,7.96,662037,47.7771,47.0728,48.1293,46.7206,110339.5,-1.0200000000000031,-0.0208
2017-05-18,49.44,49.62,47.76,47.94,FI,107090.5,-0.6874051593323217,-0.6874051593323217,7.99,8.24,8.27,7.96,642543,46.8967,48.3641,48.5402,46.7206,107090.5,1.3200000000000003,0.0274
2017-05-19,50.22,51.0,49.26,49.74,FI,164582.83333333334,-0.68247344461305,-0.68247344461305,8.29,8.37,8.5,8.21,987497,48.6575,49.1271,49.8901,48.188,164582.83333333334,0.7800000000000011,0.0158
2017-05-22,50.4,51.12,50.22,50.64,FI,113639.5,-0.6813353566009104,-0.6813353566009104,8.44,8.4,8.52,8.37,681837,49.538,49.3032,50.0075,49.1271,113639.5,0.17999999999999972,0.0036
2017-05-23,48.9,50.28,48.9,50.28,FI,93447.66666666669,-0.6908194233687405,-0.6908194233687405,8.38,8.15,8.38,8.15,560686,49.1858,47.8358,49.1858,47.8358,93447.66666666669,-1.5,-0.0298
2017-05-24,47.76,49.02,47.76,48.72,FI,101149.33333333331,-0.6980273141122914,-0.6980273141122914,8.12,7.96,8.17,7.96,606896,47.6597,46.7206,47.9532,46.7206,101149.33333333331,-1.1400000000000006,-0.0233
2017-05-25,45.84,48.78,45.75,47.76,FI,153836.16666666666,-0.7101669195751138,-0.7101669195751138,7.96,7.64,8.13,7.625,923017,46.7206,44.8424,47.7184,44.7544,153836.16666666666,-1.9199999999999946,-0.0402
2017-05-26,45.36,45.87,45.0,45.78,FI,159253.5,-0.7132018209408194,-0.7132018209408194,7.63,7.56,7.645,7.5,955521,44.7837,44.3729,44.8718,44.0207,159253.5,-0.480000000000004,-0.0105
2017-05-30,44.28,45.42,44.1,44.82,FI,151364.33333333334,-0.720030349013657,-0.720030349013657,7.47,7.38,7.57,7.35,908186,43.8446,43.3164,44.4316,43.1403,151364.33333333334,-1.0799999999999983,-0.0238
2017-05-31,44.88,44.88,42.12,43.44,FI,195040.16666666663,-0.716236722306525,-0.716236722306525,7.24,7.48,7.48,7.02,1170241,42.9309,44.3541,44.3541,41.6264,195040.16666666663,0.6000000000000014,0.0136
2017-06-01,46.8,47.34,44.34,45.0,FI,256284.0,-0.7040971168437026,-0.7040971168437026,7.5,7.8,7.89,7.39,1537704,44.4727,46.2516,46.7852,43.8204,256284.0,1.9199999999999946,0.0428
2017-06-02,46.02,46.74,45.48,46.5,FI,200854.16666666663,-0.7090288315629741,-0.7090288315629741,7.75,7.67,7.79,7.58,1205125,45.9551,45.4807,46.1923,44.947,200854.16666666663,-0.779999999999994,-0.0167
2017-06-05,47.7,48.24,45.9,45.9,FI,184463.8333333333,-0.6984066767830045,-0.6984066767830045,7.65,7.95,8.04,7.65,1106783,45.3621,47.141,47.6747,45.3621,184463.8333333333,1.6799999999999997,0.0365
2017-06-06,48.72,48.84,46.56,47.46,FI,131366.66666666666,-0.6919575113808801,-0.6919575113808801,7.91,8.12,8.14,7.76,788200,46.9038,48.1491,48.2677,46.0144,131366.66666666666,1.019999999999996,0.0214
2017-06-07,46.14,49.08,45.96,48.42,FI,223962.66666666663,-0.7082701062215477,-0.7082701062215477,8.07,7.69,8.18,7.66,1343776,47.8526,45.5993,48.5048,45.4214,223962.66666666663,-2.5799999999999983,-0.053
2017-06-08,47.7,47.7,45.9,45.9,FI,135491.33333333334,-0.6984066767830045,-0.6984066767830045,7.65,7.95,7.95,7.65,812948,45.3621,47.141,47.141,45.3621,135491.33333333334,1.5600000000000023,0.0338
2017-06-09,49.68,50.37,47.34,47.82,FI,214017.66666666663,-0.6858877086494688,-0.6858877086494688,7.97,8.28,8.395,7.89,1284106,47.2596,49.0978,49.7797,46.7852,214017.66666666663,1.9799999999999969,0.0415
2017-06-12,50.34,52.998,50.3142,50.4,FI,207016.5,-0.6817147192716236,-0.6817147192716236,8.4,8.39,8.833,8.3857,1242099,49.8094,49.7501,52.3769,49.7246,207016.5,0.6600000000000037,0.0133
2017-06-13,51.36,51.93,50.04,50.58,FI,147377.0,-0.6752655538694993,-0.6752655538694993,8.43,8.56,8.655,8.34,884262,49.9873,50.7581,51.3214,49.4536,147377.0,1.019999999999996,0.0203
2017-06-14,49.56,51.06,48.45,51.06,FI,185974.5,-0.6866464339908953,-0.6866464339908953,8.51,8.26,8.51,8.075,1115847,50.4616,48.9792,50.4616,47.8822,185974.5,-1.7999999999999972,-0.035
2017-06-15,49.26,50.34,48.12,49.32,FI,185039.3333333333,-0.6885432473444614,-0.6885432473444614,8.22,8.21,8.39,8.02,1110236,48.742,48.6827,49.7501,47.5561,185039.3333333333,-0.30000000000000426,-0.0061
2017-06-16,51.12,51.12,48.72,49.5,FI,223887.5,-0.676783004552352,-0.676783004552352,8.25,8.52,8.52,8.12,1343325,48.9199,50.5209,50.5209,48.1491,223887.5,1.8599999999999994,0.0378
2017-06-19,49.56,51.6,48.84,50.88,FI,188878.16666666663,-0.6866464339908953,-0.6866464339908953,8.48,8.26,8.6,8.14,1133269,50.2838,48.9792,50.9953,48.2677,188878.16666666663,-1.5599999999999952,-0.0305
2017-06-20,48.06,48.78,46.92,48.72,FI,236980.66666666663,-0.6961305007587253,-0.6961305007587253,8.12,8.01,8.13,7.82,1421884,48.1491,47.4968,48.2084,46.3702,236980.66666666663,-1.5,-0.0303
2017-06-21,46.56,46.65,44.46,44.76,FI,345554.8333333333,-0.7056145675265554,-0.7056145675265554,7.46,7.76,7.775,7.41,2073329,44.2355,46.0144,46.1033,43.939,345554.8333333333,-1.5,-0.0312
2017-06-22,45.9,47.52,45.54,46.92,FI,183252.8333333333,-0.7097875569044005,-0.7097875569044005,7.82,7.65,7.92,7.59,1099517,46.3702,45.3621,46.9631,45.0063,183252.8333333333,-0.6600000000000037,-0.0142
2017-06-23,46.68,46.98,45.75,46.08,FI,1024920.3333333334,-0.704855842185129,-0.704855842185129,7.68,7.78,7.83,7.625,6149522,45.54,46.133,46.4295,45.2139,1024920.3333333334,0.7800000000000011,0.017
2017-06-26,46.2,47.22,45.66,47.04,FI,239421.66666666663,-0.7078907435508346,-0.7078907435508346,7.84,7.7,7.87,7.61,1436530,46.4887,45.6586,46.6666,45.1249,239421.66666666663,-0.4799999999999969,-0.0103
2017-06-27,47.46,48.78,46.32,46.38,FI,203911.66666666663,-0.6999241274658573,-0.6999241274658573,7.73,7.91,8.13,7.72,1223470,45.8365,46.9038,48.2084,45.7772,203911.66666666663,1.259999999999998,0.0273
2017-06-28,47.94,48.66,46.44,47.04,FI,328243.1666666667,-0.6968892261001518,-0.6968892261001518,7.84,7.99,8.11,7.74,1969459,46.4887,47.3782,48.0898,45.8958,328243.1666666667,0.4799999999999969,0.0101
2017-06-29,49.44,51.03,48.18,48.18,FI,173372.5,-0.6874051593323217,-0.6874051593323217,8.03,8.24,8.505,8.03,1040235,47.6154,48.8606,50.432,47.6154,173372.5,1.5,0.0313
2017-06-30,49.74,50.64,48.87,49.74,FI,199377.5,-0.6855083459787557,-0.6855083459787557,8.29,8.29,8.44,8.145,1196265,49.1571,49.1571,50.0466,48.2973,199377.5,0.30000000000000426,0.0061
2017-07-03,51.66,52.32,49.98,49.98,FI,78604.66666666667,-0.6733687405159332,-0.6733687405159332,8.33,8.61,8.72,8.33,471628,49.3943,51.0546,51.7069,49.3943,78604.66666666667,1.9199999999999946,0.0386
2017-07-05,49.14,51.3,48.0,51.3,FI,218210.0,-0.6893019726858877,-0.6893019726858877,8.55,8.19,8.55,8.0,1309260,50.6988,48.5641,50.6988,47.4375,218210.0,-2.519999999999996,-0.0488
2017-07-06,47.64,50.76,47.58,49.5,FI,291071.5,-0.6987860394537178,-0.6987860394537178,8.25,7.94,8.46,7.93,1746429,48.9199,47.0817,50.1652,47.0224,291071.5,-1.5,-0.0305
2017-07-07,47.4,47.49,45.9,47.34,FI,194328.8333333333,-0.7003034901365706,-0.7003034901365706,7.89,7.9,7.915,7.65,1165973,46.7852,46.8445,46.9335,45.3621,194328.8333333333,-0.240000000000002,-0.005
2017-07-10,47.46,48.42,46.62,46.92,FI,264831.0,-0.6999241274658573,-0.6999241274658573,7.82,7.91,8.07,7.77,1588986,46.3702,46.9038,47.8526,46.0737,264831.0,0.060000000000002274,0.0013
2017-07-11,48.84,49.14,46.92,47.46,FI,180510.0,-0.6911987860394537,-0.6911987860394537,7.91,8.14,8.19,7.82,1083060,46.9038,48.2677,48.5641,46.3702,180510.0,1.3800000000000026,0.0291
2017-07-12,49.02,50.52,48.54,49.44,FI,140047.66666666666,-0.6900606980273141,-0.6900606980273141,8.24,8.17,8.42,8.09,840286,48.8606,48.4455,49.928,47.9712,140047.66666666666,0.17999999999999972,0.0037
2017-07-13,50.22,50.28,47.82,48.96,FI,151520.0,-0.68247344461305,-0.68247344461305,8.16,8.37,8.38,7.97,909120,48.3863,49.6315,49.6908,47.2596,151520.0,1.1999999999999957,0.0245
2017-07-14,51.18,51.24,50.04,50.4,FI,71133.66666666667,-0.6764036418816388,-0.6764036418816388,8.4,8.53,8.54,8.34,426802,49.8094,50.5802,50.6395,49.4536,71133.66666666667,0.9600000000000009,0.0191
2017-07-17,51.06,51.84,50.34,51.06,FI,97588.5,-0.6771623672230652,-0.6771623672230652,8.51,8.51,8.64,8.39,585531,50.4616,50.4616,51.2325,49.7501,97588.5,-0.11999999999999744,-0.0023
2017-07-18,50.4,51.72,49.74,51.42,FI,131993.5,-0.6813353566009104,-0.6813353566009104,8.57,8.4,8.62,8.29,791961,50.8174,49.8094,51.1139,49.1571,131993.5,-0.6600000000000037,-0.0129
2017-07-19,53.1,53.34,50.22,50.22,FI,253723.8333333333,-0.6642640364188164,-0.6642640364188164,8.37,8.85,8.89,8.37,1522343,49.6315,52.4777,52.7149,49.6315,253723.8333333333,2.700000000000003,0.0536
2017-07-20,54.24,54.9,52.98,53.28,FI,308041.1666666667,-0.6570561456752655,-0.6570561456752655,8.88,9.04,9.15,8.83,1848247,52.6556,53.6044,54.2566,52.3591,308041.1666666667,1.1400000000000006,0.0215
2017-07-21,50.82,54.84,50.82,54.42,FI,221171.66666666663,-0.6786798179059181,-0.6786798179059181,9.07,8.47,9.14,8.47,1327030,53.7823,50.2245,54.1973,50.2245,221171.66666666663,-3.4200000000000017,-0.0631
2017-07-24,49.68,51.0,49.08,51.0,FI,166356.0,-0.6858877086494688,-0.6858877086494688,8.5,8.28,8.5,8.18,998136,50.4023,49.0978,50.4023,48.5048,166356.0,-1.1400000000000006,-0.0224
2017-07-25,50.22,50.88,50.04,50.34,FI,224318.5,-0.68247344461305,-0.68247344461305,8.39,8.37,8.48,8.34,1345911,49.7501,49.6315,50.2838,49.4536,224318.5,0.5399999999999991,0.0109
2017-07-26,49.62,50.52,49.05,50.52,FI,172504.16666666666,-0.686267071320182,-0.686267071320182,8.42,8.27,8.42,8.175,1035025,49.928,49.0385,49.928,48.4752,172504.16666666666,-0.6000000000000014,-0.0119
2017-07-27,49.86,50.55,48.96,49.56,FI,169000.0,-0.6847496206373292,-0.6847496206373292,8.26,8.31,8.425,8.16,1014000,48.9792,49.2757,49.9576,48.3863,169000.0,0.240000000000002,0.0048
2017-07-28,49.62,51.54,49.14,49.86,FI,191481.3333333333,-0.686267071320182,-0.686267071320182,8.31,8.27,8.59,8.19,1148888,49.2757,49.0385,50.936,48.5641,191481.3333333333,-0.240000000000002,-0.0048
2017-07-31,48.6,49.56,47.22,49.56,FI,144618.0,-0.6927162367223065,-0.6927162367223065,8.26,8.1,8.26,7.87,867708,48.9792,48.0305,48.9792,46.6666,144618.0,-1.019999999999996,-0.0206
2017-08-01,47.88,48.66,47.31,48.66,FI,133814.83333333334,-0.697268588770865,-0.697268588770865,8.11,7.98,8.11,7.885,802889,48.0898,47.3189,48.0898,46.7556,133814.83333333334,-0.7199999999999989,-0.0148
2017-08-02,48.3,48.6,47.1,47.58,FI,170246.5,-0.6946130500758726,-0.6946130500758726,7.93,8.05,8.1,7.85,1021479,47.0224,47.734,48.0305,46.548,170246.5,0.4199999999999946,0.0088
2017-08-03,47.28,48.54,47.1,48.36,FI,147761.33333333334,-0.701062215477997,-0.701062215477997,8.06,7.88,8.09,7.85,886568,47.7933,46.7259,47.9712,46.548,147761.33333333334,-1.019999999999996,-0.0211
2017-08-04,48.0,48.18,46.98,47.52,FI,293575.8333333333,-0.6965098634294385,-0.6965098634294385,7.92,8.0,8.03,7.83,1761455,46.9631,47.4375,47.6154,46.4295,293575.8333333333,0.7199999999999989,0.0152
2017-08-07,43.74,48.0,43.44,48.0,FI,239362.5,-0.7234446130500758,-0.7234446130500758,8.0,7.29,8.0,7.24,1436175,47.4375,43.2274,47.4375,42.9309,239362.5,-4.259999999999998,-0.0887
2017-08-08,42.36,43.77,42.0,43.2,FI,194135.5,-0.7321699544764795,-0.7321699544764795,7.2,7.06,7.295,7.0,1164813,42.6938,41.8636,43.2571,41.5078,194135.5,-1.3800000000000026,-0.0316
2017-08-09,42.06,42.6,41.52,42.3,FI,245954.8333333333,-0.7340667678300455,-0.7340667678300455,7.05,7.01,7.1,6.92,1475729,41.8043,41.5671,42.1008,41.0334,245954.8333333333,-0.29999999999999716,-0.0071
2017-08-10,42.6,43.26,41.82,41.94,FI,314032.8333333333,-0.7306525037936268,-0.7306525037936268,6.99,7.1,7.21,6.97,1884197,41.4485,42.1008,42.753,41.3299,314032.8333333333,0.5399999999999991,0.0128
2017-08-11,42.96,43.14,41.94,41.94,FI,146857.33333333334,-0.7283763277693475,-0.7283763277693475,6.99,7.16,7.19,6.99,881144,41.4485,42.4566,42.6345,41.4485,146857.33333333334,0.35999999999999943,0.0085
2017-08-14,41.16,42.78,41.16,42.78,FI,208030.5,-0.7397572078907436,-0.7397572078907436,7.13,6.86,7.13,6.86,1248183,42.2787,40.6777,42.2787,40.6777,208030.5,-1.8000000000000043,-0.0419
2017-08-15,39.54,40.98,39.36,40.98,FI,361313.8333333333,-0.75,-0.75,6.83,6.59,6.83,6.56,2167883,40.4998,39.0766,40.4998,38.8988,361313.8333333333,-1.6199999999999974,-0.0394
2017-08-16,37.98,39.84,37.98,39.6,FI,190695.66666666663,-0.7598634294385433,-0.7598634294385433,6.6,6.33,6.64,6.33,1144174,39.1359,37.5349,39.3731,37.5349,190695.66666666663,-1.5600000000000023,-0.0395
2017-08-17,37.2,38.52,37.14,37.92,FI,215302.0,-0.7647951441578148,-0.7647951441578148,6.32,6.2,6.42,6.19,1291812,37.4756,36.7641,38.0686,36.7048,215302.0,-0.779999999999994,-0.0205
2017-08-18,37.62,37.92,36.66,37.14,FI,316338.0,-0.7621396054628224,-0.7621396054628224,6.19,6.27,6.32,6.11,1898028,36.7048,37.1791,37.4756,36.2304,316338.0,0.4199999999999946,0.0113
2017-08-21,37.2,37.8,36.21,37.5,FI,200039.0,-0.7647951441578148,-0.7647951441578148,6.25,6.2,6.3,6.035,1200234,37.0605,36.7641,37.357,35.7857,200039.0,-0.4199999999999946,-0.0112
2017-08-22,37.14,37.53,36.9,37.26,FI,178754.16666666666,-0.7651745068285281,-0.7651745068285281,6.21,6.19,6.255,6.15,1072525,36.8234,36.7048,37.0902,36.4676,178754.16666666666,-0.060000000000002274,-0.0016
2017-08-23,37.32,37.32,36.54,36.96,FI,210627.66666666663,-0.7640364188163885,-0.7640364188163885,6.16,6.22,6.22,6.09,1263766,36.5269,36.8827,36.8827,36.1118,210627.66666666663,0.17999999999999972,0.0048
2017-08-24,37.62,37.74,37.14,37.14,FI,183475.66666666663,-0.7621396054628224,-0.7621396054628224,6.19,6.27,6.29,6.19,1100854,36.7048,37.1791,37.2977,36.7048,183475.66666666663,0.29999999999999716,0.008
2017-08-25,38.64,39.78,37.86,39.3,FI,407128.8333333333,-0.755690440060698,-0.755690440060698,6.55,6.44,6.63,6.31,2442773,38.8395,38.1872,39.3138,37.4163,407128.8333333333,1.0200000000000031,0.0271
2017-08-28,38.4,38.994,37.92,38.64,FI,306091.3333333333,-0.7572078907435508,-0.7572078907435508,6.44,6.4,6.499,6.32,1836548,38.1872,37.95,38.537,37.4756,306091.3333333333,-0.240000000000002,-0.0062
2017-08-29,38.58,38.64,37.56,37.68,FI,223400.8333333333,-0.7560698027314112,-0.7560698027314112,6.28,6.43,6.44,6.26,1340405,37.68,38.58,38.64,37.56,223400.8333333333,0.17999999999999972,0.0047
2017-08-30,37.8,38.55,37.8,38.4,FI,237663.5,-0.7610015174506829,-0.7610015174506829,6.4,6.3,6.425,6.3,1425981,38.4,37.8,38.55,37.8,237663.5,-0.7800000000000011,-0.0202
2017-08-31,37.68,38.46,37.68,38.04,FI,246344.5,-0.7617602427921092,-0.7617602427921092,6.34,6.28,6.41,6.28,1478067,38.04,37.68,38.46,37.68,246344.5,-0.11999999999999744,-0.0032
2017-09-01,38.64,38.82,37.14,37.68,FI,298676.6666666667,-0.755690440060698,-0.755690440060698,6.28,6.44,6.47,6.19,1792060,37.68,38.64,38.82,37.14,298676.6666666667,0.9600000000000009,0.0255
2017-09-05,39.48,40.5,38.94,38.94,FI,275298.8333333333,-0.7503793626707133,-0.7503793626707133,6.49,6.58,6.75,6.49,1651793,38.94,39.48,40.5,38.94,275298.8333333333,0.8399999999999963,0.0217
2017-09-06,39.84,40.44,39.6,39.72,FI,320614.8333333333,-0.7481031866464339,-0.7481031866464339,6.62,6.64,6.74,6.6,1923689,39.72,39.84,40.44,39.6,320614.8333333333,0.36000000000000654,0.0091
2017-09-07,40.56,40.68,39.9,39.9,FI,342098.6666666667,-0.7435508345978755,-0.7435508345978755,6.65,6.76,6.78,6.65,2052592,39.9,40.56,40.68,39.9,342098.6666666667,0.7199999999999989,0.0181
2017-09-08,39.72,40.8,39.3,40.44,FI,207883.5,-0.7488619119878605,-0.7488619119878605,6.74,6.62,6.8,6.55,1247301,40.44,39.72,40.8,39.3,207883.5,-0.8400000000000034,-0.0207
2017-09-11,41.16,41.22,39.54,39.72,FI,295284.5,-0.7397572078907436,-0.7397572078907436,6.62,6.86,6.87,6.59,1771707,39.72,41.16,41.22,39.54,295284.5,1.4399999999999977,0.0363
2017-09-12,42.54,42.63,40.74,41.22,FI,241633.0,-0.7310318664643399,-0.7310318664643399,6.87,7.09,7.105,6.79,1449798,41.22,42.54,42.63,40.74,241633.0,1.3800000000000026,0.0335
2017-09-13,45.0,45.27,42.5244,42.66,FI,333719.3333333333,-0.7154779969650986,-0.7154779969650986,7.11,7.5,7.545,7.0874,2002316,42.66,45.0,45.27,42.5244,333719.3333333333,2.460000000000001,0.0578
2017-09-14,45.0,45.72,44.04,45.3,FI,312255.8333333333,-0.7154779969650986,-0.7154779969650986,7.55,7.5,7.62,7.34,1873535,45.3,45.0,45.72,44.04,312255.8333333333,0.0,0.0
2017-09-15,45.54,45.66,44.82,45.18,FI,305877.0,-0.7120637329286799,-0.7120637329286799,7.53,7.59,7.61,7.47,1835262,45.18,45.54,45.66,44.82,305877.0,0.5399999999999991,0.012
2017-09-18,46.74,46.86,45.36,45.36,FI,237545.0,-0.7044764795144157,-0.7044764795144157,7.56,7.79,7.81,7.56,1425270,45.36,46.74,46.86,45.36,237545.0,1.2000000000000028,0.0264
2017-09-19,46.38,47.34,45.66,46.86,FI,185614.8333333333,-0.706752655538695,-0.706752655538695,7.81,7.73,7.89,7.61,1113689,46.86,46.38,47.34,45.66,185614.8333333333,-0.35999999999999943,-0.0077
2017-09-20,46.8,47.64,46.2,46.38,FI,191119.8333333333,-0.7040971168437026,-0.7040971168437026,7.73,7.8,7.94,7.7,1146719,46.38,46.8,47.64,46.2,191119.8333333333,0.4199999999999946,0.0091
2017-09-21,45.42,46.68,45.18,46.5,FI,224930.3333333333,-0.7128224582701062,-0.7128224582701062,7.75,7.57,7.78,7.53,1349582,46.5,45.42,46.68,45.18,224930.3333333333,-1.3799999999999955,-0.0295
2017-09-22,46.02,46.32,45.24,45.24,FI,131677.83333333334,-0.7090288315629741,-0.7090288315629741,7.54,7.67,7.72,7.54,790067,45.24,46.02,46.32,45.24,131677.83333333334,0.6000000000000014,0.0132
2017-09-25,47.22,47.52,46.38,46.38,FI,139435.5,-0.7014415781487102,-0.7014415781487102,7.73,7.87,7.92,7.73,836613,46.38,47.22,47.52,46.38,139435.5,1.1999999999999957,0.0261
2017-09-26,47.58,47.85,46.8,46.86,FI,134140.16666666666,-0.699165402124431,-0.699165402124431,7.81,7.93,7.975,7.8,804841,46.86,47.58,47.85,46.8,134140.16666666666,0.35999999999999943,0.0076
2017-09-27,46.08,48.06,45.24,47.28,FI,499218.6666666667,-0.708649468892261,-0.708649468892261,7.88,7.68,8.01,7.54,2995312,47.28,46.08,48.06,45.24,499218.6666666667,-1.5,-0.0315
2017-09-28,46.26,46.8,45.18,46.38,FI,196004.0,-0.7075113808801214,-0.7075113808801214,7.73,7.71,7.8,7.53,1176024,46.38,46.26,46.8,45.18,196004.0,0.17999999999999972,0.0039
2017-09-29,46.32,46.44,45.6,46.2,FI,153551.0,-0.7071320182094082,-0.7071320182094082,7.7,7.72,7.74,7.6,921306,46.2,46.32,46.44,45.6,153551.0,0.060000000000002274,0.0013
2017-10-02,45.3,45.78,44.97,45.42,FI,424493.8333333333,-0.7135811836115327,-0.7135811836115327,7.57,7.55,7.63,7.495,2546963,45.42,45.3,45.78,44.97,424493.8333333333,-1.0200000000000031,-0.022
2017-10-03,46.02,46.8,45.12,45.42,FI,304194.3333333333,-0.7090288315629741,-0.7090288315629741,7.57,7.67,7.8,7.52,1825166,45.42,46.02,46.8,45.12,304194.3333333333,0.720000000000006,0.0159
2017-10-04,46.5,46.62,45.72,45.84,FI,140419.5,-0.7059939301972686,-0.7059939301972686,7.64,7.75,7.77,7.62,842517,45.84,46.5,46.62,45.72,140419.5,0.4799999999999969,0.0104
2017-10-05,46.02,46.8,45.93,46.62,FI,170109.0,-0.7090288315629741,-0.7090288315629741,7.77,7.67,7.8,7.655,1020654,46.62,46.02,46.8,45.93,170109.0,-0.4799999999999969,-0.0103
2017-10-06,44.52,45.72,44.34,45.36,FI,124684.0,-0.7185128983308042,-0.7185128983308042,7.56,7.42,7.62,7.39,748104,45.36,44.52,45.72,44.34,124684.0,-1.5,-0.0326
2017-10-09,44.64,45.15,44.46,44.64,FI,116802.83333333331,-0.7177541729893778,-0.7177541729893778,7.44,7.44,7.525,7.41,700817,44.64,44.64,45.15,44.46,116802.83333333331,0.11999999999999744,0.0027
2017-10-10,43.68,45.54,43.5,45.24,FI,191928.3333333333,-0.723823975720789,-0.723823975720789,7.54,7.28,7.59,7.25,1151570,45.24,43.68,45.54,43.5,191928.3333333333,-0.9600000000000009,-0.0215
2017-10-11,44.04,44.1,43.23,43.62,FI,106067.5,-0.72154779969651,-0.72154779969651,7.27,7.34,7.35,7.205,636405,43.62,44.04,44.1,43.23,106067.5,0.35999999999999943,0.0082
2017-10-12,43.44,44.04,43.26,43.56,FI,107030.66666666669,-0.7253414264036419,-0.7253414264036419,7.26,7.24,7.34,7.21,642184,43.56,43.44,44.04,43.26,107030.66666666669,-0.6000000000000014,-0.0136
2017-10-13,43.56,44.52,43.56,43.86,FI,135470.83333333334,-0.7245827010622155,-0.7245827010622155,7.31,7.26,7.42,7.26,812825,43.86,43.56,44.52,43.56,135470.83333333334,0.12000000000000455,0.0028
2017-10-16,43.5,44.19,43.38,43.74,FI,85785.66666666667,-0.7249620637329287,-0.7249620637329287,7.29,7.25,7.365,7.23,514714,43.74,43.5,44.19,43.38,85785.66666666667,-0.060000000000002274,-0.0014
2017-10-17,43.02,43.62,42.72,43.38,FI,111434.5,-0.7279969650986342,-0.7279969650986342,7.23,7.17,7.27,7.12,668607,43.38,43.02,43.62,42.72,111434.5,-0.4799999999999969,-0.011
2017-10-18,41.82,43.38,41.82,43.02,FI,133231.16666666666,-0.7355842185128983,-0.7355842185128983,7.17,6.97,7.23,6.97,799387,43.02,41.82,43.38,41.82,133231.16666666666,-1.2000000000000028,-0.0279
2017-10-19,40.92,42.18,40.8,41.52,FI,134614.66666666666,-0.7412746585735963,-0.7412746585735963,6.92,6.82,7.03,6.8,807688,41.52,40.92,42.18,40.8,134614.66666666666,-0.8999999999999986,-0.0215
2017-10-20,40.2,41.22,40.2,41.04,FI,193094.0,-0.7458270106221547,-0.7458270106221547,6.84,6.7,6.87,6.7,1158564,41.04,40.2,41.22,40.2,193094.0,-0.7199999999999989,-0.0176
2017-10-23,39.06,40.44,39.0,40.14,FI,240436.8333333333,-0.7530349013657056,-0.7530349013657056,6.69,6.51,6.74,6.5,1442621,40.14,39.06,40.44,39.0,240436.8333333333,-1.1400000000000006,-0.0284
2017-10-24,39.6,39.9,39.06,39.3,FI,86246.0,-0.7496206373292869,-0.7496206373292869,6.55,6.6,6.65,6.51,517476,39.3,39.6,39.9,39.06,86246.0,0.5399999999999991,0.0138
2017-10-25,39.0,39.54,38.16,39.54,FI,134095.16666666666,-0.7534142640364188,-0.7534142640364188,6.59,6.5,6.59,6.36,804571,39.54,39.0,39.54,38.16,134095.16666666666,-0.6000000000000014,-0.0152
2017-10-26,38.7,39.06,37.62,38.94,FI,147476.83333333334,-0.7553110773899848,-0.7553110773899848,6.49,6.45,6.51,6.27,884861,38.94,38.7,39.06,37.62,147476.83333333334,-0.29999999999999716,-0.0077
2017-10-27,39.42,39.48,38.16,38.64,FI,146678.33333333334,-0.7507587253414264,-0.7507587253414264,6.44,6.57,6.58,6.36,880070,38.64,39.42,39.48,38.16,146678.33333333334,0.7199999999999989,0.0186
2017-10-30,39.12,40.02,39.0,39.48,FI,221008.5,-0.7526555386949924,-0.7526555386949924,6.58,6.52,6.67,6.5,1326051,39.48,39.12,40.02,39.0,221008.5,-0.30000000000000426,-0.0076
2017-10-31,39.66,39.72,38.1,39.06,FI,295879.6666666667,-0.7492412746585736,-0.7492412746585736,6.51,6.61,6.62,6.35,1775278,39.06,39.66,39.72,38.1,295879.6666666667,0.5399999999999991,0.0138
2017-11-01,39.96,40.92,39.24,40.02,FI,231073.3333333333,-0.7473444613050075,-0.7473444613050075,6.67,6.66,6.82,6.54,1386440,40.02,39.96,40.92,39.24,231073.3333333333,0.30000000000000426,0.0076
2017-11-02,42.3,42.72,38.16,38.16,FI,440149.8333333333,-0.7325493171471927,-0.7325493171471927,6.36,7.05,7.12,6.36,2640899,38.16,42.3,42.72,38.16,440149.8333333333,2.3399999999999963,0.0586
2017-11-03,42.36,42.48,40.86,41.64,FI,369784.1666666667,-0.7321699544764795,-0.7321699544764795,6.94,7.06,7.08,6.81,2218705,41.64,42.36,42.48,40.86,369784.1666666667,0.060000000000002274,0.0014
2017-11-06,43.86,44.1,42.36,42.66,FI,246387.8333333333,-0.7226858877086495,-0.7226858877086495,7.11,7.31,7.35,7.06,1478327,42.66,43.86,44.1,42.36,246387.8333333333,1.5,0.0354
2017-11-07,41.28,43.38,41.13,42.42,FI,395196.3333333333,-0.7389984825493171,-0.7389984825493171,7.07,6.88,7.23,6.855,2371178,42.42,41.28,43.38,41.13,395196.3333333333,-2.5799999999999983,-0.0588
2017-11-08,40.62,41.52,39.45,41.22,FI,192685.16666666663,-0.7431714719271624,-0.7431714719271624,6.87,6.77,6.92,6.575,1156111,41.22,40.62,41.52,39.45,192685.16666666663,-0.6600000000000037,-0.016
2017-11-09,41.16,41.43,39.9,40.32,FI,198649.16666666663,-0.7397572078907436,-0.7397572078907436,6.72,6.86,6.905,6.65,1191895,40.32,41.16,41.43,39.9,198649.16666666663,0.5399999999999991,0.0133
2017-11-10,41.16,42.18,40.38,41.34,FI,110389.0,-0.7397572078907436,-0.7397572078907436,6.89,6.86,7.03,6.73,662334,41.34,41.16,42.18,40.38,110389.0,0.0,0.0
2017-11-13,39.66,40.86,39.48,40.86,FI,151232.5,-0.7492412746585736,-0.7492412746585736,6.81,6.61,6.81,6.58,907395,40.86,39.66,40.86,39.48,151232.5,-1.5,-0.0364
2017-11-14,38.22,39.66,38.1,39.66,FI,129438.0,-0.7583459787556904,-0.7583459787556904,6.61,6.37,6.61,6.35,776628,39.66,38.22,39.66,38.1,129438.0,-1.4399999999999977,-0.0363
2017-11-15,38.1,38.58,36.54,37.62,FI,202818.66666666663,-0.7591047040971168,-0.7591047040971168,6.27,6.35,6.43,6.09,1216912,37.62,38.1,38.58,36.54,202818.66666666663,-0.11999999999999744,-0.0031
2017-11-16,37.68,38.46,37.62,38.1,FI,174293.16666666666,-0.7617602427921092,-0.7617602427921092,6.35,6.28,6.41,6.27,1045759,38.1,37.68,38.46,37.62,174293.16666666666,-0.4200000000000017,-0.011
2017-11-17,39.36,39.42,37.65,38.1,FI,167422.33333333334,-0.7511380880121395,-0.7511380880121395,6.35,6.56,6.57,6.275,1004534,38.1,39.36,39.42,37.65,167422.33333333334,1.6799999999999997,0.0446
2017-11-20,38.64,39.54,38.49,39.12,FI,81982.16666666667,-0.755690440060698,-0.755690440060698,6.52,6.44,6.59,6.415,491893,39.12,38.64,39.54,38.49,81982.16666666667,-0.7199999999999989,-0.0183
2017-11-21,37.74,39.06,37.5,38.52,FI,132652.0,-0.761380880121396,-0.761380880121396,6.42,6.29,6.51,6.25,795912,38.52,37.74,39.06,37.5,132652.0,-0.8999999999999986,-0.0233
2017-11-22,38.1,38.7,37.56,38.16,FI,97622.0,-0.7591047040971168,-0.7591047040971168,6.36,6.35,6.45,6.26,585732,38.16,38.1,38.7,37.56,97622.0,0.35999999999999943,0.0095
2017-11-24,37.92,38.82,37.86,38.28,FI,48576.833333333336,-0.7602427921092564,-0.7602427921092564,6.38,6.32,6.47,6.31,291461,38.28,37.92,38.82,37.86,48576.833333333336,-0.17999999999999972,-0.0047
2017-11-27,37.26,37.8,36.84,37.74,FI,108969.5,-0.7644157814871018,-0.7644157814871018,6.29,6.21,6.3,6.14,653817,37.74,37.26,37.8,36.84,108969.5,-0.6600000000000037,-0.0174
2017-11-28,36.96,37.56,36.78,37.44,FI,277081.1666666667,-0.7663125948406676,-0.7663125948406676,6.24,6.16,6.26,6.13,1662487,37.44,36.96,37.56,36.78,277081.1666666667,-0.29999999999999716,-0.0081
2017-11-29,36.9,37.38,36.6,36.84,FI,178872.83333333334,-0.7666919575113809,-0.7666919575113809,6.14,6.15,6.23,6.1,1073237,36.84,36.9,37.38,36.6,178872.83333333334,-0.060000000000002274,-0.0016
2017-11-30,37.38,37.98,36.06,37.2,FI,342584.3333333333,-0.7636570561456753,-0.7636570561456753,6.2,6.23,6.33,6.01,2055506,37.2,37.38,37.98,36.06,342584.3333333333,0.480000000000004,0.013
2017-12-01,39.0,39.6,37.2,37.98,FI,288764.6666666667,-0.7534142640364188,-0.7534142640364188,6.33,6.5,6.6,6.2,1732588,37.98,39.0,39.6,37.2,288764.6666666667,1.6199999999999974,0.0433
2017-12-04,38.88,39.96,38.82,39.06,FI,140532.5,-0.7541729893778453,-0.7541729893778453,6.51,6.48,6.66,6.47,843195,39.06,38.88,39.96,38.82,140532.5,-0.11999999999999744,-0.0031
2017-12-05,38.04,39.12,37.68,38.82,FI,146529.5,-0.7594840667678301,-0.7594840667678301,6.47,6.34,6.52,6.28,879177,38.82,38.04,39.12,37.68,146529.5,-0.8400000000000034,-0.0216
2017-12-06,36.3,37.92,35.94,37.68,FI,137430.33333333334,-0.7704855842185129,-0.7704855842185129,6.28,6.05,6.32,5.99,824582,37.68,36.3,37.92,35.94,137430.33333333334,-1.740000000000002,-0.0457
2017-12-07,36.6,37.08,35.82,36.3,FI,198183.66666666663,-0.7685887708649469,-0.7685887708649469,6.05,6.1,6.18,5.97,1189102,36.3,36.6,37.08,35.82,198183.66666666663,0.30000000000000426,0.0083
2017-12-08,36.12,37.26,36.06,37.08,FI,146786.5,-0.7716236722306524,-0.7716236722306524,6.18,6.02,6.21,6.01,880719,37.08,36.12,37.26,36.06,146786.5,-0.480000000000004,-0.0131
2017-12-11,36.3,36.72,35.82,36.0,FI,119472.0,-0.7704855842185129,-0.7704855842185129,6.0,6.05,6.12,5.97,716832,36.0,36.3,36.72,35.82,119472.0,0.17999999999999972,0.005
2017-12-12,36.9,37.74,36.6,36.6,FI,159802.83333333334,-0.7666919575113809,-0.7666919575113809,6.1,6.15,6.29,6.1,958817,36.6,36.9,37.74,36.6,159802.83333333334,0.6000000000000014,0.0165
2017-12-13,36.24,37.68,36.24,37.08,FI,191879.3333333333,-0.770864946889226,-0.770864946889226,6.18,6.04,6.28,6.04,1151276,37.08,36.24,37.68,36.24,191879.3333333333,-0.6599999999999966,-0.0179
2017-12-14,35.52,36.42,35.43,35.88,FI,131194.66666666666,-0.7754172989377844,-0.7754172989377844,5.98,5.92,6.07,5.905,787168,35.88,35.52,36.42,35.43,131194.66666666666,-0.7199999999999989,-0.0199
2017-12-15,35.16,35.9466,35.01,35.7,FI,140853.16666666666,-0.7776934749620638,-0.7776934749620638,5.95,5.86,5.9911,5.835,845119,35.7,35.16,35.9466,35.01,140853.16666666666,-0.36000000000000654,-0.0101
2017-12-18,35.28,35.94,35.04,35.4,FI,266529.5,-0.7769347496206374,-0.7769347496206374,5.9,5.88,5.99,5.84,1599177,35.4,35.28,35.94,35.04,266529.5,0.12000000000000455,0.0034
2017-12-19,34.98,36.12,34.74,35.52,FI,239607.66666666663,-0.7788315629742034,-0.7788315629742034,5.92,5.83,6.02,5.79,1437646,35.52,34.98,36.12,34.74,239607.66666666663,-0.30000000000000426,-0.0085
2017-12-20,36.54,36.72,34.8,35.22,FI,301276.5,-0.7689681335356602,-0.7689681335356602,5.87,6.09,6.12,5.8,1807659,35.22,36.54,36.72,34.8,301276.5,1.5600000000000023,0.0446
2017-12-21,40.02,40.11,36.42,36.42,FI,217176.66666666663,-0.7469650986342943,-0.7469650986342943,6.07,6.67,6.685,6.07,1303060,36.42,40.02,40.11,36.42,217176.66666666663,3.480000000000004,0.0952
2017-12-22,38.88,40.08,38.55,39.84,FI,196691.66666666663,-0.7541729893778453,-0.7541729893778453,6.64,6.48,6.68,6.425,1180150,39.84,38.88,40.08,38.55,196691.66666666663,-1.1400000000000006,-0.0285
2017-12-26,40.2,40.32,38.7,39.18,FI,86017.83333333333,-0.7458270106221547,-0.7458270106221547,6.53,6.7,6.72,6.45,516107,39.18,40.2,40.32,38.7,86017.83333333333,1.3200000000000003,0.034
2017-12-27,40.32,40.38,39.6,40.2,FI,136171.66666666666,-0.7450682852807284,-0.7450682852807284,6.7,6.72,6.73,6.6,817030,40.2,40.32,40.38,39.6,136171.66666666666,0.11999999999999744,0.003
2017-12-28,41.1,41.16,40.08,40.32,FI,121926.16666666669,-0.7401365705614568,-0.7401365705614568,6.72,6.85,6.86,6.68,731557,40.32,41.1,41.16,40.08,121926.16666666669,0.7800000000000011,0.0193
2017-12-29,39.9,41.16,39.66,40.98,FI,112130.0,-0.7477238239757208,-0.7477238239757208,6.83,6.65,6.86,6.61,672780,40.98,39.9,41.16,39.66,112130.0,-1.2000000000000028,-0.0292
2018-01-02,41.64,41.73,39.84,40.26,FI,122930.83333333331,-0.7367223065250379,-0.7367223065250379,6.71,6.94,6.955,6.64,737585,40.26,41.64,41.73,39.84,122930.83333333331,1.740000000000002,0.0436
2018-01-03,43.2,43.47,41.58,42.12,FI,160525.16666666666,-0.7268588770864947,-0.7268588770864947,7.02,7.2,7.245,6.93,963151,42.12,43.2,43.47,41.58,160525.16666666666,1.5600000000000023,0.0375
2018-01-04,45.12,45.3,42.66,43.2,FI,190370.16666666663,-0.7147192716236722,-0.7147192716236722,7.2,7.52,7.55,7.11,1142221,43.2,45.12,45.3,42.66,190370.16666666663,1.9199999999999946,0.0444
2018-01-05,44.76,45.06,44.34,45.06,FI,125938.83333333331,-0.7169954476479515,-0.7169954476479515,7.51,7.46,7.51,7.39,755633,45.06,44.76,45.06,44.34,125938.83333333331,-0.35999999999999943,-0.008
2018-01-08,44.76,44.88,42.3,44.64,FI,205797.8333333333,-0.7169954476479515,-0.7169954476479515,7.44,7.46,7.48,7.05,1234787,44.64,44.76,44.88,42.3,205797.8333333333,0.0,0.0
2018-01-09,44.22,45.18,43.95,44.76,FI,205037.8333333333,-0.7204097116843703,-0.7204097116843703,7.46,7.37,7.53,7.325,1230227,44.76,44.22,45.18,43.95,205037.8333333333,-0.5399999999999991,-0.0121
2018-01-10,45.06,45.24,43.98,44.46,FI,142895.0,-0.7150986342943854,-0.7150986342943854,7.41,7.51,7.54,7.33,857370,44.46,45.06,45.24,43.98,142895.0,0.8400000000000034,0.019
2018-01-11,46.26,46.86,44.46,45.3,FI,116515.83333333331,-0.7075113808801214,-0.7075113808801214,7.55,7.71,7.81,7.41,699095,45.3,46.26,46.86,44.46,116515.83333333331,1.1999999999999957,0.0266
2018-01-12,47.82,47.94,46.23,46.44,FI,148158.33333333334,-0.6976479514415782,-0.6976479514415782,7.74,7.97,7.99,7.705,888950,46.44,47.82,47.94,46.23,148158.33333333334,1.5600000000000023,0.0337
2018-01-16,46.26,48.0,46.14,48.0,FI,155292.5,-0.7075113808801214,-0.7075113808801214,8.0,7.71,8.0,7.69,931755,48.0,46.26,48.0,46.14,155292.5,-1.5600000000000023,-0.0326
2018-01-17,45.78,46.68,45.45,46.5,FI,104963.66666666669,-0.7105462822458269,-0.7105462822458269,7.75,7.63,7.78,7.575,629782,46.5,45.78,46.68,45.45,104963.66666666669,-0.4799999999999969,-0.0104
2018-01-18,44.1,45.72,44.1,45.72,FI,97184.33333333331,-0.7211684370257967,-0.7211684370257967,7.62,7.35,7.62,7.35,583106,45.72,44.1,45.72,44.1,97184.33333333331,-1.6799999999999997,-0.0367
2018-01-19,44.4,44.64,43.41,43.74,FI,58713.333333333336,-0.7192716236722306,-0.7192716236722306,7.29,7.4,7.44,7.235,352280,43.74,44.4,44.64,43.41,58713.333333333336,0.29999999999999716,0.0068
2018-01-22,45.36,45.42,44.1,44.7,FI,78156.0,-0.7132018209408194,-0.7132018209408194,7.45,7.56,7.57,7.35,468936,44.7,45.36,45.42,44.1,78156.0,0.9600000000000009,0.0216
2018-01-23,45.36,45.96,44.67,45.78,FI,82509.5,-0.7132018209408194,-0.7132018209408194,7.63,7.56,7.66,7.445,495057,45.78,45.36,45.96,44.67,82509.5,0.0,0.0
2018-01-24,45.12,46.8,44.3028,45.54,FI,162006.0,-0.7147192716236722,-0.7147192716236722,7.59,7.52,7.8,7.3838,972036,45.54,45.12,46.8,44.3028,162006.0,-0.240000000000002,-0.0053
2018-01-25,44.1,45.84,43.77,45.6,FI,113187.33333333331,-0.7211684370257967,-0.7211684370257967,7.6,7.35,7.64,7.295,679124,45.6,44.1,45.84,43.77,113187.33333333331,-1.019999999999996,-0.0226
2018-01-26,44.1,44.46,43.68,44.4,FI,79609.16666666667,-0.7211684370257967,-0.7211684370257967,7.4,7.35,7.41,7.28,477655,44.4,44.1,44.46,43.68,79609.16666666667,0.0,0.0
2018-01-29,43.2,44.1,43.02,43.74,FI,91082.66666666669,-0.7268588770864947,-0.7268588770864947,7.29,7.2,7.35,7.17,546496,43.74,43.2,44.1,43.02,91082.66666666669,-0.8999999999999986,-0.0204
2018-01-30,42.36,43.08,41.7,42.78,FI,114512.83333333331,-0.7321699544764795,-0.7321699544764795,7.13,7.06,7.18,6.95,687077,42.78,42.36,43.08,41.7,114512.83333333331,-0.8400000000000034,-0.0194
2018-01-31,41.52,42.9,40.98,42.36,FI,124453.33333333331,-0.7374810318664643,-0.7374810318664643,7.06,6.92,7.15,6.83,746720,42.36,41.52,42.9,40.98,124453.33333333331,-0.8399999999999963,-0.0198
2018-02-01,42.24,42.66,41.49,41.76,FI,118035.5,-0.7329286798179059,-0.7329286798179059,6.96,7.04,7.11,6.915,708213,41.76,42.24,42.66,41.49,118035.5,0.7199999999999989,0.0173
2018-02-02,39.78,41.76,39.72,41.46,FI,134294.33333333334,-0.7484825493171472,-0.7484825493171472,6.91,6.63,6.96,6.62,805766,41.46,39.78,41.76,39.72,134294.33333333334,-2.460000000000001,-0.0582
2018-02-05,39.06,40.5,38.52,39.42,FI,157868.33333333334,-0.7530349013657056,-0.7530349013657056,6.57,6.51,6.75,6.42,947210,39.42,39.06,40.5,38.52,157868.33333333334,-0.7199999999999989,-0.0181
2018-02-06,39.9,40.44,38.04,38.1,FI,163616.0,-0.7477238239757208,-0.7477238239757208,6.35,6.65,6.74,6.34,981696,38.1,39.9,40.44,38.04,163616.0,0.8399999999999963,0.0215
2018-02-07,38.52,40.26,38.04,40.02,FI,125995.16666666669,-0.7564491654021244,-0.7564491654021244,6.67,6.42,6.71,6.34,755971,40.02,38.52,40.26,38.04,125995.16666666669,-1.3799999999999955,-0.0346
2018-02-08,36.0,38.82,35.91,38.64,FI,136426.83333333334,-0.7723823975720789,-0.7723823975720789,6.44,6.0,6.47,5.985,818561,38.64,36.0,38.82,35.91,136426.83333333334,-2.520000000000003,-0.0654
2018-02-09,35.88,36.48,34.32,36.48,FI,186502.16666666663,-0.7731411229135053,-0.7731411229135053,6.08,5.98,6.08,5.72,1119013,36.48,35.88,36.48,34.32,186502.16666666663,-0.11999999999999744,-0.0033
2018-02-12,36.42,36.9,35.88,36.42,FI,105854.16666666669,-0.7697268588770865,-0.7697268588770865,6.07,6.07,6.15,5.98,635125,36.42,36.42,36.9,35.88,105854.16666666669,0.5399999999999991,0.0151
2018-02-13,35.7,36.48,35.4,36.18,FI,72062.66666666667,-0.7742792109256449,-0.7742792109256449,6.03,5.95,6.08,5.9,432376,36.18,35.7,36.48,35.4,72062.66666666667,-0.7199999999999989,-0.0198
2018-02-14,36.72,37.32,35.1,35.22,FI,91294.66666666669,-0.7678300455235205,-0.7678300455235205,5.87,6.12,6.22,5.85,547768,35.22,36.72,37.32,35.1,91294.66666666669,1.019999999999996,0.0286
2018-02-15,36.48,36.96,35.28,36.96,FI,62338.5,-0.7693474962063733,-0.7693474962063733,6.16,6.08,6.16,5.88,374031,36.96,36.48,36.96,35.28,62338.5,-0.240000000000002,-0.0065
2018-02-16,36.66,37.08,36.15,36.42,FI,64175.0,-0.7682094081942337,-0.7682094081942337,6.07,6.11,6.18,6.025,385050,36.42,36.66,37.08,36.15,64175.0,0.17999999999999972,0.0049
2018-02-20,36.48,37.38,36.27,36.72,FI,55195.5,-0.7693474962063733,-0.7693474962063733,6.12,6.08,6.23,6.045,331173,36.72,36.48,37.38,36.27,55195.5,-0.17999999999999972,-0.0049
2018-02-21,36.18,37.32,36.06,36.36,FI,61578.333333333336,-0.7712443095599393,-0.7712443095599393,6.06,6.03,6.22,6.01,369470,36.36,36.18,37.32,36.06,61578.333333333336,-0.29999999999999716,-0.0082
2018-02-22,37.08,38.16,36.72,36.84,FI,83863.66666666667,-0.7655538694992413,-0.7655538694992413,6.14,6.18,6.36,6.12,503182,36.84,37.08,38.16,36.72,83863.66666666667,0.8999999999999986,0.0249
2018-02-23,37.74,37.8,36.54,37.14,FI,60336.333333333336,-0.761380880121396,-0.761380880121396,6.19,6.29,6.3,6.09,362018,37.14,37.74,37.8,36.54,60336.333333333336,0.6600000000000037,0.0178
2018-02-26,37.86,38.1,37.26,38.04,FI,83861.83333333333,-0.7606221547799696,-0.7606221547799696,6.34,6.31,6.35,6.21,503171,38.04,37.86,38.1,37.26,83861.83333333333,0.11999999999999744,0.0032
2018-02-27,37.14,37.8,33.6,33.9,FI,169009.0,-0.7651745068285281,-0.7651745068285281,5.65,6.19,6.3,5.6,1014054,33.9,37.14,37.8,33.6,169009.0,-0.7199999999999989,-0.019
2018-02-28,31.38,37.2,31.32,37.2,FI,493320.3333333333,-0.8015933232169955,-0.8015933232169955,6.2,5.23,6.2,5.22,2959922,37.2,31.38,37.2,31.32,493320.3333333333,-5.760000000000002,-0.1551
2018-03-01,30.54,32.7,30.48,31.38,FI,353926.6666666667,-0.8069044006069803,-0.8069044006069803,5.23,5.09,5.45,5.08,2123560,31.38,30.54,32.7,30.48,353926.6666666667,-0.8399999999999999,-0.0268
2018-03-02,31.5,31.5,29.58,30.24,FI,210278.0,-0.800834597875569,-0.800834597875569,5.04,5.25,5.25,4.93,1261668,30.24,31.5,31.5,29.58,210278.0,0.9600000000000009,0.0314
2018-03-05,33.06,33.66,32.04,32.46,FI,168542.83333333334,-0.7909711684370258,-0.7909711684370258,5.41,5.51,5.61,5.34,1011257,32.46,33.06,33.66,32.04,168542.83333333334,1.5600000000000023,0.0495
2018-03-06,33.66,34.02,32.73,33.3,FI,142927.0,-0.7871775417298938,-0.7871775417298938,5.55,5.61,5.67,5.455,857562,33.3,33.66,34.02,32.73,142927.0,0.5999999999999943,0.0181
2018-03-07,34.56,37.02,33.48,33.48,FI,256628.66666666663,-0.7814871016691958,-0.7814871016691958,5.58,5.76,6.17,5.58,1539772,33.48,34.56,37.02,33.48,256628.66666666663,0.9000000000000057,0.0267
2018-03-08,34.8,35.01,34.17,34.56,FI,147317.0,-0.779969650986343,-0.779969650986343,5.76,5.8,5.835,5.695,883902,34.56,34.8,35.01,34.17,147317.0,0.23999999999999488,0.0069
2018-03-09,36.48,37.38,35.34,35.34,FI,202622.8333333333,-0.7693474962063733,-0.7693474962063733,5.89,6.08,6.23,5.89,1215737,35.34,36.48,37.38,35.34,202622.8333333333,1.6799999999999997,0.0483
2018-03-12,35.34,36.78,35.34,36.3,FI,132578.83333333334,-0.7765553869499241,-0.7765553869499241,6.05,5.89,6.13,5.89,795473,36.3,35.34,36.78,35.34,132578.83333333334,-1.1399999999999935,-0.0312
2018-03-13,34.5,35.76,34.32,35.52,FI,100166.0,-0.7818664643399089,-0.7818664643399089,5.92,5.75,5.96,5.72,600996,35.52,34.5,35.76,34.32,100166.0,-0.8400000000000034,-0.0238
2018-03-14,35.28,35.64,34.44,35.4,FI,299047.6666666667,-0.7769347496206374,-0.7769347496206374,5.9,5.88,5.94,5.74,1794286,35.4,35.28,35.64,34.44,299047.6666666667,0.7800000000000011,0.0226
2018-03-15,34.5,35.58,34.35,35.58,FI,186215.66666666663,-0.7818664643399089,-0.7818664643399089,5.93,5.75,5.93,5.725,1117294,35.58,34.5,35.58,34.35,186215.66666666663,-0.7800000000000011,-0.0221
2018-03-16,36.06,36.3,34.5,34.5,FI,252570.0,-0.7720030349013657,-0.7720030349013657,5.75,6.01,6.05,5.75,1515420,34.5,36.06,36.3,34.5,252570.0,1.5600000000000023,0.0452
2018-03-19,33.84,36.18,33.54,36.12,FI,105021.83333333331,-0.7860394537177542,-0.7860394537177542,6.02,5.64,6.03,5.59,630131,36.12,33.84,36.18,33.54,105021.83333333331,-2.219999999999999,-0.0616
2018-03-20,34.2,34.62,33.84,34.08,FI,80104.83333333333,-0.783763277693475,-0.783763277693475,5.68,5.7,5.77,5.64,480629,34.08,34.2,34.62,33.84,80104.83333333333,0.35999999999999943,0.0106
2018-03-21,36.6,36.96,34.17,34.56,FI,140744.66666666666,-0.7685887708649469,-0.7685887708649469,5.76,6.1,6.16,5.695,844468,34.56,36.6,36.96,34.17,140744.66666666666,2.3999999999999986,0.0702
2018-03-22,35.34,36.78,35.28,36.0,FI,188846.0,-0.7765553869499241,-0.7765553869499241,6.0,5.89,6.13,5.88,1133076,36.0,35.34,36.78,35.28,188846.0,-1.259999999999998,-0.0344
2018-03-23,34.26,35.7,34.2,35.64,FI,76460.66666666667,-0.7833839150227618,-0.7833839150227618,5.94,5.71,5.95,5.7,458764,35.64,34.26,35.7,34.2,76460.66666666667,-1.0800000000000054,-0.0306
2018-03-26,35.22,35.28,33.72,34.86,FI,137362.16666666666,-0.7773141122913505,-0.7773141122913505,5.81,5.87,5.88,5.62,824173,34.86,35.22,35.28,33.72,137362.16666666666,0.9600000000000009,0.028
2018-03-27,33.9,35.4,33.66,35.34,FI,97878.16666666669,-0.7856600910470409,-0.7856600910470409,5.89,5.65,5.9,5.61,587269,35.34,33.9,35.4,33.66,97878.16666666669,-1.3200000000000003,-0.0375
2018-03-28,32.82,33.9,32.25,33.84,FI,181083.8333333333,-0.7924886191198787,-0.7924886191198787,5.64,5.47,5.65,5.375,1086503,33.84,32.82,33.9,32.25,181083.8333333333,-1.0799999999999983,-0.0319
2018-03-29,32.58,33.42,32.16,33.0,FI,355227.5,-0.7940060698027314,-0.7940060698027314,5.5,5.43,5.57,5.36,2131365,33.0,32.58,33.42,32.16,355227.5,-0.240000000000002,-0.0073
2018-04-02,31.92,32.64,31.374,32.28,FI,149173.0,-0.7981790591805766,-0.7981790591805766,5.38,5.32,5.44,5.229,895038,32.28,31.92,32.64,31.374,149173.0,-0.6599999999999966,-0.0203
2018-04-03,32.16,32.58,31.08,31.86,FI,145291.5,-0.7966616084977238,-0.7966616084977238,5.31,5.36,5.43,5.18,871749,31.86,32.16,32.58,31.08,145291.5,0.23999999999999488,0.0075
2018-04-04,32.88,33.06,31.26,31.44,FI,108076.5,-0.7921092564491654,-0.7921092564491654,5.24,5.48,5.51,5.21,648459,31.44,32.88,33.06,31.26,108076.5,0.720000000000006,0.0224
2018-04-05,34.8,35.52,33.24,33.24,FI,168545.83333333334,-0.779969650986343,-0.779969650986343,5.54,5.8,5.92,5.54,1011275,33.24,34.8,35.52,33.24,168545.83333333334,1.9199999999999946,0.0584
2018-04-06,33.06,34.86,32.94,34.32,FI,148867.83333333334,-0.7909711684370258,-0.7909711684370258,5.72,5.51,5.81,5.49,893207,34.32,33.06,34.86,32.94,148867.83333333334,-1.7399999999999949,-0.05
2018-04-09,32.76,33.6,32.76,33.6,FI,90868.83333333331,-0.7928679817905918,-0.7928679817905918,5.6,5.46,5.6,5.46,545213,33.6,32.76,33.6,32.76,90868.83333333331,-0.30000000000000426,-0.0091
2018-04-10,35.16,35.76,33.42,33.66,FI,294531.1666666667,-0.7776934749620638,-0.7776934749620638,5.61,5.86,5.96,5.57,1767187,33.66,35.16,35.76,33.42,294531.1666666667,2.3999999999999986,0.0733
2018-04-11,37.02,37.32,35.1,35.1,FI,169256.5,-0.7659332321699545,-0.7659332321699545,5.85,6.17,6.22,5.85,1015539,35.1,37.02,37.32,35.1,169256.5,1.8600000000000065,0.0529
2018-04-12,37.62,38.01,36.18,36.66,FI,115822.66666666669,-0.7621396054628224,-0.7621396054628224,6.11,6.27,6.335,6.03,694936,36.66,37.62,38.01,36.18,115822.66666666669,0.5999999999999943,0.0162
2018-04-13,37.8,38.16,37.44,37.68,FI,66594.5,-0.7610015174506829,-0.7610015174506829,6.28,6.3,6.36,6.24,399567,37.68,37.8,38.16,37.44,66594.5,0.17999999999999972,0.0048
2018-04-16,38.46,38.7,37.08,37.86,FI,78289.5,-0.7568285280728376,-0.7568285280728376,6.31,6.41,6.45,6.18,469737,37.86,38.46,38.7,37.08,78289.5,0.6600000000000037,0.0175
2018-04-17,39.72,39.84,37.9962,38.76,FI,139226.83333333334,-0.7488619119878605,-0.7488619119878605,6.46,6.62,6.64,6.3327,835361,38.76,39.72,39.84,37.9962,139226.83333333334,1.259999999999998,0.0328
2018-04-18,41.82,42.84,39.96,40.14,FI,211324.66666666663,-0.7355842185128983,-0.7355842185128983,6.69,6.97,7.14,6.66,1267948,40.14,41.82,42.84,39.96,211324.66666666663,2.1000000000000014,0.0529
2018-04-19,42.0,42.54,41.22,41.94,FI,144536.16666666666,-0.7344461305007587,-0.7344461305007587,6.99,7.0,7.09,6.87,867217,41.94,42.0,42.54,41.22,144536.16666666666,0.17999999999999972,0.0043
2018-04-20,41.04,41.94,40.5,41.94,FI,100703.5,-0.74051593323217,-0.74051593323217,6.99,6.84,6.99,6.75,604221,41.94,41.04,41.94,40.5,100703.5,-0.9600000000000009,-0.0229
2018-04-23,40.74,41.34,40.05,40.92,FI,128655.83333333331,-0.7424127465857359,-0.7424127465857359,6.82,6.79,6.89,6.675,771935,40.92,40.74,41.34,40.05,128655.83333333331,-0.29999999999999716,-0.0073
2018-04-24,40.62,41.55,40.14,41.04,FI,132930.66666666666,-0.7431714719271624,-0.7431714719271624,6.84,6.77,6.925,6.69,797584,41.04,40.62,41.55,40.14,132930.66666666666,-0.12000000000000455,-0.0029
2018-04-25,420.96,421.62,420.12,420.42,FI,376.5,1.6616084977238237,1.6616084977238237,70.07,70.16,70.27,70.02,2259,420.42,420.96,421.62,420.12,376.5,380.34,9.3634
2018-04-26,427.86,428.58,424.26,424.26,FI,359.6666666666667,1.7052352048558426,1.7052352048558426,70.71,71.31,71.43,70.71,2158,424.26,427.86,428.58,424.26,359.6666666666667,6.900000000000034,0.0164
2018-04-27,428.82,430.74,427.38,430.44,FI,1654.3333333333333,1.7113050075872533,1.7113050075872533,71.74,71.47,71.79,71.23,9926,430.44,428.82,430.74,427.38,1654.3333333333333,0.9599999999999795,0.0022
2018-04-30,425.28,432.12,425.28,429.66,FI,1718.1666666666667,1.6889226100151746,1.6889226100151746,71.61,70.88,72.02,70.88,10309,429.66,425.28,432.12,425.28,1718.1666666666667,-3.5400000000000205,-0.0083
2018-05-01,429.66,430.32,425.7000000000001,425.7000000000001,FI,2805.0,1.7166160849772383,1.7166160849772383,70.95,71.61,71.72,70.95,16830,425.7000000000001,429.66,430.32,425.7000000000001,2805.0,4.380000000000052,0.0103
2018-05-02,414.12,426.54,413.58,423.0,FI,3528.333333333333,1.618361153262519,1.618361153262519,70.5,69.02,71.09,68.93,21170,423.0,414.12,426.54,413.58,3528.333333333333,-15.54000000000002,-0.0362
2018-05-03,413.88,416.28,410.88,412.56000000000006,FI,2431.333333333333,1.6168437025796663,1.6168437025796663,68.76,68.98,69.38,68.48,14588,412.56000000000006,413.88,416.28,410.88,2431.333333333333,-0.2400000000000091,-0.0006
2018-05-04,418.32,419.7000000000001,412.2000000000001,412.2000000000001,FI,2027.8333333333333,1.6449165402124428,1.6449165402124428,68.7,69.72,69.95,68.7,12167,412.2000000000001,418.32,419.7000000000001,412.2000000000001,2027.8333333333333,4.439999999999998,0.0107
2018-05-07,44.34,46.2,44.04,44.4,FI,147661.5,-0.7196509863429438,-0.7196509863429438,7.4,7.39,7.7,7.34,885969,44.4,44.34,46.2,44.04,147661.5,-373.98,-0.894
2018-05-08,422.58,426.9,422.1,423.6,FI,1149.5,1.6718512898330802,1.6718512898330802,70.6,70.43,71.15,70.35,6897,423.6,422.58,426.9,422.1,1149.5,378.24,8.5304
2018-05-09,428.88,430.44,423.24,423.24,FI,1543.3333333333333,1.711684370257967,1.711684370257967,70.54,71.48,71.74,70.54,9260,423.24,428.88,430.44,423.24,1543.3333333333333,6.300000000000011,0.0149
2018-05-10,434.52,434.82,430.62,430.62,FI,703.1666666666666,1.7473444613050078,1.7473444613050078,71.77,72.42,72.47,71.77,4219,430.62,434.52,434.82,430.62,703.1666666666666,5.639999999999986,0.0132
2018-05-11,436.8,437.22,434.58,434.88,FI,2022.0,1.7617602427921093,1.7617602427921093,72.48,72.8,72.87,72.43,12132,434.88,436.8,437.22,434.58,2022.0,2.2800000000000296,0.0052
2018-05-14,434.52,437.28,434.1,436.2000000000001,FI,895.5,1.7473444613050078,1.7473444613050078,72.7,72.42,72.88,72.35,5373,436.2000000000001,434.52,437.28,434.1,895.5,-2.2800000000000296,-0.0052
2018-05-15,432.6,432.6,429.84,429.84,FI,582.8333333333334,1.7352048558421855,1.7352048558421855,71.64,72.1,72.1,71.64,3497,429.84,432.6,432.6,429.84,582.8333333333334,-1.919999999999959,-0.0044
2018-05-16,433.68,435.24,432.36,433.92,FI,1447.0,1.7420333839150226,1.7420333839150226,72.32,72.28,72.54,72.06,8682,433.92,433.68,435.24,432.36,1447.0,1.079999999999984,0.0025
2018-05-17,435.06000000000006,435.48,431.94,432.78,FI,1673.5,1.750758725341427,1.750758725341427,72.13,72.51,72.58,71.99,10041,432.78,435.06000000000006,435.48,431.94,1673.5,1.3800000000000523,0.0032
2018-05-18,437.88,439.38,435.84,435.84,FI,2452.1666666666665,1.768588770864947,1.768588770864947,72.64,72.98,73.23,72.64,14713,435.84,437.88,439.38,435.84,2452.1666666666665,2.8199999999999363,0.0065
2018-05-21,439.5,441.24,438.36,439.38,FI,4349.166666666667,1.7788315629742035,1.7788315629742035,73.23,73.25,73.54,73.06,26095,439.38,439.5,441.24,438.36,4349.166666666667,1.6200000000000045,0.0037
2018-05-22,429.9,439.86,429.24,439.86,FI,5235.333333333333,1.718133535660091,1.718133535660091,73.31,71.65,73.31,71.54,31412,439.86,429.9,439.86,429.24,5235.333333333333,-9.600000000000023,-0.0218
2018-05-23,431.16,431.16,424.8,425.58,FI,3699.8333333333335,1.7261001517450683,1.7261001517450683,70.93,71.86,71.86,70.8,22199,425.58,431.16,431.16,424.8,3699.8333333333335,1.2600000000000477,0.0029
2018-05-24,430.08,431.46,427.62,430.32,FI,2265.833333333333,1.7192716236722305,1.7192716236722305,71.72,71.68,71.91,71.27,13595,430.32,430.08,431.46,427.62,2265.833333333333,-1.080000000000041,-0.0025
2018-05-25,430.62,431.52,430.14,430.74,FI,832.3333333333334,1.7226858877086497,1.7226858877086497,71.79,71.77,71.92,71.69,4994,430.74,430.62,431.52,430.14,832.3333333333334,0.5400000000000205,0.0013
2018-05-29,43.44,44.1,42.6672,42.72,FI,137633.33333333334,-0.7253414264036419,-0.7253414264036419,7.12,7.24,7.35,7.1112,825800,42.72,43.44,44.1,42.6672,137633.33333333334,-387.18,-0.8991
2018-05-30,436.5,437.76,432.96,433.98,FI,1482.8333333333333,1.7598634294385436,1.7598634294385436,72.33,72.75,72.96,72.16,8897,433.98,436.5,437.76,432.96,1482.8333333333333,393.06,9.0483
2018-05-31,435.66,439.38,435.12,435.54,FI,1349.1666666666667,1.7545523520485584,1.7545523520485584,72.59,72.61,73.23,72.52,8095,435.54,435.66,439.38,435.12,1349.1666666666667,-0.839999999999975,-0.0019
2018-06-01,439.98,441.36,436.86,437.4,FI,3995.1666666666665,1.7818664643399094,1.7818664643399094,72.9,73.33,73.56,72.81,23971,437.4,439.98,441.36,436.86,3995.1666666666665,4.319999999999993,0.0099
2018-06-04,445.56000000000006,447.6,440.1,441.36,FI,3670.6666666666665,1.8171471927162373,1.8171471927162373,73.56,74.26,74.6,73.35,22024,441.36,445.56000000000006,447.6,440.1,3670.6666666666665,5.580000000000041,0.0127
2018-06-05,448.08,448.44,445.86,445.86,FI,1988.1666666666667,1.833080424886191,1.833080424886191,74.31,74.68,74.74,74.31,11929,445.86,448.08,448.44,445.86,1988.1666666666667,2.519999999999925,0.0057
2018-06-06,456.36,456.36,449.88,449.88,FI,3123.1666666666665,1.8854324734446133,1.8854324734446133,74.98,76.06,76.06,74.98,18739,449.88,456.36,456.36,449.88,3123.1666666666665,8.28000000000003,0.0185
2018-06-07,450.48,455.64,447.72,455.64,FI,2137.0,1.8482549317147197,1.8482549317147197,75.94,75.08,75.94,74.62,12822,455.64,450.48,455.64,447.72,2137.0,-5.8799999999999955,-0.0129
2018-06-08,452.82,452.82,448.74,450.78,FI,3426.333333333333,1.863050075872534,1.863050075872534,75.13,75.47,75.47,74.79,20558,450.78,452.82,452.82,448.74,3426.333333333333,2.339999999999975,0.0052
2018-06-11,450.72,452.94,450.3,450.96,FI,1087.1666666666667,1.8497723823975725,1.8497723823975725,75.16,75.12,75.49,75.05,6523,450.96,450.72,452.94,450.3,1087.1666666666667,-2.099999999999966,-0.0046
2018-06-12,455.1,455.4,448.74,449.94,FI,1296.5,1.8774658573596361,1.8774658573596361,74.99,75.85,75.9,74.79,7779,449.94,455.1,455.4,448.74,1296.5,4.3799999999999955,0.0097
2018-06-13,455.16,459.96,454.32,458.7000000000001,FI,936.0,1.877845220030349,1.877845220030349,76.45,75.86,76.66,75.72,5616,458.7000000000001,455.16,459.96,454.32,936.0,0.060000000000002274,0.0001
2018-06-14,458.64,460.5,457.5,457.5,FI,1119.6666666666667,1.8998482549317148,1.8998482549317148,76.25,76.44,76.75,76.25,6718,457.5,458.64,460.5,457.5,1119.6666666666667,3.4799999999999613,0.0076
2018-06-15,458.94,459.36,455.64,455.88,FI,1356.3333333333333,1.9017450682852806,1.9017450682852806,75.98,76.49,76.56,75.94,8138,455.88,458.94,459.36,455.64,1356.3333333333333,0.30000000000001137,0.0007
2018-06-18,44.7,45.6762,44.1,45.48,FI,161335.66666666666,-0.7173748103186646,-0.7173748103186646,7.58,7.45,7.6127,7.35,968014,45.48,44.7,45.6762,44.1,161335.66666666666,-414.24,-0.9026
2018-06-19,456.9,457.08,454.02,454.32,FI,914.5,1.888846737481032,1.888846737481032,75.72,76.15,76.18,75.67,5487,454.32,456.9,457.08,454.02,914.5,412.2,9.2215
2018-06-20,457.32,460.44,456.9,457.62,FI,2477.1666666666665,1.891502276176024,1.891502276176024,76.27,76.22,76.74,76.15,14863,457.62,457.32,460.44,456.9,2477.1666666666665,0.4200000000000159,0.0009
2018-06-21,454.68,456.96,454.02,456.96,FI,1058.1666666666667,1.8748103186646434,1.8748103186646434,76.16,75.78,76.16,75.67,6349,456.96,454.68,456.96,454.02,1058.1666666666667,-2.6399999999999864,-0.0058
2018-06-22,453.48,456.0,452.79,452.79,FI,815.8333333333334,1.8672230652503796,1.8672230652503796,75.465,75.58,76.0,75.465,4895,452.79,453.48,456.0,452.79,815.8333333333334,-1.1999999999999886,-0.0026
2018-06-25,446.34,451.74,444.72,451.14,FI,1332.8333333333333,1.8220789074355082,1.8220789074355082,75.19,74.39,75.29,74.12,7997,451.14,446.34,451.74,444.72,1332.8333333333333,-7.140000000000043,-0.0157
2018-06-26,445.08,448.2000000000001,444.72,448.08,FI,2942.6666666666665,1.814112291350531,1.814112291350531,74.68,74.18,74.7,74.12,17656,448.08,445.08,448.2000000000001,444.72,2942.6666666666665,-1.259999999999991,-0.0028
2018-06-27,439.62,446.64,439.5,444.18,FI,1199.0,1.77959028831563,1.77959028831563,74.03,73.27,74.44,73.25,7194,444.18,439.62,446.64,439.5,1199.0,-5.4599999999999795,-0.0123
2018-06-28,443.58,444.18,439.86,442.74,FI,2100.333333333333,1.8046282245827008,1.8046282245827008,73.79,73.93,74.03,73.31,12602,442.74,443.58,444.18,439.86,2100.333333333333,3.9599999999999795,0.009
2018-06-29,444.54,447.66,443.34,443.34,FI,2130.0,1.8106980273141122,1.8106980273141122,73.89,74.09,74.61,73.89,12780,443.34,444.54,447.66,443.34,2130.0,0.9600000000000364,0.0022
2018-07-02,45.66,46.11,44.7,46.08,FI,228546.5,-0.7113050075872535,-0.7113050075872535,7.68,7.61,7.685,7.45,1371279,46.08,45.66,46.11,44.7,228546.5,-398.88,-0.8973
2018-07-03,446.46,449.88,446.4,449.88,FI,747.5,1.8228376327769344,1.8228376327769344,74.98,74.41,74.98,74.4,4485,449.88,446.46,449.88,446.4,747.5,400.79999999999995,8.7779
2018-07-05,450.12,450.84,446.4,446.4,FI,882.8333333333334,1.8459787556904403,1.8459787556904403,74.4,75.02,75.14,74.4,5297,446.4,450.12,450.84,446.4,882.8333333333334,3.660000000000025,0.0082
2018-07-06,452.94,453.72,450.18,452.34,FI,865.6666666666666,1.8638088012139604,1.8638088012139604,75.39,75.49,75.62,75.03,5194,452.34,452.94,453.72,450.18,865.6666666666666,2.819999999999993,0.0063
2018-07-09,48.72,49.08,46.2,46.2,FI,132781.0,-0.6919575113808801,-0.6919575113808801,7.7,8.12,8.18,7.7,796686,46.2,48.72,49.08,46.2,132781.0,-404.22,-0.8924
2018-07-10,455.76,457.32,453.6,455.28,FI,4935.166666666667,1.8816388467374812,1.8816388467374812,75.88,75.96,76.22,75.6,29611,455.28,455.76,457.32,453.6,4935.166666666667,407.03999999999996,8.3547
2018-07-11,458.94,461.28,456.54,456.84,FI,914.8333333333334,1.9017450682852806,1.9017450682852806,76.14,76.49,76.88,76.09,5489,456.84,458.94,461.28,456.54,914.8333333333334,3.180000000000007,0.007
2018-07-12,465.24,465.36,461.04,461.76,FI,2227.333333333333,1.9415781487101673,1.9415781487101673,76.96,77.54,77.56,76.84,13364,461.76,465.24,465.36,461.04,2227.333333333333,6.300000000000011,0.0137
2018-07-13,464.76,465.9,463.38,465.54,FI,3312.0,1.9385432473444615,1.9385432473444615,77.59,77.46,77.65,77.23,19872,465.54,464.76,465.9,463.38,3312.0,-0.4800000000000182,-0.001
2018-07-16,461.22,465.48,460.32,465.18,FI,474.1666666666667,1.9161608497723828,1.9161608497723828,77.53,76.87,77.58,76.72,2845,465.18,461.22,465.48,460.32,474.1666666666667,-3.5399999999999636,-0.0076
2018-07-17,462.84,463.86,461.16,461.16,FI,1208.6666666666667,1.9264036418816386,1.9264036418816386,76.86,77.14,77.31,76.86,7252,461.16,462.84,463.86,461.16,1208.6666666666667,1.6199999999999477,0.0035
2018-07-18,463.44,463.8,461.34,462.42,FI,851.8333333333334,1.9301972685887707,1.9301972685887707,77.07,77.24,77.3,76.89,5111,462.42,463.44,463.8,461.34,851.8333333333334,0.6000000000000227,0.0013
2018-07-19,464.64,465.12,461.94,464.04,FI,1106.5,1.937784522003035,1.937784522003035,77.34,77.44,77.52,76.99,6639,464.04,464.64,465.12,461.94,1106.5,1.1999999999999886,0.0026
2018-07-20,463.92,466.02,463.74,463.8,FI,1084.1666666666667,1.9332321699544766,1.9332321699544766,77.3,77.32,77.67,77.29,6505,463.8,463.92,466.02,463.74,1084.1666666666667,-0.7199999999999704,-0.0015
2018-07-23,464.22,464.58,462.3,462.3,FI,1342.3333333333333,1.935128983308043,1.935128983308043,77.05,77.37,77.43,77.05,8054,462.3,464.22,464.58,462.3,1342.3333333333333,0.30000000000001137,0.0006
2018-07-24,463.08,463.92,460.08,463.92,FI,934.1666666666666,1.9279210925644914,1.9279210925644914,77.32,77.18,77.32,76.68,5605,463.92,463.08,463.92,460.08,934.1666666666666,-1.1400000000000432,-0.0025
2018-07-25,465.78,465.78,462.66,464.76,FI,5357.166666666667,1.9449924127465859,1.9449924127465859,77.46,77.63,77.63,77.11,32143,464.76,465.78,465.78,462.66,5357.166666666667,2.6999999999999886,0.0058
2018-07-26,463.32,467.52,462.84,467.52,FI,2398.6666666666665,1.9294385432473442,1.9294385432473442,77.92,77.22,77.92,77.14,14392,467.52,463.32,467.52,462.84,2398.6666666666665,-2.4599999999999795,-0.0053
2018-07-27,456.72,464.22,455.4,464.22,FI,1520.3333333333333,1.8877086494688926,1.8877086494688926,77.37,76.12,77.37,75.9,9122,464.22,456.72,464.22,455.4,1520.3333333333333,-6.599999999999966,-0.0142
2018-07-30,446.94,455.7000000000001,446.34,455.7000000000001,FI,2180.833333333333,1.8258725341426403,1.8258725341426403,75.95,74.49,75.95,74.39,13085,455.7000000000001,446.94,455.7000000000001,446.34,2180.833333333333,-9.78000000000003,-0.0214
2018-07-31,452.82,454.98,447.96,451.74,FI,2499.333333333333,1.863050075872534,1.863050075872534,75.29,75.47,75.83,74.66,14996,451.74,452.82,454.98,447.96,2499.333333333333,5.8799999999999955,0.0132
2018-08-01,448.56000000000006,458.4,443.76,454.8,FI,2978.1666666666665,1.8361153262518974,1.8361153262518974,75.8,74.76,76.4,73.96,17869,454.8,448.56000000000006,458.4,443.76,2978.1666666666665,-4.259999999999934,-0.0094
2018-08-02,451.2000000000001,451.44,444.18,444.96,FI,2378.0,1.8528072837632783,1.8528072837632783,74.16,75.2,75.24,74.03,14268,444.96,451.2000000000001,451.44,444.18,2378.0,2.640000000000043,0.0059
2018-08-03,457.5,457.5,450.42,453.3,FI,1965.0,1.8926403641881642,1.8926403641881642,75.55,76.25,76.25,75.07,11790,453.3,457.5,457.5,450.42,1965.0,6.299999999999898,0.014
2018-08-06,461.4,461.46,456.66,458.94,FI,2284.5,1.9172989377845222,1.9172989377845222,76.49,76.9,76.91,76.11,13707,458.94,461.4,461.46,456.66,2284.5,3.8999999999999773,0.0085
2018-08-07,462.3,464.34,461.1,462.0,FI,2769.0,1.92298937784522,1.92298937784522,77.0,77.05,77.39,76.85,16614,462.0,462.3,464.34,461.1,2769.0,0.9000000000000341,0.002
2018-08-08,465.48,466.74,463.14,463.68,FI,2409.0,1.9430955993930201,1.9430955993930201,77.28,77.58,77.79,77.19,14454,463.68,465.48,466.74,463.14,2409.0,3.180000000000007,0.0069
2018-08-09,471.9,473.4,468.12,468.12,FI,3003.5,1.9836874051593325,1.9836874051593325,78.02,78.65,78.9,78.02,18021,468.12,471.9,473.4,468.12,3003.5,6.419999999999959,0.0138
2018-08-10,475.5,476.34,472.68,472.68,FI,1430.0,2.006449165402125,2.006449165402125,78.78,79.25,79.39,78.78,8580,472.68,475.5,476.34,472.68,1430.0,3.6000000000000227,0.0076
2018-08-13,51.6,53.1,51.0,52.86,FI,139466.5,-0.6737481031866465,-0.6737481031866465,8.81,8.6,8.85,8.5,836799,52.86,51.6,53.1,51.0,139466.5,-423.9,-0.8915
2018-08-14,474.18,477.36,471.48,472.56000000000006,FI,3799.6666666666665,1.9981031866464338,1.9981031866464338,78.76,79.03,79.56,78.58,22798,472.56000000000006,474.18,477.36,471.48,3799.6666666666665,422.58,8.1895
2018-08-15,472.26,473.58,469.86,473.58,FI,2103.0,1.9859635811836118,1.9859635811836118,78.93,78.71,78.93,78.31,12618,473.58,472.26,473.58,469.86,2103.0,-1.920000000000016,-0.004
2018-08-16,473.58,474.18,471.42,471.72,FI,2797.5,1.9943095599393017,1.9943095599393017,78.62,78.93,79.03,78.57,16785,471.72,473.58,474.18,471.42,2797.5,1.3199999999999932,0.0028
2018-08-17,476.7000000000001,477.48,472.62,474.48,FI,1051.6666666666667,2.014036418816389,2.014036418816389,79.08,79.45,79.58,78.77,6310,474.48,476.7000000000001,477.48,472.62,1051.6666666666667,3.1200000000001182,0.0066
2018-08-20,477.48,478.62,475.44,478.62,FI,1561.5,2.0189681335356604,2.0189681335356604,79.77,79.58,79.77,79.24,9369,478.62,477.48,478.62,475.44,1561.5,0.7799999999999159,0.0016
2018-08-21,476.82,478.26,476.46,478.14,FI,1296.5,2.014795144157815,2.014795144157815,79.69,79.47,79.71,79.41,7779,478.14,476.82,478.26,476.46,1296.5,-0.660000000000025,-0.0014
2018-08-22,53.28,54.0,53.22,53.4,FI,236902.0,-0.6631259484066768,-0.6631259484066768,8.9,8.88,9.0,8.87,1421412,53.4,53.28,54.0,53.22,236902.0,-423.53999999999996,-0.8883
2018-08-23,477.84,479.52,477.84,479.1,FI,1647.0,2.021244309559939,2.021244309559939,79.85,79.64,79.92,79.64,9882,479.1,477.84,479.52,477.84,1647.0,424.55999999999995,7.9685
2018-08-24,480.21,481.92,477.0,478.8,FI,1266.5,2.0362291350531105,2.0362291350531105,79.8,80.035,80.32,79.5,7599,478.8,480.21,481.92,477.0,1266.5,2.3700000000000045,0.005
2018-08-27,477.96,480.69,477.9,479.82,FI,1926.8333333333333,2.0220030349013656,2.0220030349013656,79.97,79.66,80.115,79.65,11561,479.82,477.96,480.69,477.9,1926.8333333333333,-2.25,-0.0047
2018-08-28,470.7000000000001,479.34,469.56000000000006,479.34,FI,2399.1666666666665,1.976100151745069,1.976100151745069,79.89,78.45,79.89,78.26,14395,479.34,470.7000000000001,479.34,469.56000000000006,2399.1666666666665,-7.259999999999877,-0.0152
2018-08-29,477.78,478.14,472.08,472.92,FI,2884.6666666666665,2.020864946889226,2.020864946889226,78.82,79.63,79.69,78.68,17308,472.92,477.78,478.14,472.08,2884.6666666666665,7.07999999999987,0.015
2018-08-30,477.42,478.8,476.58,477.84,FI,1948.1666666666667,2.018588770864947,2.018588770864947,79.64,79.57,79.8,79.43,11689,477.84,477.42,478.8,476.58,1948.1666666666667,-0.3599999999999568,-0.0008
2018-08-31,480.78,480.78,477.48,479.7000000000001,FI,1896.5,2.039833080424886,2.039833080424886,79.95,80.13,80.13,79.58,11379,479.7000000000001,480.78,480.78,477.48,1896.5,3.359999999999957,0.007
2018-09-04,479.82,480.66,476.22,478.74,FI,2311.333333333333,2.033763277693475,2.033763277693475,79.79,79.97,80.11,79.37,13868,478.74,479.82,480.66,476.22,2311.333333333333,-0.9599999999999795,-0.002
2018-09-05,478.26,481.32,475.68,480.84,FI,2228.0,2.0238998482549317,2.0238998482549317,80.14,79.71,80.22,79.28,13368,480.84,478.26,481.32,475.68,2228.0,-1.5600000000000023,-0.0033
2018-09-06,482.22,484.08,477.54,478.5,FI,3196.6666666666665,2.0489377845220034,2.0489377845220034,79.75,80.37,80.68,79.59,19180,478.5,482.22,484.08,477.54,3196.6666666666665,3.9600000000000364,0.0083
2018-09-07,479.58,483.06000000000006,478.68,481.2000000000001,FI,2361.6666666666665,2.032245827010622,2.032245827010622,80.2,79.93,80.51,79.78,14170,481.2000000000001,479.58,483.06000000000006,478.68,2361.6666666666665,-2.640000000000043,-0.0055
2018-09-10,482.4,483.24,480.06000000000006,480.42,FI,2438.833333333333,2.050075872534143,2.050075872534143,80.07,80.4,80.54,80.01,14633,480.42,482.4,483.24,480.06000000000006,2438.833333333333,2.819999999999993,0.0059
2018-09-11,484.86,487.2000000000001,481.8,481.86,FI,5409.333333333333,2.0656297420333845,2.0656297420333845,80.31,80.81,81.2,80.3,32456,481.86,484.86,487.2000000000001,481.8,5409.333333333333,2.4600000000000364,0.0051
2018-09-12,484.68,485.46,482.94,484.14,FI,1884.1666666666667,2.064491654021244,2.064491654021244,80.69,80.78,80.91,80.49,11305,484.14,484.68,485.46,482.94,1884.1666666666667,-0.18000000000000682,-0.0004
2018-09-13,486.48,487.56000000000006,485.4,487.56000000000006,FI,3155.0,2.0758725341426407,2.0758725341426407,81.26,81.08,81.26,80.9,18930,487.56000000000006,486.48,487.56000000000006,485.4,3155.0,1.8000000000000114,0.0037
2018-09-14,488.1,488.58,485.34,486.96,FI,3394.333333333333,2.086115326251897,2.086115326251897,81.16,81.35,81.43,80.89,20366,486.96,488.1,488.58,485.34,3394.333333333333,1.6200000000000045,0.0033
2018-09-17,49.2,51.36,49.2,51.0,FI,75194.66666666667,-0.6889226100151745,-0.6889226100151745,8.5,8.2,8.56,8.2,451168,51.0,49.2,51.36,49.2,75194.66666666667,-438.90000000000003,-0.8992
2018-09-18,481.56000000000006,483.3,480.48,480.9,FI,2195.0,2.0447647951441583,2.0447647951441583,80.15,80.26,80.55,80.08,13170,480.9,481.56000000000006,483.3,480.48,2195.0,432.36000000000007,8.7878
2018-09-19,476.7000000000001,482.7000000000001,475.92,482.7000000000001,FI,3817.6666666666665,2.014036418816389,2.014036418816389,80.45,79.45,80.45,79.32,22906,482.7000000000001,476.7000000000001,482.7000000000001,475.92,3817.6666666666665,-4.859999999999957,-0.0101
2018-09-20,480.84,481.14,476.64,477.66,FI,4528.5,2.0402124430955992,2.0402124430955992,79.61,80.14,80.19,79.44,27171,477.66,480.84,481.14,476.64,4528.5,4.139999999999873,0.0087
2018-09-21,488.22,488.94,481.5,482.22,FI,4316.5,2.0868740515933237,2.0868740515933237,80.37,81.37,81.49,80.25,25899,482.22,488.22,488.94,481.5,4316.5,7.380000000000052,0.0153
2018-09-24,485.64,486.78,483.33,484.26,FI,3450.6666666666665,2.070561456752656,2.070561456752656,80.71,80.94,81.13,80.555,20704,484.26,485.64,486.78,483.33,3450.6666666666665,-2.580000000000041,-0.0053
2018-09-25,490.05,491.04,487.98,488.22,FI,1526.6666666666667,2.098444613050076,2.098444613050076,81.37,81.675,81.84,81.33,9160,488.22,490.05,491.04,487.98,1526.6666666666667,4.410000000000025,0.0091
2018-09-26,489.66,493.86,489.18,491.88,FI,1684.1666666666667,2.09597875569044,2.09597875569044,81.98,81.61,82.31,81.53,10105,491.88,489.66,493.86,489.18,1684.1666666666667,-0.38999999999998636,-0.0008
2018-09-27,490.44,492.3,490.08,490.62,FI,1353.1666666666667,2.1009104704097115,2.1009104704097115,81.77,81.74,82.05,81.68,8119,490.62,490.44,492.3,490.08,1353.1666666666667,0.7799999999999727,0.0016
2018-09-28,493.86,494.1,490.2000000000001,490.26,FI,908.1666666666666,2.1225341426403643,2.1225341426403643,81.71,82.31,82.35,81.7,5449,490.26,493.86,494.1,490.2000000000001,908.1666666666666,3.420000000000016,0.007
2018-10-01,489.24,496.38,488.34,496.38,FI,3753.0,2.093323216995448,2.093323216995448,82.73,81.54,82.73,81.39,22518,496.38,489.24,496.38,488.34,3753.0,-4.6200000000000045,-0.0094
2018-10-02,491.22,493.26,487.8,488.52,FI,3747.6666666666665,2.1058421851289837,2.1058421851289837,81.42,81.87,82.21,81.3,22486,488.52,491.22,493.26,487.8,3747.6666666666665,1.9800000000000182,0.004
2018-10-03,490.02,493.74,490.02,491.04,FI,4063.8333333333335,2.0982549317147194,2.0982549317147194,81.84,81.67,82.29,81.67,24383,491.04,490.02,493.74,490.02,4063.8333333333335,-1.2000000000000455,-0.0024
2018-10-04,482.88,487.74,479.4,487.44,FI,1719.8333333333333,2.0531107738998484,2.0531107738998484,81.24,80.48,81.29,79.9,10319,487.44,482.88,487.74,479.4,1719.8333333333333,-7.139999999999986,-0.0146
2018-10-05,486.12,487.62,483.24,486.9,FI,1423.3333333333333,2.0735963581183614,2.0735963581183614,81.15,81.02,81.27,80.54,8540,486.9,486.12,487.62,483.24,1423.3333333333333,3.240000000000009,0.0067
2018-10-08,483.6,487.14,477.78,487.14,FI,2350.5,2.057663125948407,2.057663125948407,81.19,80.6,81.19,79.63,14103,487.14,483.6,487.14,477.78,2350.5,-2.519999999999982,-0.0052
2018-10-09,484.5,488.7000000000001,481.74,483.12,FI,2569.833333333333,2.063353566009105,2.063353566009105,80.52,80.75,81.45,80.29,15419,483.12,484.5,488.7000000000001,481.74,2569.833333333333,0.8999999999999773,0.0019
2018-10-10,462.06000000000006,481.44,461.64,481.08,FI,4376.166666666667,1.921471927162368,1.921471927162368,80.18,77.01,80.24,76.94,26257,481.08,462.06000000000006,481.44,461.64,4376.166666666667,-22.43999999999994,-0.0463
2018-10-11,455.52,465.48,454.74,462.24,FI,5042.166666666667,1.8801213960546284,1.8801213960546284,77.04,75.92,77.58,75.79,30253,462.24,455.52,465.48,454.74,5042.166666666667,-6.540000000000077,-0.0142
2018-10-12,463.02,464.28,457.74,459.66,FI,3226.1666666666665,1.9275417298937785,1.9275417298937785,76.61,77.17,77.38,76.29,19357,459.66,463.02,464.28,457.74,3226.1666666666665,7.5,0.0165
2018-10-15,460.98,465.96,460.98,460.98,FI,2368.5,1.91464339908953,1.91464339908953,76.83,76.83,77.66,76.83,14211,460.98,460.98,465.96,460.98,2368.5,-2.0399999999999636,-0.0044
2018-10-16,50.34,50.46,48.39,48.78,FI,96716.0,-0.6817147192716236,-0.6817147192716236,8.13,8.39,8.41,8.065,580296,48.78,50.34,50.46,48.39,96716.0,-410.64,-0.8908
2018-10-17,474.66,474.84,470.04,471.96,FI,1311.3333333333333,2.0011380880121394,2.0011380880121394,78.66,79.11,79.14,78.34,7868,471.96,474.66,474.84,470.04,1311.3333333333333,424.32000000000005,8.4291
2018-10-18,470.64,477.3,468.96,473.64,FI,3562.333333333333,1.9757207890743553,1.9757207890743553,78.94,78.44,79.55,78.16,21374,473.64,470.64,477.3,468.96,3562.333333333333,-4.020000000000039,-0.0085
2018-10-19,471.36,478.62,470.46,475.14,FI,6260.666666666667,1.9802731411229137,1.9802731411229137,79.19,78.56,79.77,78.41,37564,475.14,471.36,478.62,470.46,6260.666666666667,0.7200000000000273,0.0015
2018-10-22,476.88,479.58,473.22,473.88,FI,3146.6666666666665,2.0151745068285285,2.0151745068285285,78.98,79.48,79.93,78.87,18880,473.88,476.88,479.58,473.22,3146.6666666666665,5.519999999999982,0.0117
2018-10-23,475.8,479.7000000000001,466.62,471.42,FI,4824.0,2.0083459787556905,2.0083459787556905,78.57,79.3,79.95,77.77,28944,471.42,475.8,479.7000000000001,466.62,4824.0,-1.079999999999984,-0.0023
2018-10-24,462.72,477.12,462.3,475.68,FI,3029.833333333333,1.9256449165402127,1.9256449165402127,79.28,77.12,79.52,77.05,18179,475.68,462.72,477.12,462.3,3029.833333333333,-13.079999999999984,-0.0275
2018-10-25,473.1,475.74,464.16,465.36,FI,3371.1666666666665,1.9912746585735968,1.9912746585735968,77.56,78.85,79.29,77.36,20227,465.36,473.1,475.74,464.16,3371.1666666666665,10.379999999999995,0.0224
2018-10-26,467.58,471.42,460.44,462.48,FI,4035.1666666666665,1.9563732928679816,1.9563732928679816,77.08,77.93,78.57,76.74,24211,462.48,467.58,471.42,460.44,4035.1666666666665,-5.520000000000039,-0.0117
2018-10-29,462.96,475.44,457.38,473.1,FI,9516.333333333334,1.927162367223065,1.927162367223065,78.85,77.16,79.24,76.23,57098,473.1,462.96,475.44,457.38,9516.333333333334,-4.6200000000000045,-0.0099
2018-10-30,467.52,467.88,460.38,464.04,FI,8107.0,1.9559939301972686,1.9559939301972686,77.34,77.92,77.98,76.73,48642,464.04,467.52,467.88,460.38,8107.0,4.560000000000002,0.0098
2018-10-31,475.32,478.2000000000001,470.28,474.24,FI,4503.666666666667,2.0053110773899845,2.0053110773899845,79.04,79.22,79.7,78.38,27022,474.24,475.32,478.2000000000001,470.28,4503.666666666667,7.800000000000011,0.0167
2018-11-01,449.7000000000001,465.54,446.76,446.76,FI,9945.5,1.843323216995448,1.843323216995448,74.46,74.95,77.59,74.46,59673,446.76,449.7000000000001,465.54,446.76,9945.5,-25.61999999999989,-0.0539
2018-11-02,449.52,454.02,443.76,453.78,FI,4936.333333333333,1.8421851289833082,1.8421851289833082,75.63,74.92,75.67,73.96,29618,453.78,449.52,454.02,443.76,4936.333333333333,-0.1800000000001205,-0.0004
2018-11-05,460.38,461.52,452.16,452.34,FI,5987.666666666667,1.9108497723823978,1.9108497723823978,75.39,76.73,76.92,75.36,35926,452.34,460.38,461.52,452.16,5987.666666666667,10.860000000000014,0.0242
2018-11-06,464.7000000000001,465.42,461.28,462.42,FI,4074.5,1.9381638846737486,1.9381638846737486,77.07,77.45,77.57,76.88,24447,462.42,464.7000000000001,465.42,461.28,4074.5,4.320000000000107,0.0094
2018-11-07,475.44,475.44,469.38,469.38,FI,5122.0,2.0060698027314112,2.0060698027314112,78.23,79.24,79.24,78.23,30732,469.38,475.44,475.44,469.38,5122.0,10.739999999999895,0.0231
2018-11-08,478.68,478.74,474.48,474.66,FI,2344.5,2.026555386949924,2.026555386949924,79.11,79.78,79.79,79.08,14067,474.66,478.68,478.74,474.48,2344.5,3.240000000000009,0.0068
2018-11-09,46.38,46.74,44.82,45.18,FI,73555.5,-0.706752655538695,-0.706752655538695,7.53,7.73,7.79,7.47,441333,45.18,46.38,46.74,44.82,73555.5,-432.3,-0.9031
2018-11-12,471.06000000000006,481.8,471.06000000000006,479.88,FI,3520.0,1.978376327769348,1.978376327769348,79.98,78.51,80.3,78.51,21120,479.88,471.06000000000006,481.8,471.06000000000006,3520.0,424.68000000000006,9.1565
2018-11-13,466.2000000000001,473.58,465.12,473.58,FI,2402.6666666666665,1.9476479514415788,1.9476479514415788,78.93,77.7,78.93,77.52,14416,473.58,466.2000000000001,473.58,465.12,2402.6666666666665,-4.859999999999957,-0.0103
2018-11-14,466.56000000000006,470.58,464.4,470.58,FI,5137.333333333333,1.949924127465858,1.949924127465858,78.43,77.76,78.43,77.4,30824,470.58,466.56000000000006,470.58,464.4,5137.333333333333,0.3599999999999568,0.0008
2018-11-15,477.24,477.72,464.82,464.82,FI,3016.6666666666665,2.0174506828528074,2.0174506828528074,77.47,79.54,79.62,77.47,18100,464.82,477.24,477.72,464.82,3016.6666666666665,10.67999999999995,0.0229
2018-11-16,481.56000000000006,483.0,477.9,477.9,FI,3001.5,2.0447647951441583,2.0447647951441583,79.65,80.26,80.5,79.65,18009,477.9,481.56000000000006,483.0,477.9,3001.5,4.32000000000005,0.0091
2018-11-19,471.24,482.82,469.44,481.08,FI,3998.8333333333335,1.9795144157814875,1.9795144157814875,80.18,78.54,80.47,78.24,23993,481.08,471.24,482.82,469.44,3998.8333333333335,-10.32000000000005,-0.0214
2018-11-20,456.84,466.92,455.46,466.62,FI,5385.5,1.8884673748103185,1.8884673748103185,77.77,76.14,77.82,75.91,32313,466.62,456.84,466.92,455.46,5385.5,-14.400000000000034,-0.0306
2018-11-21,461.46,464.04,456.66,457.74,FI,1931.1666666666667,1.917678300455235,1.917678300455235,76.29,76.91,77.34,76.11,11587,457.74,461.46,464.04,456.66,1931.1666666666667,4.6200000000000045,0.0101
2018-11-23,47.94,49.8,47.94,48.12,FI,50645.5,-0.6968892261001518,-0.6968892261001518,8.02,7.99,8.3,7.99,303873,48.12,47.94,49.8,47.94,50645.5,-413.52,-0.8961
2018-11-26,464.1,465.24,460.32,464.94,FI,7445.0,1.9343702579666164,1.9343702579666164,77.49,77.35,77.54,76.72,44670,464.94,464.1,465.24,460.32,7445.0,416.16,8.6809
2018-11-27,462.54,464.64,459.06000000000006,463.62,FI,4361.833333333333,1.9245068285280729,1.9245068285280729,77.27,77.09,77.44,76.51,26171,463.62,462.54,464.64,459.06000000000006,4361.833333333333,-1.5600000000000023,-0.0034
2018-11-28,476.34,476.58,464.88,464.88,FI,4260.333333333333,2.011760242792109,2.011760242792109,77.48,79.39,79.43,77.48,25562,464.88,476.34,476.58,464.88,4260.333333333333,13.799999999999955,0.0298
2018-11-29,470.64,476.16,470.64,474.06000000000006,FI,4345.666666666667,1.9757207890743553,1.9757207890743553,79.01,78.44,79.36,78.44,26074,474.06000000000006,470.64,476.16,470.64,4345.666666666667,-5.699999999999989,-0.012
2018-11-30,474.51,475.2000000000001,470.64,473.22,FI,4155.833333333333,2.000189681335357,2.000189681335357,78.87,79.085,79.2,78.44,24935,473.22,474.51,475.2000000000001,470.64,4155.833333333333,3.8700000000000045,0.0082
2018-12-03,477.84,479.94,475.38,478.86,FI,6272.0,2.021244309559939,2.021244309559939,79.81,79.64,79.99,79.23,37632,478.86,477.84,479.94,475.38,6272.0,3.329999999999984,0.007
2018-12-04,461.46,480.0,459.9,480.0,FI,7821.833333333333,1.917678300455235,1.917678300455235,80.0,76.91,80.0,76.65,46931,480.0,461.46,480.0,459.9,7821.833333333333,-16.379999999999995,-0.0343
2018-12-06,456.42,456.66,444.48,454.38,FI,7052.166666666667,1.8858118361153262,1.8858118361153262,75.73,76.07,76.11,74.08,42313,454.38,456.42,456.66,444.48,7052.166666666667,-5.039999999999964,-0.0109
2018-12-07,448.92,458.88,446.4,455.88,FI,7272.166666666667,1.838391502276176,1.838391502276176,75.98,74.82,76.48,74.4,43633,455.88,448.92,458.88,446.4,7272.166666666667,-7.5,-0.0164
2018-12-10,457.5,458.04,445.8,450.48,FI,5168.833333333333,1.8926403641881642,1.8926403641881642,75.08,76.25,76.34,74.3,31013,450.48,457.5,458.04,445.8,5168.833333333333,8.579999999999984,0.0191
2018-12-11,460.68,467.58,459.42,465.24,FI,2524.333333333333,1.9127465857359636,1.9127465857359636,77.54,76.78,77.93,76.57,15146,465.24,460.68,467.58,459.42,2524.333333333333,3.180000000000007,0.007
2018-12-12,465.48,472.14,464.7000000000001,465.96,FI,2264.833333333333,1.9430955993930201,1.9430955993930201,77.66,77.58,78.69,77.45,13589,465.96,465.48,472.14,464.7000000000001,2264.833333333333,4.800000000000011,0.0104
2018-12-13,466.62,468.06000000000006,462.12,467.16,FI,4106.5,1.9503034901365708,1.9503034901365708,77.86,77.77,78.01,77.02,24639,467.16,466.62,468.06000000000006,462.12,4106.5,1.1399999999999864,0.0024
2018-12-14,457.44,464.1,457.44,460.62,FI,3942.0,1.8922610015174506,1.8922610015174506,76.77,76.24,77.35,76.24,23652,460.62,457.44,464.1,457.44,3942.0,-9.180000000000007,-0.0197
2018-12-17,446.64,457.02,444.12,457.02,FI,4558.166666666667,1.8239757207890746,1.8239757207890746,76.17,74.44,76.17,74.02,27349,457.02,446.64,457.02,444.12,4558.166666666667,-10.800000000000011,-0.0236
2018-12-18,438.24,449.16,434.34,448.38,FI,4915.833333333333,1.7708649468892264,1.7708649468892264,74.73,73.04,74.86,72.39,29495,448.38,438.24,449.16,434.34,4915.833333333333,-8.399999999999977,-0.0188
2018-12-19,437.1,449.94,432.06000000000006,438.9,FI,12652.0,1.7636570561456757,1.7636570561456757,73.15,72.85,74.99,72.01,75912,438.9,437.1,449.94,432.06000000000006,12652.0,-1.1399999999999864,-0.0026
2018-12-20,434.82,439.86,429.54,435.72,FI,5272.666666666667,1.7492412746585735,1.7492412746585735,72.62,72.47,73.31,71.59,31636,435.72,434.82,439.86,429.54,5272.666666666667,-2.2800000000000296,-0.0052
2018-12-21,425.58,441.96,421.26,437.16,FI,3805.1666666666665,1.6908194233687404,1.6908194233687404,72.86,70.93,73.66,70.21,22831,437.16,425.58,441.96,421.26,3805.1666666666665,-9.240000000000009,-0.0213
2018-12-24,413.88,425.46,413.88,424.5,FI,2202.833333333333,1.6168437025796663,1.6168437025796663,70.75,68.98,70.91,68.98,13217,424.5,413.88,425.46,413.88,2202.833333333333,-11.699999999999989,-0.0275
2018-12-26,431.1,431.4,411.42,417.78,FI,3017.1666666666665,1.7257207890743556,1.7257207890743556,69.63,71.85,71.9,68.57,18103,417.78,431.1,431.4,411.42,3017.1666666666665,17.220000000000027,0.0416
2018-12-27,438.0,438.06000000000006,422.76,423.06000000000006,FI,3908.0,1.7693474962063735,1.7693474962063735,70.51,73.0,73.01,70.46,23448,423.06000000000006,438.0,438.06000000000006,422.76,3908.0,6.899999999999977,0.016
2018-12-28,437.94,443.46,436.38,441.12,FI,3629.3333333333335,1.76896813353566,1.76896813353566,73.52,72.99,73.91,72.73,21776,441.12,437.94,443.46,436.38,3629.3333333333335,-0.060000000000002274,-0.0001
2018-12-31,440.4,441.54,435.96,440.28,FI,3410.833333333333,1.7845220030349014,1.7845220030349014,73.38,73.4,73.59,72.66,20465,440.28,440.4,441.54,435.96,3410.833333333333,2.4599999999999795,0.0056
2019-01-02,433.32,440.4,431.04,433.98,FI,6461.833333333333,1.7397572078907433,1.7397572078907433,72.33,72.22,73.4,71.84,38771,433.98,433.32,440.4,431.04,6461.833333333333,-7.079999999999984,-0.0161
2019-01-03,420.72,431.16,420.72,430.98,FI,4091.0,1.6600910470409715,1.6600910470409715,71.83,70.12,71.86,70.12,24546,430.98,420.72,431.16,420.72,4091.0,-12.599999999999966,-0.0291
2019-01-04,439.2000000000001,440.46,426.12,426.36,FI,2157.6666666666665,1.7769347496206378,1.7769347496206378,71.06,73.2,73.41,71.02,12946,426.36,439.2000000000001,440.46,426.12,2157.6666666666665,18.480000000000075,0.0439
2019-01-07,438.24,445.8,436.32,438.0,FI,3184.6666666666665,1.7708649468892264,1.7708649468892264,73.0,73.04,74.3,72.72,19108,438.0,438.24,445.8,436.32,3184.6666666666665,-0.9600000000000932,-0.0022
2019-01-08,441.18,443.4,434.94,443.4,FI,2160.6666666666665,1.789453717754173,1.789453717754173,73.9,73.53,73.9,72.49,12964,443.4,441.18,443.4,434.94,2160.6666666666665,2.9399999999999977,0.0067
2019-01-09,439.38,442.32,438.3,441.24,FI,1771.6666666666667,1.7780728376327772,1.7780728376327772,73.54,73.23,73.72,73.05,10630,441.24,439.38,442.32,438.3,1771.6666666666667,-1.8000000000000114,-0.0041
2019-01-10,446.52,446.52,439.08,439.14,FI,1271.8333333333333,1.823216995447648,1.823216995447648,73.19,74.42,74.42,73.18,7631,439.14,446.52,446.52,439.08,1271.8333333333333,7.139999999999986,0.0163
2019-01-11,444.6,444.84,442.26,444.84,FI,2164.833333333333,1.8110773899848258,1.8110773899848258,74.14,74.1,74.14,73.71,12989,444.84,444.6,444.84,442.26,2164.833333333333,-1.919999999999959,-0.0043
2019-01-14,443.28,445.62,439.32,439.32,FI,1233.8333333333333,1.802731411229135,1.802731411229135,73.22,73.88,74.27,73.22,7403,439.32,443.28,445.62,439.32,1233.8333333333333,-1.32000000000005,-0.003
2019-01-15,449.94,451.8,446.04,446.04,FI,1874.0,1.8448406676783002,1.8448406676783002,74.34,74.99,75.3,74.34,11244,446.04,449.94,451.8,446.04,1874.0,6.660000000000025,0.015
2019-01-16,434.46,436.02,410.94,423.06000000000006,FI,52559.66666666666,1.7469650986342942,1.7469650986342942,70.51,72.41,72.67,68.49,315358,423.06000000000006,434.46,436.02,410.94,52559.66666666666,-15.480000000000018,-0.0344
2019-01-17,447.54,453.12,432.84,434.04,FI,31092.5,1.8296661608497724,1.8296661608497724,72.34,74.59,75.52,72.14,186555,434.04,447.54,453.12,432.84,31092.5,13.080000000000041,0.0301
2019-01-18,467.28,467.28,450.84,450.84,FI,44237.16666666666,1.9544764795144158,1.9544764795144158,75.14,77.88,77.88,75.14,265423,450.84,467.28,467.28,450.84,44237.16666666666,19.739999999999952,0.0441
2019-01-22,34.74,35.04,34.2,34.92,FI,63957.5,-0.7803490136570561,-0.7803490136570561,5.82,5.79,5.84,5.7,383745,34.92,34.74,35.04,34.2,63957.5,-432.53999999999996,-0.9257
2019-01-23,483.54,483.9,472.86,473.16,FI,37723.66666666666,2.0572837632776935,2.0572837632776935,78.86,80.59,80.65,78.81,226342,473.16,483.54,483.9,472.86,37723.66666666666,448.8,12.9188
2019-01-24,497.28,497.28,483.9,483.9,FI,29587.666666666668,2.1441578148710168,2.1441578148710168,80.65,82.88,82.88,80.65,177526,483.9,497.28,497.28,483.9,29587.666666666668,13.739999999999952,0.0284
2019-01-25,510.12,510.42,494.1,499.5,FI,34926.833333333336,2.225341426403642,2.225341426403642,83.25,85.02,85.07,82.35,209561,499.5,510.12,510.42,494.1,34926.833333333336,12.840000000000032,0.0258
2019-01-28,511.44,513.66,503.22,507.96,FI,24698.83333333333,2.233687405159332,2.233687405159332,84.66,85.24,85.61,83.87,148193,507.96,511.44,513.66,503.22,24698.83333333333,1.3199999999999932,0.0026
2019-01-29,501.72,509.76,498.78,507.78,FI,15669.5,2.172230652503794,2.172230652503794,84.63,83.62,84.96,83.13,94017,507.78,501.72,509.76,498.78,15669.5,-9.71999999999997,-0.019
2019-01-30,507.66,508.92,502.98,505.56000000000006,FI,24820.0,2.2097875569044008,2.2097875569044008,84.26,84.61,84.82,83.83,148920,505.56000000000006,507.66,508.92,502.98,24820.0,5.939999999999998,0.0118
2019-01-31,497.46,507.48,495.96,507.48,FI,22735.166666666668,2.145295902883156,2.145295902883156,84.58,82.91,84.58,82.66,136411,507.48,497.46,507.48,495.96,22735.166666666668,-10.200000000000045,-0.0201
2019-02-01,35.7,36.1794,34.2,34.5,FI,84481.0,-0.7742792109256449,-0.7742792109256449,5.75,5.95,6.0299,5.7,506886,34.5,35.7,36.1794,34.2,84481.0,-461.76,-0.9282
2019-02-04,504.18,504.24,494.64,494.64,FI,13918.166666666666,2.1877845220030347,2.1877845220030347,82.44,84.03,84.04,82.44,83509,494.64,504.18,504.24,494.64,13918.166666666666,468.48,13.1227
2019-02-05,510.96,511.2000000000001,502.02,503.04,FI,13864.333333333334,2.2306525037936265,2.2306525037936265,83.84,85.16,85.2,83.67,83186,503.04,510.96,511.2000000000001,502.02,13864.333333333334,6.779999999999973,0.0134
2019-02-06,507.36,510.3,503.58,507.06000000000006,FI,11906.166666666666,2.207890743550835,2.207890743550835,84.51,84.56,85.05,83.93,71437,507.06000000000006,507.36,510.3,503.58,11906.166666666666,-3.599999999999966,-0.007
2019-02-07,504.0,505.62,498.0,498.66,FI,25141.666666666668,2.1866464339908958,2.1866464339908958,83.11,84.0,84.27,83.0,150850,498.66,504.0,505.62,498.0,25141.666666666668,-3.3600000000000136,-0.0066
2019-02-08,514.14,514.14,502.8,504.3,FI,13448.666666666666,2.2507587253414267,2.2507587253414267,84.05,85.69,85.69,83.8,80692,504.3,514.14,514.14,502.8,13448.666666666666,10.139999999999986,0.0201
2019-02-11,507.3,517.62,505.74,515.04,FI,28617.666666666668,2.2075113808801214,2.2075113808801214,85.84,84.55,86.27,84.29,171706,515.04,507.3,517.62,505.74,28617.666666666668,-6.839999999999975,-0.0133
2019-02-12,506.4,509.94,503.58,509.64,FI,22905.5,2.2018209408194234,2.2018209408194234,84.94,84.4,84.99,83.93,137433,509.64,506.4,509.94,503.58,22905.5,-0.9000000000000341,-0.0018
2019-02-13,506.28,508.98,503.88,505.74,FI,22097.5,2.201062215477997,2.201062215477997,84.29,84.38,84.83,83.98,132585,505.74,506.28,508.98,503.88,22097.5,-0.12000000000000455,-0.0002
2019-02-14,505.98,508.32,503.04,503.1,FI,20996.666666666668,2.1991654021244313,2.1991654021244313,83.85,84.33,84.72,83.84,125980,503.1,505.98,508.32,503.04,20996.666666666668,-0.2999999999999545,-0.0006
2019-02-15,39.54,39.78,39.0,39.54,FI,110902.5,-0.75,-0.75,6.59,6.59,6.63,6.5,665415,39.54,39.54,39.78,39.0,110902.5,-466.44,-0.9219
2019-02-19,513.66,515.16,512.8199999999999,513.42,FI,9837.166666666666,2.2477238239757207,2.2477238239757207,85.57,85.61,85.86,85.47,59023,513.42,513.66,515.16,512.8199999999999,9837.166666666666,474.11999999999995,11.9909
2019-02-20,508.32,511.68,506.76,511.68,FI,13436.5,2.213960546282246,2.213960546282246,85.28,84.72,85.28,84.46,80619,511.68,508.32,511.68,506.76,13436.5,-5.339999999999975,-0.0104
2019-02-21,508.44,512.46,504.9,505.44,FI,7978.666666666667,2.214719271623672,2.214719271623672,84.24,84.74,85.41,84.15,47872,505.44,508.44,512.46,504.9,7978.666666666667,0.12000000000000455,0.0002
2019-02-22,510.18,512.7,509.04,510.6,FI,5402.5,2.225720789074355,2.225720789074355,85.1,85.03,85.45,84.84,32415,510.6,510.18,512.7,509.04,5402.5,1.740000000000009,0.0034
2019-02-25,505.26,510.48,505.2000000000001,508.98,FI,12410.833333333334,2.1946130500758727,2.1946130500758727,84.83,84.21,85.08,84.2,74465,508.98,505.26,510.48,505.2000000000001,12410.833333333334,-4.920000000000016,-0.0096
2019-02-26,508.2000000000001,509.7000000000001,504.6,505.44,FI,11431.833333333334,2.21320182094082,2.21320182094082,84.24,84.7,84.95,84.1,68591,505.44,508.2000000000001,509.7000000000001,504.6,11431.833333333334,2.9400000000001114,0.0058
2019-02-27,38.7,38.82,37.14,37.8,FI,192226.0,-0.7553110773899848,-0.7553110773899848,6.3,6.45,6.47,6.19,1153356,37.8,38.7,38.82,37.14,192226.0,-469.5000000000001,-0.9238
2019-02-28,508.08,512.04,508.08,509.82,FI,8455.5,2.212443095599393,2.212443095599393,84.97,84.68,85.34,84.68,50733,509.82,508.08,512.04,508.08,8455.5,469.38,12.1287
2019-03-01,518.22,519.96,509.64,509.64,FI,5159.666666666667,2.2765553869499247,2.2765553869499247,84.94,86.37,86.66,84.94,30958,509.64,518.22,519.96,509.64,5159.666666666667,10.140000000000043,0.02
2019-03-04,513.3,522.66,510.6,522.66,FI,9851.5,2.2454476479514414,2.2454476479514414,87.11,85.55,87.11,85.1,59109,522.66,513.3,522.66,510.6,9851.5,-4.920000000000073,-0.0095
2019-03-05,37.68,38.46,37.62,38.34,FI,49634.16666666666,-0.7617602427921092,-0.7617602427921092,6.39,6.28,6.41,6.27,297805,38.34,37.68,38.46,37.62,49634.16666666666,-475.61999999999995,-0.9266
2019-03-06,512.28,516.36,509.94,514.8,FI,6438.5,2.2389984825493174,2.2389984825493174,85.8,85.38,86.06,84.99,38631,514.8,512.28,516.36,509.94,6438.5,474.59999999999997,12.5955
2019-03-07,510.12,513.78,507.24,511.8,FI,9207.833333333334,2.225341426403642,2.225341426403642,85.3,85.02,85.63,84.54,55247,511.8,510.12,513.78,507.24,9207.833333333334,-2.159999999999968,-0.0042
2019-03-08,509.52,510.54,505.68,505.92,FI,3520.833333333333,2.22154779969651,2.22154779969651,84.32,84.92,85.09,84.28,21125,505.92,509.52,510.54,505.68,3520.833333333333,-0.6000000000000227,-0.0012
2019-03-11,515.7,517.02,511.92,511.92,FI,6391.5,2.2606221547799703,2.2606221547799703,85.32,85.95,86.17,85.32,38349,511.92,515.7,517.02,511.92,6391.5,6.180000000000064,0.0121
2019-03-12,515.8199999999999,517.6800000000001,513.0,514.86,FI,4181.666666666667,2.2613808801213957,2.2613808801213957,85.81,85.97,86.28,85.5,25090,514.86,515.8199999999999,517.6800000000001,513.0,4181.666666666667,0.11999999999989086,0.0002
2019-03-13,516.36,521.76,515.22,518.16,FI,7408.5,2.2647951441578154,2.2647951441578154,86.36,86.06,86.96,85.87,44451,518.16,516.36,521.76,515.22,7408.5,0.5400000000000773,0.001
2019-03-14,513.0600000000001,517.8,511.32,517.2,FI,5619.333333333333,2.243930197268589,2.243930197268589,86.2,85.51,86.3,85.22,33716,517.2,513.0600000000001,517.8,511.32,5619.333333333333,-3.2999999999999545,-0.0064
2019-03-15,517.5600000000001,523.5,515.8199999999999,517.02,FI,9436.833333333334,2.2723823975720796,2.2723823975720796,86.17,86.26,87.25,85.97,56621,517.02,517.5600000000001,523.5,515.8199999999999,9436.833333333334,4.5,0.0088
2019-03-18,510.42,521.34,507.54,519.48,FI,14920.166666666666,2.2272382397572077,2.2272382397572077,86.58,85.07,86.89,84.59,89521,519.48,510.42,521.34,507.54,14920.166666666666,-7.140000000000043,-0.0138
2019-03-19,507.18,512.88,504.96,512.88,FI,12790.166666666666,2.2067526555386947,2.2067526555386947,85.48,84.53,85.48,84.16,76741,512.88,507.18,512.88,504.96,12790.166666666666,-3.240000000000009,-0.0063
2019-03-20,502.38,506.94,500.28,506.1,FI,11078.333333333334,2.176403641881639,2.176403641881639,84.35,83.73,84.49,83.38,66470,506.1,502.38,506.94,500.28,11078.333333333334,-4.800000000000011,-0.0095
2019-03-21,516.24,516.5999999999999,502.68,502.68,FI,15915.666666666666,2.2640364188163886,2.2640364188163886,83.78,86.04,86.1,83.78,95494,502.68,516.24,516.5999999999999,502.68,15915.666666666666,13.860000000000014,0.0276
2019-03-22,513.3,517.5,510.9,515.7,FI,21778.666666666668,2.2454476479514414,2.2454476479514414,85.95,85.55,86.25,85.15,130672,515.7,513.3,517.5,510.9,21778.666666666668,-2.9400000000000546,-0.0057
2019-03-25,511.68,513.0600000000001,509.52,510.54,FI,5013.666666666667,2.235204855842185,2.235204855842185,85.09,85.28,85.51,84.92,30082,510.54,511.68,513.0600000000001,509.52,5013.666666666667,-1.6199999999999477,-0.0032
2019-03-26,36.96,38.04,36.48,37.5,FI,94980.0,-0.7663125948406676,-0.7663125948406676,6.25,6.16,6.34,6.08,569880,37.5,36.96,38.04,36.48,94980.0,-474.72,-0.9278
2019-03-27,526.2,527.7,521.22,522.96,FI,13094.666666666666,2.3270106221547806,2.3270106221547806,87.16,87.7,87.95,86.87,78568,522.96,526.2,527.7,521.22,13094.666666666666,489.24000000000007,13.237
2019-03-28,526.86,527.9399999999999,522.12,526.74,FI,16070.5,2.3311836115326257,2.3311836115326257,87.79,87.81,87.99,87.02,96423,526.74,526.86,527.9399999999999,522.12,16070.5,0.6599999999999682,0.0013
2019-03-29,529.4399999999999,531.3,525.54,528.0,FI,10127.5,2.3474962063732927,2.3474962063732927,88.0,88.24,88.55,87.59,60765,528.0,529.4399999999999,531.3,525.54,10127.5,2.5799999999999272,0.0049
2019-04-01,536.0999999999999,536.4000000000001,528.78,534.3,FI,8800.333333333334,2.389605462822458,2.389605462822458,89.05,89.35,89.4,88.13,52802,534.3,536.0999999999999,536.4000000000001,528.78,8800.333333333334,6.659999999999968,0.0126
2019-04-02,538.8,541.02,535.6800000000001,537.1800000000001,FI,6703.666666666667,2.4066767830045523,2.4066767830045523,89.53,89.8,90.17,89.28,40222,537.1800000000001,538.8,541.02,535.6800000000001,6703.666666666667,2.7000000000000455,0.005
2019-04-03,36.42,38.22,36.36,37.8,FI,113942.16666666669,-0.7697268588770865,-0.7697268588770865,6.3,6.07,6.37,6.06,683653,37.8,36.42,38.22,36.36,113942.16666666669,-502.37999999999994,-0.9324
2019-04-04,540.5999999999999,544.4399999999999,536.9399999999999,544.4399999999999,FI,5456.833333333333,2.418057663125948,2.418057663125948,90.74,90.1,90.74,89.49,32741,544.4399999999999,540.5999999999999,544.4399999999999,536.9399999999999,5456.833333333333,504.1799999999999,13.8435
2019-04-05,539.46,543.3,537.84,540.96,FI,6432.833333333333,2.410849772382398,2.410849772382398,90.16,89.91,90.55,89.64,38597,540.96,539.46,543.3,537.84,6432.833333333333,-1.1399999999998727,-0.0021
2019-04-08,529.98,536.4000000000001,527.91,536.4000000000001,FI,24415.666666666668,2.350910470409712,2.350910470409712,89.4,88.33,89.4,87.985,146494,536.4000000000001,529.98,536.4000000000001,527.91,24415.666666666668,-9.480000000000018,-0.0176
2019-04-09,529.02,531.36,526.14,528.54,FI,22141.83333333333,2.3448406676783007,2.3448406676783007,88.09,88.17,88.56,87.69,132851,528.54,529.02,531.36,526.14,22141.83333333333,-0.9600000000000364,-0.0018
2019-04-10,520.5,530.16,517.86,529.14,FI,20670.33333333333,2.290971168437026,2.290971168437026,88.19,86.75,88.36,86.31,124022,529.14,520.5,530.16,517.86,20670.33333333333,-8.519999999999982,-0.0161
2019-04-11,513.36,522.12,511.98,521.88,FI,23013.666666666668,2.245827010622155,2.245827010622155,86.98,85.56,87.02,85.33,138082,521.88,513.36,522.12,511.98,23013.666666666668,-7.139999999999986,-0.0137
2019-04-12,517.62,520.74,511.74,516.12,FI,33415.166666666664,2.2727617602427923,2.2727617602427923,86.02,86.27,86.79,85.29,200491,516.12,517.62,520.74,511.74,33415.166666666664,4.259999999999991,0.0083
2019-04-15,519.0,522.24,514.6800000000001,515.88,FI,16725.666666666668,2.281487101669196,2.281487101669196,85.98,86.5,87.04,85.78,100354,515.88,519.0,522.24,514.6800000000001,16725.666666666668,1.3799999999999955,0.0027
2019-04-16,38.34,38.46,37.38,38.22,FI,119227.83333333331,-0.757587253414264,-0.757587253414264,6.37,6.39,6.41,6.23,715367,38.22,38.34,38.46,37.38,119227.83333333331,-480.65999999999997,-0.9261
2019-04-17,511.92,513.0,510.0,511.02,FI,8760.166666666666,2.236722306525038,2.236722306525038,85.17,85.32,85.5,85.0,52561,511.02,511.92,513.0,510.0,8760.166666666666,473.58000000000004,12.3521
2019-04-18,510.66,514.08,510.3,512.22,FI,7395.5,2.2287556904400607,2.2287556904400607,85.37,85.11,85.68,85.05,44373,512.22,510.66,514.08,510.3,7395.5,-1.259999999999991,-0.0025
2019-04-22,514.62,514.62,509.04,509.04,FI,7692.0,2.2537936267071323,2.2537936267071323,84.84,85.77,85.77,84.84,46152,509.04,514.62,514.62,509.04,7692.0,3.9599999999999795,0.0078
2019-04-23,522.42,523.86,512.1899999999999,513.24,FI,7249.5,2.3031107738998484,2.3031107738998484,85.54,87.07,87.31,85.365,43497,513.24,522.42,523.86,512.1899999999999,7249.5,7.7999999999999545,0.0152
2019-04-24,519.09,522.1800000000001,515.28,520.5,FI,5314.166666666667,2.282056145675266,2.282056145675266,86.75,86.515,87.03,85.88,31885,520.5,519.09,522.1800000000001,515.28,5314.166666666667,-3.3299999999999272,-0.0064
2019-04-25,517.86,519.1800000000001,514.26,516.54,FI,8256.333333333334,2.2742792109256453,2.2742792109256453,86.09,86.31,86.53,85.71,49538,516.54,517.86,519.1800000000001,514.26,8256.333333333334,-1.2300000000000182,-0.0024
2019-04-26,512.28,518.76,510.0,518.76,FI,9352.333333333334,2.2389984825493174,2.2389984825493174,86.46,85.38,86.46,85.0,56114,518.76,512.28,518.76,510.0,9352.333333333334,-5.580000000000041,-0.0108
2019-04-29,510.3,513.42,506.22,512.8199999999999,FI,15282.833333333334,2.2264795144157814,2.2264795144157814,85.47,85.05,85.57,84.37,91697,512.8199999999999,510.3,513.42,506.22,15282.833333333334,-1.9799999999999613,-0.0039
2019-04-30,523.62,534.84,517.5,520.86,FI,18059.33333333333,2.3106980273141127,2.3106980273141127,86.81,87.27,89.14,86.25,108356,520.86,523.62,534.84,517.5,18059.33333333333,13.319999999999993,0.0261
2019-05-01,516.1800000000001,526.08,510.9,517.3199999999999,FI,23669.5,2.263657056145676,2.263657056145676,86.22,86.03,87.68,85.15,142017,517.3199999999999,516.1800000000001,526.08,510.9,23669.5,-7.439999999999941,-0.0142
2019-05-02,512.58,517.5,508.26,514.2,FI,5658.166666666667,2.2408952959028836,2.2408952959028836,85.7,85.43,86.25,84.71,33949,514.2,512.58,517.5,508.26,5658.166666666667,-3.6000000000000227,-0.007
2019-05-03,520.26,521.76,513.84,514.3199999999999,FI,4932.833333333333,2.2894537177541734,2.2894537177541734,85.72,86.71,86.96,85.64,29597,514.3199999999999,520.26,521.76,513.84,4932.833333333333,7.67999999999995,0.015
2019-05-06,526.6800000000001,528.12,512.7,512.7,FI,12782.0,2.330045523520486,2.330045523520486,85.45,87.78,88.02,85.45,76692,512.7,526.6800000000001,528.12,512.7,12782.0,6.420000000000073,0.0123
2019-05-07,513.3,522.9000000000001,510.12,521.04,FI,5891.5,2.2454476479514414,2.2454476479514414,86.84,85.55,87.15,85.02,35349,521.04,513.3,522.9000000000001,510.12,5891.5,-13.38000000000011,-0.0254
2019-05-08,513.0,514.6800000000001,509.76,512.28,FI,4354.833333333333,2.2435508345978756,2.2435508345978756,85.38,85.5,85.78,84.96,26129,512.28,513.0,514.6800000000001,509.76,4354.833333333333,-0.2999999999999545,-0.0006
2019-05-09,508.44,509.46,491.58,491.58,FI,15695.833333333334,2.214719271623672,2.214719271623672,81.93,84.74,84.91,81.93,94175,491.58,508.44,509.46,491.58,15695.833333333334,-4.560000000000002,-0.0089
2019-05-10,511.2000000000001,511.2000000000001,499.56000000000006,504.0,FI,5812.5,2.23216995447648,2.23216995447648,84.0,85.2,85.2,83.26,34875,504.0,511.2000000000001,511.2000000000001,499.56000000000006,5812.5,2.7600000000001046,0.0054
2019-05-13,35.34,35.94,34.68,35.58,FI,111819.83333333331,-0.7765553869499241,-0.7765553869499241,5.93,5.89,5.99,5.78,670919,35.58,35.34,35.94,34.68,111819.83333333331,-475.8600000000001,-0.9309
2019-05-14,506.58,511.92,502.02,502.02,FI,7801.666666666667,2.202959028831563,2.202959028831563,83.67,84.43,85.32,83.67,46810,502.02,506.58,511.92,502.02,7801.666666666667,471.24,13.3345
2019-05-15,515.34,515.88,504.54,504.78,FI,3220.833333333333,2.258345978755691,2.258345978755691,84.13,85.89,85.98,84.09,19325,504.78,515.34,515.88,504.54,3220.833333333333,8.760000000000048,0.0173
2019-05-16,526.92,526.92,520.14,520.14,FI,3036.5,2.3315629742033384,2.3315629742033384,86.69,87.82,87.82,86.69,18219,520.14,526.92,526.92,520.14,3036.5,11.579999999999927,0.0225
2019-05-17,524.16,525.12,522.1800000000001,524.16,FI,3376.6666666666665,2.314112291350531,2.314112291350531,87.36,87.36,87.52,87.03,20260,524.16,524.16,525.12,522.1800000000001,3376.6666666666665,-2.759999999999991,-0.0052
2019-05-20,523.08,527.04,519.9000000000001,520.47,FI,8923.333333333334,2.307283763277694,2.307283763277694,86.745,87.18,87.84,86.65,53540,520.47,523.08,527.04,519.9000000000001,8923.333333333334,-1.0799999999999272,-0.0021
2019-05-21,530.0999999999999,533.8199999999999,528.0,528.0,FI,7371.166666666667,2.3516691957511378,2.3516691957511378,88.0,88.35,88.97,88.0,44227,528.0,530.0999999999999,533.8199999999999,528.0,7371.166666666667,7.019999999999868,0.0134
2019-05-22,537.5999999999999,537.75,531.33,531.9000000000001,FI,9078.0,2.399089529590288,2.399089529590288,88.65,89.6,89.625,88.555,54468,531.9000000000001,537.5999999999999,537.75,531.33,9078.0,7.5,0.0141
2019-05-23,523.38,533.34,518.4000000000001,533.34,FI,7122.0,2.3091805766312596,2.3091805766312596,88.89,87.23,88.89,86.4,42732,533.34,523.38,533.34,518.4000000000001,7122.0,-14.219999999999914,-0.0265
2019-05-24,520.92,528.36,519.66,526.92,FI,2814.0,2.293626707132018,2.293626707132018,87.82,86.82,88.06,86.61,16884,526.92,520.92,528.36,519.66,2814.0,-2.4600000000000364,-0.0047
2019-05-28,522.0,527.0999999999999,520.5600000000001,524.88,FI,4415.166666666667,2.300455235204856,2.300455235204856,87.48,87.0,87.85,86.76,26491,524.88,522.0,527.0999999999999,520.5600000000001,4415.166666666667,1.080000000000041,0.0021
2019-05-29,521.28,521.34,515.76,518.46,FI,8806.5,2.2959028831562973,2.2959028831562973,86.41,86.88,86.89,85.96,52839,518.46,521.28,521.34,515.76,8806.5,-0.7200000000000273,-0.0014
2019-05-30,523.02,525.12,519.96,524.0999999999999,FI,1803.1666666666667,2.3069044006069803,2.3069044006069803,87.35,87.17,87.52,86.66,10819,524.0999999999999,523.02,525.12,519.96,1803.1666666666667,1.740000000000009,0.0033
2019-05-31,515.58,517.38,511.5,517.38,FI,7037.833333333333,2.2598634294385436,2.2598634294385436,86.23,85.93,86.23,85.25,42227,517.38,515.58,517.38,511.5,7037.833333333333,-7.439999999999941,-0.0142
2019-06-03,496.2000000000001,515.76,493.5,515.76,FI,13781.666666666666,2.1373292867981797,2.1373292867981797,85.96,82.7,85.96,82.25,82690,515.76,496.2000000000001,515.76,493.5,13781.666666666666,-19.37999999999994,-0.0376
2019-06-04,517.08,517.38,501.54,502.2000000000001,FI,7233.5,2.269347496206374,2.269347496206374,83.7,86.18,86.23,83.59,43401,502.2000000000001,517.08,517.38,501.54,7233.5,20.87999999999994,0.0421
2019-06-05,530.58,530.64,522.66,524.76,FI,8481.333333333334,2.3547040971168443,2.3547040971168443,87.46,88.43,88.44,87.11,50888,524.76,530.58,530.64,522.66,8481.333333333334,13.5,0.0261
2019-06-06,536.52,536.58,528.12,528.3,FI,24290.5,2.392261001517451,2.392261001517451,88.05,89.42,89.43,88.02,145743,528.3,536.52,536.58,528.12,24290.5,5.939999999999941,0.0112
2019-06-07,538.5,543.9000000000001,537.72,539.58,FI,8633.166666666666,2.4047799696509866,2.4047799696509866,89.93,89.75,90.65,89.62,51799,539.58,538.5,543.9000000000001,537.72,8633.166666666666,1.9800000000000182,0.0037
2019-06-10,543.72,545.4000000000001,537.5999999999999,537.5999999999999,FI,3571.333333333333,2.437784522003035,2.437784522003035,89.6,90.62,90.9,89.6,21428,537.5999999999999,543.72,545.4000000000001,537.5999999999999,3571.333333333333,5.220000000000027,0.0097
2019-06-11,537.72,544.92,529.08,544.92,FI,5066.5,2.3998482549317153,2.3998482549317153,90.82,89.62,90.82,88.18,30399,544.92,537.72,544.92,529.08,5066.5,-6.0,-0.011
2019-06-12,538.4399999999999,540.54,533.4000000000001,537.72,FI,26077.5,2.404400606980273,2.404400606980273,89.62,89.74,90.09,88.9,156465,537.72,538.4399999999999,540.54,533.4000000000001,26077.5,0.7199999999999136,0.0013
2019-06-13,531.9000000000001,539.7,530.16,539.7,FI,3681.5,2.363050075872535,2.363050075872535,89.95,88.65,89.95,88.36,22089,539.7,531.9000000000001,539.7,530.16,3681.5,-6.53999999999985,-0.0121
2019-06-14,535.38,535.92,530.16,530.58,FI,8017.833333333333,2.3850531107739,2.3850531107739,88.43,89.23,89.32,88.36,48107,530.58,535.38,535.92,530.16,8017.833333333333,3.4799999999999045,0.0065
2019-06-17,533.64,537.48,529.38,535.6800000000001,FI,2954.1666666666665,2.3740515933232174,2.3740515933232174,89.28,88.94,89.58,88.23,17725,535.6800000000001,533.64,537.48,529.38,2954.1666666666665,-1.740000000000009,-0.0033
2019-06-18,534.36,540.3,531.0600000000001,532.8,FI,3561.333333333333,2.3786039453717756,2.3786039453717756,88.8,89.06,90.05,88.51,21368,532.8,534.36,540.3,531.0600000000001,3561.333333333333,0.7200000000000273,0.0013
2019-06-19,37.74,37.8,36.12,36.48,FI,81344.83333333333,-0.761380880121396,-0.761380880121396,6.08,6.29,6.3,6.02,488069,36.48,37.74,37.8,36.12,81344.83333333333,-496.62,-0.9294
2019-06-20,550.26,550.6800000000001,543.12,543.12,FI,3918.8333333333335,2.4791350531107743,2.4791350531107743,90.52,91.71,91.78,90.52,23513,543.12,550.26,550.6800000000001,543.12,3918.8333333333335,512.52,13.5803
2019-06-21,549.36,551.22,546.42,551.22,FI,6986.333333333333,2.4734446130500762,2.4734446130500762,91.87,91.56,91.87,91.07,41918,551.22,549.36,551.22,546.42,6986.333333333333,-0.8999999999999773,-0.0016
2019-06-24,544.5600000000001,549.66,544.14,549.24,FI,3439.833333333333,2.4430955993930206,2.4430955993930206,91.54,90.76,91.61,90.69,20639,549.24,544.5600000000001,549.66,544.14,3439.833333333333,-4.7999999999999545,-0.0087
2019-06-25,541.6800000000001,545.88,538.6800000000001,544.26,FI,4574.833333333333,2.424886191198787,2.424886191198787,90.71,90.28,90.98,89.78,27449,544.26,541.6800000000001,545.88,538.6800000000001,4574.833333333333,-2.8799999999999955,-0.0053
2019-06-26,541.14,551.46,540.87,546.5999999999999,FI,8220.666666666666,2.4214719271623673,2.4214719271623673,91.1,90.19,91.91,90.145,49324,546.5999999999999,541.14,551.46,540.87,8220.666666666666,-0.5400000000000773,-0.001
2019-06-27,545.16,547.62,541.26,541.5600000000001,FI,4797.5,2.4468892261001516,2.4468892261001516,90.26,90.86,91.27,90.21,28785,541.5600000000001,545.16,547.62,541.26,4797.5,4.019999999999982,0.0074
2019-06-28,546.12,547.5,542.8199999999999,546.3,FI,4134.5,2.4529590288315632,2.4529590288315632,91.05,91.02,91.25,90.47,24807,546.3,546.12,547.5,542.8199999999999,4134.5,0.9600000000000364,0.0018
2019-07-01,555.3,556.08,548.22,553.2,FI,6829.333333333333,2.511001517450683,2.511001517450683,92.2,92.55,92.68,91.37,40976,553.2,555.3,556.08,548.22,6829.333333333333,9.17999999999995,0.0168
2019-07-02,561.0,561.0,553.14,554.16,FI,5185.166666666667,2.547040971168437,2.547040971168437,92.36,93.5,93.5,92.19,31111,554.16,561.0,561.0,553.14,5185.166666666667,5.7000000000000455,0.0103
2019-07-03,564.72,566.52,562.14,565.23,FI,1837.8333333333333,2.570561456752656,2.570561456752656,94.205,94.12,94.42,93.69,11027,565.23,564.72,566.52,562.14,1837.8333333333333,3.7200000000000273,0.0066
2019-07-05,566.16,566.7,555.42,558.96,FI,2013.0,2.5796661608497726,2.5796661608497726,93.16,94.36,94.45,92.57,12078,558.96,566.16,566.7,555.42,2013.0,1.4399999999999409,0.0025
2019-07-08,561.36,567.36,561.24,565.4399999999999,FI,10271.333333333334,2.5493171471927165,2.5493171471927165,94.24,93.56,94.56,93.54,61628,565.4399999999999,561.36,567.36,561.24,10271.333333333334,-4.7999999999999545,-0.0085
2019-07-09,34.74,34.86,33.24,33.6,FI,115960.0,-0.7803490136570561,-0.7803490136570561,5.6,5.79,5.81,5.54,695760,33.6,34.74,34.86,33.24,115960.0,-526.62,-0.9381
2019-07-10,34.74,35.46,34.32,35.22,FI,88621.33333333333,-0.7803490136570561,-0.7803490136570561,5.87,5.79,5.91,5.72,531728,35.22,34.74,35.46,34.32,88621.33333333333,0.0,0.0
2019-07-11,561.96,565.74,560.4000000000001,560.46,FI,9002.333333333334,2.553110773899849,2.553110773899849,93.41,93.66,94.29,93.4,54014,560.46,561.96,565.74,560.4000000000001,9002.333333333334,527.22,15.1762
2019-07-12,566.76,567.66,560.0999999999999,561.72,FI,3278.833333333333,2.5834597875569045,2.5834597875569045,93.62,94.46,94.61,93.35,19673,561.72,566.76,567.66,560.0999999999999,3278.833333333333,4.7999999999999545,0.0085
2019-07-15,568.3199999999999,571.3199999999999,567.72,568.4399999999999,FI,5340.166666666667,2.5933232169954477,2.5933232169954477,94.74,94.72,95.22,94.62,32041,568.4399999999999,568.3199999999999,571.3199999999999,567.72,5340.166666666667,1.5599999999999454,0.0028
2019-07-16,563.52,569.52,562.3199999999999,569.52,FI,4240.0,2.5629742033383915,2.5629742033383915,94.92,93.92,94.92,93.72,25440,569.52,563.52,569.52,562.3199999999999,4240.0,-4.7999999999999545,-0.0084
2019-07-17,564.84,568.14,563.4000000000001,563.4000000000001,FI,3940.6666666666665,2.5713201820940825,2.5713201820940825,93.9,94.14,94.69,93.9,23644,563.4000000000001,564.84,568.14,563.4000000000001,3940.6666666666665,1.32000000000005,0.0023
2019-07-18,580.98,581.76,564.96,564.96,FI,10357.833333333334,2.6733687405159334,2.6733687405159334,94.16,96.83,96.96,94.16,62147,564.96,580.98,581.76,564.96,10357.833333333334,16.139999999999986,0.0286
2019-07-19,572.28,583.14,569.76,580.38,FI,12328.333333333334,2.618361153262519,2.618361153262519,96.73,95.38,97.19,94.96,73970,580.38,572.28,583.14,569.76,12328.333333333334,-8.700000000000045,-0.015
2019-07-22,571.86,576.72,571.5,573.5999999999999,FI,7339.0,2.615705614567527,2.615705614567527,95.6,95.31,96.12,95.25,44034,573.5999999999999,571.86,576.72,571.5,7339.0,-0.4199999999999591,-0.0007
2019-07-23,571.6800000000001,573.48,566.0699999999999,573.48,FI,7750.833333333333,2.614567526555388,2.614567526555388,95.58,95.28,95.58,94.345,46505,573.48,571.6800000000001,573.48,566.0699999999999,7750.833333333333,-0.17999999999994998,-0.0003
2019-07-24,564.12,570.96,557.28,570.96,FI,4537.5,2.566767830045524,2.566767830045524,95.16,94.02,95.16,92.88,27225,570.96,564.12,570.96,557.28,4537.5,-7.560000000000059,-0.0132
2019-07-25,578.8199999999999,581.9399999999999,567.0600000000001,572.8199999999999,FI,11622.5,2.659711684370258,2.659711684370258,95.47,96.47,96.99,94.51,69735,572.8199999999999,578.8199999999999,581.9399999999999,567.0600000000001,11622.5,14.699999999999932,0.0261
2019-07-26,617.7,625.38,594.1800000000001,594.36,FI,27880.83333333333,2.9055386949924134,2.9055386949924134,99.06,102.95,104.23,99.03,167285,594.36,617.7,625.38,594.1800000000001,27880.83333333333,38.88000000000011,0.0672
2019-07-29,627.96,629.8199999999999,616.14,617.34,FI,39667.16666666666,2.9704097116843706,2.9704097116843706,102.89,104.66,104.97,102.69,238003,617.34,627.96,629.8199999999999,616.14,39667.16666666666,10.259999999999991,0.0166
2019-07-30,623.52,625.26,616.86,616.86,FI,23018.83333333333,2.9423368740515934,2.9423368740515934,102.81,103.92,104.21,102.81,138113,616.86,623.52,625.26,616.86,23018.83333333333,-4.440000000000055,-0.0071
2019-07-31,632.52,641.16,624.48,628.02,FI,21201.166666666668,2.9992412746585737,2.9992412746585737,104.67,105.42,106.86,104.08,127207,628.02,632.52,641.16,624.48,21201.166666666668,9.0,0.0144
2019-08-01,31.98,34.2,31.98,33.78,FI,125848.16666666669,-0.7977996965098634,-0.7977996965098634,5.63,5.33,5.7,5.33,755089,33.78,31.98,34.2,31.98,125848.16666666669,-600.54,-0.9494
2019-08-02,625.86,628.5,621.12,625.4399999999999,FI,10517.666666666666,2.9571320182094087,2.9571320182094087,104.24,104.31,104.75,103.52,63106,625.4399999999999,625.86,628.5,621.12,10517.666666666666,593.88,18.5704
2019-08-05,602.64,619.5,597.48,615.96,FI,9624.5,2.810318664643399,2.810318664643399,102.66,100.44,103.25,99.58,57747,615.96,602.64,619.5,597.48,9624.5,-23.220000000000027,-0.0371
2019-08-06,618.3,619.8,607.2,607.2,FI,14726.833333333334,2.909332321699545,2.909332321699545,101.2,103.05,103.3,101.2,88361,607.2,618.3,619.8,607.2,14726.833333333334,15.659999999999968,0.026
2019-08-07,629.8199999999999,632.9399999999999,607.5600000000001,611.88,FI,18156.5,2.9821699544764795,2.9821699544764795,101.98,104.97,105.49,101.26,108939,611.88,629.8199999999999,632.9399999999999,607.5600000000001,18156.5,11.519999999999982,0.0186
2019-08-08,632.34,637.14,630.24,634.6800000000001,FI,10323.833333333334,2.9981031866464343,2.9981031866464343,105.78,105.39,106.19,105.04,61943,634.6800000000001,632.34,637.14,630.24,10323.833333333334,2.5200000000000955,0.004
2019-08-09,631.62,633.24,625.3199999999999,631.26,FI,7271.666666666667,2.993550834597876,2.993550834597876,105.21,105.27,105.54,104.22,43630,631.26,631.62,633.24,625.3199999999999,7271.666666666667,-0.7200000000000273,-0.0011
2019-08-12,625.5,631.83,623.7,625.83,FI,19261.5,2.9548558421851294,2.9548558421851294,104.305,104.25,105.305,103.95,115569,625.83,625.5,631.83,623.7,19261.5,-6.1200000000000045,-0.0097
2019-08-13,634.6800000000001,634.6800000000001,623.7,625.83,FI,15541.833333333334,3.0128983308042496,3.0128983308042496,104.305,105.78,105.78,103.95,93251,625.83,634.6800000000001,634.6800000000001,623.7,15541.833333333334,9.180000000000064,0.0147
2019-08-14,614.28,628.86,610.14,626.88,FI,5211.333333333333,2.8839150227617605,2.8839150227617605,104.48,102.38,104.81,101.69,31268,626.88,614.28,628.86,610.14,5211.333333333333,-20.40000000000009,-0.0321
2019-08-15,24.84,25.02,23.88,24.48,FI,103610.5,-0.8429438543247344,-0.8429438543247344,4.08,4.14,4.17,3.98,621663,24.48,24.84,25.02,23.88,103610.5,-589.4399999999999,-0.9596
2019-08-16,643.92,644.58,633.42,637.14,FI,8121.333333333333,3.071320182094082,3.071320182094082,106.19,107.32,107.43,105.57,48728,637.14,643.92,644.58,633.42,8121.333333333333,619.0799999999999,24.9227
2019-08-19,646.2,651.3,640.2,651.0,FI,11347.666666666666,3.0857359635811843,3.0857359635811843,108.5,107.7,108.55,106.7,68086,651.0,646.2,651.3,640.2,11347.666666666666,2.2800000000000864,0.0035
2019-08-20,642.12,647.88,641.76,643.26,FI,4870.5,3.0599393019726864,3.0599393019726864,107.21,107.02,107.98,106.96,29223,643.26,642.12,647.88,641.76,4870.5,-4.080000000000041,-0.0063
2019-08-21,645.42,647.76,641.7,646.8,FI,2816.1666666666665,3.080804248861912,3.080804248861912,107.8,107.57,107.96,106.95,16897,646.8,645.42,647.76,641.7,2816.1666666666665,3.2999999999999545,0.0051
2019-08-22,648.54,650.64,642.48,647.88,FI,2278.1666666666665,3.1005311077389983,3.1005311077389983,107.98,108.09,108.44,107.08,13669,647.88,648.54,650.64,642.48,2278.1666666666665,3.1200000000000045,0.0048
2019-08-23,628.62,648.36,626.16,647.9399999999999,FI,8781.333333333334,2.9745827010622157,2.9745827010622157,107.99,104.77,108.06,104.36,52688,647.9399999999999,628.62,648.36,626.16,8781.333333333334,-19.91999999999996,-0.0307
2019-08-26,638.04,638.04,631.26,634.38,FI,3369.6666666666665,3.034142640364188,3.034142640364188,105.73,106.34,106.34,105.21,20218,634.38,638.04,638.04,631.26,3369.6666666666665,9.419999999999959,0.015
2019-08-27,641.4000000000001,643.92,636.54,643.38,FI,2236.333333333333,3.055386949924128,3.055386949924128,107.23,106.9,107.32,106.09,13418,643.38,641.4000000000001,643.92,636.54,2236.333333333333,3.3600000000001273,0.0053
2019-08-28,640.38,641.22,636.0,637.4399999999999,FI,1599.5,3.0489377845220034,3.0489377845220034,106.24,106.73,106.87,106.0,9597,637.4399999999999,640.38,641.22,636.0,1599.5,-1.0200000000000955,-0.0016
2019-08-29,645.12,648.84,644.46,647.0999999999999,FI,2891.6666666666665,3.0789074355083463,3.0789074355083463,107.85,107.52,108.14,107.41,17350,647.0999999999999,645.12,648.84,644.46,2891.6666666666665,4.740000000000009,0.0074
2019-08-30,641.0999999999999,648.0,638.04,648.0,FI,3170.1666666666665,3.053490136570561,3.053490136570561,108.0,106.85,108.0,106.34,19021,648.0,641.0999999999999,648.0,638.04,3170.1666666666665,-4.0200000000000955,-0.0062
2019-09-03,635.28,642.78,633.9000000000001,641.1899999999999,FI,2949.833333333333,3.016691957511381,3.016691957511381,106.865,105.88,107.13,105.65,17699,641.1899999999999,635.28,642.78,633.9000000000001,2949.833333333333,-5.819999999999936,-0.0091
2019-09-04,637.6800000000001,639.48,634.86,639.48,FI,4755.166666666667,3.0318664643399096,3.0318664643399096,106.58,106.28,106.58,105.81,28531,639.48,637.6800000000001,639.48,634.86,4755.166666666667,2.400000000000091,0.0038
2019-09-05,652.14,652.26,641.64,644.88,FI,8359.333333333334,3.1232928679817906,3.1232928679817906,107.48,108.69,108.71,106.94,50156,644.88,652.14,652.26,641.64,8359.333333333334,14.459999999999923,0.0227
2019-09-06,652.02,658.6800000000001,651.36,651.36,FI,3816.5,3.1225341426403643,3.1225341426403643,108.56,108.67,109.78,108.56,22899,651.36,652.02,658.6800000000001,651.36,3816.5,-0.12000000000000455,-0.0002
2019-09-09,640.14,650.76,635.58,649.4399999999999,FI,17556.666666666668,3.0474203338391503,3.0474203338391503,108.24,106.69,108.46,105.93,105340,649.4399999999999,640.14,650.76,635.58,17556.666666666668,-11.879999999999995,-0.0182
2019-09-10,621.5999999999999,630.48,611.76,630.48,FI,15362.5,2.9301972685887705,2.9301972685887705,105.08,103.6,105.08,101.96,92175,630.48,621.5999999999999,630.48,611.76,15362.5,-18.540000000000077,-0.029
2019-09-11,612.12,622.08,608.22,621.84,FI,10180.0,2.8702579666160855,2.8702579666160855,103.64,102.02,103.68,101.37,61080,621.84,612.12,622.08,608.22,10180.0,-9.479999999999905,-0.0153
2019-09-12,623.28,628.02,617.8199999999999,622.86,FI,10677.666666666666,2.940819423368741,2.940819423368741,103.81,103.88,104.67,102.97,64066,622.86,623.28,628.02,617.8199999999999,10677.666666666666,11.159999999999968,0.0182
2019-09-13,615.66,623.28,612.36,618.1800000000001,FI,4181.333333333333,2.8926403641881637,2.8926403641881637,103.03,102.61,103.88,102.06,25088,618.1800000000001,615.66,623.28,612.36,4181.333333333333,-7.6200000000000045,-0.0122
2019-09-16,621.78,625.86,609.0600000000001,610.5600000000001,FI,7462.666666666667,2.9313353566009104,2.9313353566009104,101.76,103.63,104.31,101.51,44776,610.5600000000001,621.78,625.86,609.0600000000001,7462.666666666667,6.1200000000000045,0.0099
2019-09-17,628.8,630.84,624.48,626.28,FI,9602.166666666666,2.975720789074355,2.975720789074355,104.38,104.8,105.14,104.08,57613,626.28,628.8,630.84,624.48,9602.166666666666,7.019999999999982,0.0113
2019-09-18,625.86,626.9399999999999,616.38,626.34,FI,5791.333333333333,2.9571320182094087,2.9571320182094087,104.39,104.31,104.49,102.73,34748,626.34,625.86,626.9399999999999,616.38,5791.333333333333,-2.939999999999941,-0.0047
2019-09-19,629.0999999999999,634.98,626.52,626.52,FI,7458.5,2.977617602427921,2.977617602427921,104.42,104.85,105.83,104.42,44751,626.52,629.0999999999999,634.98,626.52,7458.5,3.2399999999998954,0.0052
2019-09-20,624.72,636.24,624.0,630.5999999999999,FI,9784.666666666666,2.9499241274658576,2.9499241274658576,105.1,104.12,106.04,104.0,58708,630.5999999999999,624.72,636.24,624.0,9784.666666666666,-4.379999999999882,-0.007
2019-09-23,630.1800000000001,631.08,621.42,623.4000000000001,FI,7646.333333333333,2.9844461305007592,2.9844461305007592,103.9,105.03,105.18,103.57,45878,623.4000000000001,630.1800000000001,631.08,621.42,7646.333333333333,5.460000000000036,0.0087
2019-09-24,622.3199999999999,639.48,621.48,630.84,FI,6386.833333333333,2.934749620637329,2.934749620637329,105.14,103.72,106.58,103.58,38321,630.84,622.3199999999999,639.48,621.48,6386.833333333333,-7.860000000000127,-0.0125
2019-09-25,623.64,626.64,614.58,625.2,FI,7895.833333333333,2.94309559939302,2.94309559939302,104.2,103.94,104.44,102.43,47375,625.2,623.64,626.64,614.58,7895.833333333333,1.32000000000005,0.0021
2019-09-26,631.08,631.5600000000001,623.22,624.78,FI,6398.5,2.9901365705614573,2.9901365705614573,104.13,105.18,105.26,103.87,38391,624.78,631.08,631.5600000000001,623.22,6398.5,7.440000000000055,0.0119
2019-09-27,615.36,633.5999999999999,612.96,633.5999999999999,FI,8634.333333333334,2.8907435508345984,2.8907435508345984,105.6,102.56,105.6,102.16,51806,633.5999999999999,615.36,633.5999999999999,612.96,8634.333333333334,-15.720000000000027,-0.0249
2019-09-30,622.08,622.62,616.26,617.28,FI,3753.1666666666665,2.933232169954477,2.933232169954477,102.88,103.68,103.77,102.71,22519,617.28,622.08,622.62,616.26,3753.1666666666665,6.720000000000027,0.0109
2019-10-01,619.08,626.8199999999999,616.4399999999999,624.48,FI,6727.5,2.914264036418817,2.914264036418817,104.08,103.18,104.47,102.74,40365,624.48,619.08,626.8199999999999,616.4399999999999,6727.5,-3.0,-0.0048
2019-10-02,605.9399999999999,613.86,598.74,611.88,FI,10013.833333333334,2.831183611532625,2.831183611532625,101.98,100.99,102.31,99.79,60083,611.88,605.9399999999999,613.86,598.74,10013.833333333334,-13.1400000000001,-0.0212
2019-10-03,618.0600000000001,618.5999999999999,601.92,608.8199999999999,FI,6509.166666666667,2.9078148710166927,2.9078148710166927,101.47,103.01,103.1,100.32,39055,608.8199999999999,618.0600000000001,618.5999999999999,601.92,6509.166666666667,12.120000000000118,0.02
2019-10-04,634.5600000000001,635.16,622.2,622.26,FI,11585.5,3.012139605462823,3.012139605462823,103.71,105.76,105.86,103.7,69513,622.26,634.5600000000001,635.16,622.2,11585.5,16.5,0.0267
2019-10-07,627.78,631.2,624.54,631.2,FI,8413.666666666666,2.9692716236722307,2.9692716236722307,105.2,104.63,105.2,104.09,50482,631.2,627.78,631.2,624.54,8413.666666666666,-6.780000000000086,-0.0107
2019-10-08,618.9000000000001,626.9399999999999,613.26,622.02,FI,5717.5,2.9131259484066776,2.9131259484066776,103.67,103.15,104.49,102.21,34305,622.02,618.9000000000001,626.9399999999999,613.26,5717.5,-8.879999999999882,-0.0141
2019-10-09,627.96,630.0600000000001,619.98,623.04,FI,3656.8333333333335,2.9704097116843706,2.9704097116843706,103.84,104.66,105.01,103.33,21941,623.04,627.96,630.0600000000001,619.98,3656.8333333333335,9.059999999999945,0.0146
2019-10-10,630.5999999999999,632.58,626.9399999999999,627.0,FI,1872.5,2.987101669195751,2.987101669195751,104.5,105.1,105.43,104.49,11235,627.0,630.5999999999999,632.58,626.9399999999999,1872.5,2.6399999999998727,0.0042
2019-10-11,634.3199999999999,640.14,632.8199999999999,637.86,FI,3752.3333333333335,3.0106221547799694,3.0106221547799694,106.31,105.72,106.69,105.47,22514,637.86,634.3199999999999,640.14,632.8199999999999,3752.3333333333335,3.7200000000000273,0.0059
2019-10-14,636.1800000000001,639.84,633.72,635.49,FI,7281.166666666667,3.0223823975720796,3.0223823975720796,105.915,106.03,106.64,105.62,43687,635.49,636.1800000000001,639.84,633.72,7281.166666666667,1.8600000000001273,0.0029
2019-10-15,641.76,642.42,635.58,641.64,FI,15144.166666666666,3.057663125948407,3.057663125948407,106.94,106.96,107.07,105.93,90865,641.64,641.76,642.42,635.58,15144.166666666666,5.579999999999927,0.0088
2019-10-16,639.36,640.08,630.54,635.58,FI,8129.0,3.042488619119879,3.042488619119879,105.93,106.56,106.68,105.09,48774,635.58,639.36,640.08,630.54,8129.0,-2.3999999999999773,-0.0037
2019-10-17,637.2,640.26,635.64,640.08,FI,3227.6666666666665,3.028831562974204,3.028831562974204,106.68,106.2,106.71,105.94,19366,640.08,637.2,640.26,635.64,3227.6666666666665,-2.159999999999968,-0.0034
2019-10-18,634.3199999999999,641.76,627.96,639.3,FI,10022.333333333334,3.0106221547799694,3.0106221547799694,106.55,105.72,106.96,104.66,60134,639.3,634.3199999999999,641.76,627.96,10022.333333333334,-2.880000000000109,-0.0045
2019-10-21,626.9399999999999,637.62,619.74,637.62,FI,12021.833333333334,2.963960546282246,2.963960546282246,106.27,104.49,106.27,103.29,72131,637.62,626.9399999999999,637.62,619.74,12021.833333333334,-7.3799999999999955,-0.0116
2019-10-22,604.86,625.8,600.42,625.8,FI,13688.333333333334,2.8243550834597877,2.8243550834597877,104.3,100.81,104.3,100.07,82130,625.8,604.86,625.8,600.42,13688.333333333334,-22.079999999999927,-0.0352
2019-10-23,606.84,608.7,602.73,602.76,FI,6802.666666666667,2.8368740515933237,2.8368740515933237,100.46,101.14,101.45,100.455,40816,602.76,606.84,608.7,602.73,6802.666666666667,1.9800000000000182,0.0033
2019-10-24,621.24,621.42,609.78,612.21,FI,6097.666666666667,2.927921092564492,2.927921092564492,102.035,103.54,103.57,101.63,36586,612.21,621.24,621.42,609.78,6097.666666666667,14.399999999999977,0.0237
2019-10-25,615.12,619.38,612.1800000000001,617.8199999999999,FI,5242.666666666667,2.8892261001517454,2.8892261001517454,102.97,102.52,103.23,102.03,31456,617.8199999999999,615.12,619.38,612.1800000000001,5242.666666666667,-6.1200000000000045,-0.0099
2019-10-28,614.9399999999999,616.6800000000001,612.36,616.6800000000001,FI,3376.833333333333,2.8880880121396055,2.8880880121396055,102.78,102.49,102.78,102.06,20261,616.6800000000001,614.9399999999999,616.6800000000001,612.36,3376.833333333333,-0.18000000000006366,-0.0003
2019-10-29,632.22,640.92,612.96,612.96,FI,9691.333333333334,2.997344461305008,2.997344461305008,102.16,105.37,106.82,102.16,58148,612.96,632.22,640.92,612.96,9691.333333333334,17.280000000000086,0.0281
2019-10-30,637.5,638.64,627.0,630.42,FI,5831.5,3.0307283763277697,3.0307283763277697,105.07,106.25,106.44,104.5,34989,630.42,637.5,638.64,627.0,5831.5,5.279999999999973,0.0084
2019-10-31,637.02,644.4000000000001,634.3199999999999,638.73,FI,9023.0,3.027693474962064,3.027693474962064,106.455,106.17,107.4,105.72,54138,638.73,637.02,644.4000000000001,634.3199999999999,9023.0,-0.4800000000000182,-0.0008
2019-11-01,640.92,641.76,635.46,636.72,FI,4938.166666666667,3.0523520485584217,3.0523520485584217,106.12,106.82,106.96,105.91,29629,636.72,640.92,641.76,635.46,4938.166666666667,3.8999999999999773,0.0061
2019-11-04,631.5,643.3199999999999,631.02,643.3199999999999,FI,3690.5,2.9927921092564493,2.9927921092564493,107.22,105.25,107.22,105.17,22143,643.3199999999999,631.5,643.3199999999999,631.02,3690.5,-9.419999999999959,-0.0147
2019-11-05,623.76,634.92,617.52,633.0600000000001,FI,8406.5,2.9438543247344464,2.9438543247344464,105.51,103.96,105.82,102.92,50439,633.0600000000001,623.76,634.92,617.52,8406.5,-7.740000000000009,-0.0123
2019-11-06,628.92,630.1800000000001,621.66,623.52,FI,4668.666666666667,2.9764795144157814,2.9764795144157814,103.92,104.82,105.03,103.61,28012,623.52,628.92,630.1800000000001,621.66,4668.666666666667,5.159999999999968,0.0083
2019-11-07,32.4,32.7,31.62,31.74,FI,72200.33333333333,-0.795144157814871,-0.795144157814871,5.29,5.4,5.45,5.27,433202,31.74,32.4,32.7,31.62,72200.33333333333,-596.52,-0.9485
2019-11-08,663.42,663.9000000000001,652.8,652.8,FI,9647.333333333334,3.1946130500758727,3.1946130500758727,108.8,110.57,110.65,108.8,57884,652.8,663.42,663.9000000000001,652.8,9647.333333333334,631.02,19.4759
2019-11-11,661.6800000000001,667.26,656.46,661.98,FI,5836.833333333333,3.18361153262519,3.18361153262519,110.33,110.28,111.21,109.41,35021,661.98,661.6800000000001,667.26,656.46,5836.833333333333,-1.7399999999998954,-0.0026
2019-11-12,664.4399999999999,667.74,660.36,666.96,FI,5359.833333333333,3.201062215477997,3.201062215477997,111.16,110.74,111.29,110.06,32159,666.96,664.4399999999999,667.74,660.36,5359.833333333333,2.759999999999877,0.0042
2019-11-13,668.04,670.3199999999999,664.02,665.0999999999999,FI,11592.5,3.223823975720789,3.223823975720789,110.85,111.34,111.72,110.67,69555,665.0999999999999,668.04,670.3199999999999,664.02,11592.5,3.6000000000000227,0.0054
2019-11-14,684.48,685.5600000000001,665.76,671.4000000000001,FI,13295.833333333334,3.327769347496207,3.327769347496207,111.9,114.08,114.26,110.96,79775,671.4000000000001,684.48,685.5600000000001,665.76,13295.833333333334,16.440000000000055,0.0246
2019-11-15,683.22,687.72,673.6800000000001,687.72,FI,14856.833333333334,3.3198027314112295,3.3198027314112295,114.62,113.87,114.62,112.28,89141,687.72,683.22,687.72,673.6800000000001,14856.833333333334,-1.259999999999991,-0.0018
2019-11-18,687.48,689.76,683.46,684.9000000000001,FI,4663.833333333333,3.346737481031867,3.346737481031867,114.15,114.58,114.96,113.91,27983,684.9000000000001,687.48,689.76,683.46,4663.833333333333,4.259999999999991,0.0062
2019-11-19,696.1800000000001,697.26,686.76,690.36,FI,2871.5,3.4017450682852814,3.4017450682852814,115.06,116.03,116.21,114.46,17229,690.36,696.1800000000001,697.26,686.76,2871.5,8.700000000000045,0.0127
2019-11-20,691.5600000000001,699.36,689.04,699.36,FI,2913.1666666666665,3.3725341426403648,3.3725341426403648,116.56,115.26,116.56,114.84,17479,699.36,691.5600000000001,699.36,689.04,2913.1666666666665,-4.6200000000000045,-0.0066
2019-11-21,684.0600000000001,695.58,683.4000000000001,695.58,FI,3836.5,3.3251138088012144,3.3251138088012144,115.93,114.01,115.93,113.9,23019,695.58,684.0600000000001,695.58,683.4000000000001,3836.5,-7.5,-0.0108
2019-11-22,683.64,684.0,676.8,684.0,FI,3820.6666666666665,3.3224582701062215,3.3224582701062215,114.0,113.94,114.0,112.8,22924,684.0,683.64,684.0,676.8,3820.6666666666665,-0.42000000000007276,-0.0006
2019-11-25,688.5600000000001,689.9399999999999,685.6800000000001,685.6800000000001,FI,5691.166666666667,3.353566009104705,3.353566009104705,114.28,114.76,114.99,114.28,34147,685.6800000000001,688.5600000000001,689.9399999999999,685.6800000000001,5691.166666666667,4.920000000000073,0.0072
2019-11-26,697.62,701.52,689.76,689.76,FI,7270.333333333333,3.410849772382398,3.410849772382398,114.96,116.27,116.92,114.96,43622,689.76,697.62,701.52,689.76,7270.333333333333,9.059999999999945,0.0132
2019-11-27,697.74,697.98,688.6800000000001,688.6800000000001,FI,6260.0,3.411608497723824,3.411608497723824,114.78,116.29,116.33,114.78,37560,688.6800000000001,697.74,697.98,688.6800000000001,6260.0,0.12000000000000455,0.0002
2019-11-29,697.4399999999999,701.58,695.22,699.0600000000001,FI,1517.6666666666667,3.409711684370258,3.409711684370258,116.51,116.24,116.93,115.87,9106,699.0600000000001,697.4399999999999,701.58,695.22,1517.6666666666667,-0.3000000000000682,-0.0004
2019-12-02,686.22,697.74,678.42,697.3499999999999,FI,3274.6666666666665,3.3387708649468895,3.3387708649468895,116.225,114.37,116.29,113.07,19648,697.3499999999999,686.22,697.74,678.42,3274.6666666666665,-11.219999999999914,-0.0161
2019-12-03,686.28,687.5999999999999,680.4000000000001,681.48,FI,4163.333333333333,3.3391502276176026,3.3391502276176026,113.58,114.38,114.6,113.4,24980,681.48,686.28,687.5999999999999,680.4000000000001,4163.333333333333,0.05999999999994543,0.0001
2019-12-04,688.62,690.9000000000001,685.6800000000001,689.0999999999999,FI,2245.5,3.3539453717754175,3.3539453717754175,114.85,114.77,115.15,114.28,13473,689.0999999999999,688.62,690.9000000000001,685.6800000000001,2245.5,2.340000000000032,0.0034
2019-12-05,688.3499999999999,691.92,685.62,691.92,FI,8549.166666666666,3.3522382397572077,3.3522382397572077,115.32,114.725,115.32,114.27,51295,691.92,688.3499999999999,691.92,685.62,8549.166666666666,-0.2700000000000955,-0.0004
2019-12-06,687.1800000000001,693.36,685.74,690.12,FI,5379.333333333333,3.344840667678301,3.344840667678301,115.02,114.53,115.56,114.29,32276,690.12,687.1800000000001,693.36,685.74,5379.333333333333,-1.1699999999998454,-0.0017
2019-12-09,688.3199999999999,692.46,686.4000000000001,686.4000000000001,FI,3222.1666666666665,3.3520485584218513,3.3520485584218513,114.4,114.72,115.41,114.4,19333,686.4000000000001,688.3199999999999,692.46,686.4000000000001,3222.1666666666665,1.1399999999998727,0.0017
2019-12-10,682.8,689.7,681.66,681.66,FI,2927.0,3.3171471927162366,3.3171471927162366,113.61,113.8,114.95,113.61,17562,681.66,682.8,689.7,681.66,2927.0,-5.519999999999982,-0.008
2019-12-11,687.5999999999999,688.26,676.08,679.98,FI,4970.833333333333,3.3474962063732927,3.3474962063732927,113.33,114.6,114.71,112.68,29825,679.98,687.5999999999999,688.26,676.08,4970.833333333333,4.7999999999999545,0.007
2019-12-12,691.2,692.76,683.76,683.76,FI,2133.333333333333,3.3702579666160855,3.3702579666160855,113.96,115.2,115.46,113.96,12800,683.76,691.2,692.76,683.76,2133.333333333333,3.6000000000001364,0.0052
2019-12-13,700.5,701.04,683.8199999999999,687.36,FI,4660.333333333333,3.4290591805766315,3.4290591805766315,114.56,116.75,116.84,113.97,27962,687.36,700.5,701.04,683.8199999999999,4660.333333333333,9.299999999999955,0.0135
2019-12-16,698.76,705.96,693.72,705.96,FI,4687.333333333333,3.4180576631259485,3.4180576631259485,117.66,116.46,117.66,115.62,28124,705.96,698.76,705.96,693.72,4687.333333333333,-1.740000000000009,-0.0025
2019-12-17,700.74,702.24,694.4399999999999,700.4399999999999,FI,2432.833333333333,3.4305766312594845,3.4305766312594845,116.74,116.79,117.04,115.74,14597,700.4399999999999,700.74,702.24,694.4399999999999,2432.833333333333,1.9800000000000182,0.0028
2019-12-18,695.58,699.72,694.74,699.66,FI,1715.8333333333333,3.397951441578149,3.397951441578149,116.61,115.93,116.62,115.79,10295,699.66,695.58,699.72,694.74,1715.8333333333333,-5.159999999999968,-0.0074
2019-12-19,699.12,700.2,694.6800000000001,698.0999999999999,FI,3161.333333333333,3.420333839150228,3.420333839150228,116.35,116.52,116.7,115.78,18968,698.0999999999999,699.12,700.2,694.6800000000001,3161.333333333333,3.5399999999999636,0.0051
2019-12-20,700.26,702.9000000000001,697.74,700.74,FI,4900.833333333333,3.4275417298937785,3.4275417298937785,116.79,116.71,117.15,116.29,29405,700.74,700.26,702.9000000000001,697.74,4900.833333333333,1.1399999999999864,0.0016
2019-12-23,698.0999999999999,701.8199999999999,696.12,698.7,FI,1867.6666666666667,3.413884673748103,3.413884673748103,116.45,116.35,116.97,116.02,11206,698.7,698.0999999999999,701.8199999999999,696.12,1867.6666666666667,-2.160000000000082,-0.0031
2019-12-24,698.76,699.48,693.84,696.54,FI,1339.1666666666667,3.4180576631259485,3.4180576631259485,116.09,116.46,116.58,115.64,8035,696.54,698.76,699.48,693.84,1339.1666666666667,0.6600000000000819,0.0009
2019-12-26,695.76,700.6800000000001,693.36,699.42,FI,1178.3333333333333,3.3990895295902885,3.3990895295902885,116.57,115.96,116.78,115.56,7070,699.42,695.76,700.6800000000001,693.36,1178.3333333333333,-3.0,-0.0043
2019-12-27,702.48,702.96,692.58,695.1899999999999,FI,1953.0,3.441578148710167,3.441578148710167,115.865,117.08,117.16,115.43,11718,695.1899999999999,702.48,702.96,692.58,1953.0,6.720000000000027,0.0097
2019-12-30,692.9399999999999,697.4399999999999,690.96,697.4399999999999,FI,2618.833333333333,3.3812594840667676,3.3812594840667676,116.24,115.49,116.24,115.16,15713,697.4399999999999,692.9399999999999,697.4399999999999,690.96,2618.833333333333,-9.540000000000077,-0.0136
2019-12-31,693.5999999999999,693.84,688.3199999999999,691.92,FI,2861.6666666666665,3.3854324734446126,3.3854324734446126,115.32,115.6,115.64,114.72,17170,691.92,693.5999999999999,693.84,688.3199999999999,2861.6666666666665,0.6599999999999682,0.001
2020-01-02,692.34,697.5600000000001,690.3,696.0,FI,10331.333333333334,3.377465857359636,3.377465857359636,116.0,115.39,116.26,115.05,61988,696.0,692.34,697.5600000000001,690.3,10331.333333333334,-1.2599999999998772,-0.0018
2020-01-03,698.7,699.96,690.24,690.24,FI,7391.333333333333,3.417678300455236,3.417678300455236,115.04,116.45,116.66,115.04,44348,690.24,698.7,699.96,690.24,7391.333333333333,6.360000000000014,0.0092
2020-01-06,701.76,701.76,692.46,692.46,FI,1894.0,3.437025796661609,3.437025796661609,115.41,116.96,116.96,115.41,11364,692.46,701.76,701.76,692.46,1894.0,3.0599999999999454,0.0044
2020-01-07,698.76,703.8,691.86,696.0600000000001,FI,2712.833333333333,3.4180576631259485,3.4180576631259485,116.01,116.46,117.3,115.31,16277,696.0600000000001,698.76,703.8,691.86,2712.833333333333,-3.0,-0.0043
2020-01-08,700.86,705.66,700.38,701.3100000000001,FI,4175.833333333333,3.431335356600911,3.431335356600911,116.885,116.81,117.61,116.73,25055,701.3100000000001,700.86,705.66,700.38,4175.833333333333,2.1000000000000227,0.003
2020-01-09,706.23,707.76,702.9000000000001,705.9000000000001,FI,5115.166666666667,3.4652883156297425,3.4652883156297425,117.65,117.705,117.96,117.15,30691,705.9000000000001,706.23,707.76,702.9000000000001,5115.166666666667,5.3700000000000045,0.0077
2020-01-10,702.9000000000001,711.66,701.9399999999999,711.0,FI,3712.5,3.44423368740516,3.44423368740516,118.5,117.15,118.61,116.99,22275,711.0,702.9000000000001,711.66,701.9399999999999,3712.5,-3.3299999999999272,-0.0047
2020-01-13,711.12,711.36,702.36,702.36,FI,7695.166666666667,3.496206373292868,3.496206373292868,117.06,118.52,118.56,117.06,46171,702.36,711.12,711.36,702.36,7695.166666666667,8.219999999999914,0.0117
2020-01-14,704.88,711.0,703.98,709.08,FI,4628.5,3.456752655538695,3.456752655538695,118.18,117.48,118.5,117.33,27771,709.08,704.88,711.0,703.98,4628.5,-6.240000000000009,-0.0088
2020-01-15,710.64,715.02,707.64,709.26,FI,5750.333333333333,3.4931714719271625,3.4931714719271625,118.21,118.44,119.17,117.94,34502,709.26,710.64,715.02,707.64,5750.333333333333,5.759999999999991,0.0082
2020-01-16,721.38,721.38,714.0600000000001,717.84,FI,5117.833333333333,3.561077389984826,3.561077389984826,119.64,120.23,120.23,119.01,30707,717.84,721.38,721.38,714.0600000000001,5117.833333333333,10.740000000000009,0.0151
2020-01-17,723.9000000000001,724.08,718.6800000000001,722.4000000000001,FI,11339.833333333334,3.5770106221547806,3.5770106221547806,120.4,120.65,120.68,119.78,68039,722.4000000000001,723.9000000000001,724.08,718.6800000000001,11339.833333333334,2.5200000000000955,0.0035
2020-01-21,723.66,729.12,722.04,722.8199999999999,FI,3721.0,3.575493171471927,3.575493171471927,120.47,120.61,121.52,120.34,22326,722.8199999999999,723.66,729.12,722.04,3721.0,-0.24000000000012278,-0.0003
2020-01-22,732.42,734.64,729.72,730.4399999999999,FI,1528.0,3.6308801213960544,3.6308801213960544,121.74,122.07,122.44,121.62,9168,730.4399999999999,732.42,734.64,729.72,1528.0,8.759999999999991,0.0121
2020-01-23,733.62,733.92,727.02,727.02,FI,1897.5,3.638467374810319,3.638467374810319,121.17,122.27,122.32,121.17,11385,727.02,733.62,733.92,727.02,1897.5,1.2000000000000455,0.0016
2020-01-24,725.04,735.84,723.48,735.5999999999999,FI,5120.833333333333,3.584218512898331,3.584218512898331,122.6,120.84,122.64,120.58,30725,735.5999999999999,725.04,735.84,723.48,5120.833333333333,-8.580000000000041,-0.0117
2020-01-27,716.04,720.72,713.88,713.88,FI,3462.333333333333,3.5273141122913505,3.5273141122913505,118.98,119.34,120.12,118.98,20774,713.88,716.04,720.72,713.88,3462.333333333333,-9.0,-0.0124
2020-01-28,722.8499999999999,726.5999999999999,715.8,717.12,FI,8212.166666666666,3.5703717754172986,3.5703717754172986,119.52,120.475,121.1,119.3,49273,717.12,722.8499999999999,726.5999999999999,715.8,8212.166666666666,6.809999999999945,0.0095
2020-01-29,719.9399999999999,725.52,718.14,724.6800000000001,FI,6555.666666666667,3.5519726858877085,3.5519726858877085,120.78,119.99,120.92,119.69,39334,724.6800000000001,719.9399999999999,725.52,718.14,6555.666666666667,-2.909999999999968,-0.004
2020-01-30,727.38,727.38,713.76,713.76,FI,5751.833333333333,3.5990136570561457,3.5990136570561457,118.96,121.23,121.23,118.96,34511,713.76,727.38,727.38,713.76,5751.833333333333,7.440000000000055,0.0103
2020-01-31,712.08,724.26,708.66,722.7,FI,5361.333333333333,3.5022761760242798,3.5022761760242798,120.45,118.68,120.71,118.11,32168,722.7,712.08,724.26,708.66,5361.333333333333,-15.299999999999955,-0.021
2020-02-03,731.58,732.1800000000001,718.5,719.34,FI,6698.666666666667,3.6255690440060704,3.6255690440060704,119.89,121.93,122.03,119.75,40192,719.34,731.58,732.1800000000001,718.5,6698.666666666667,19.5,0.0274
2020-02-04,22.02,22.05,21.12,21.54,FI,117384.5,-0.8607738998482548,-0.8607738998482548,3.59,3.67,3.675,3.52,704307,21.54,22.02,22.05,21.12,117384.5,-709.5600000000001,-0.9699
2020-02-05,729.5999999999999,743.64,718.4399999999999,732.3,FI,9527.666666666666,3.613050075872534,3.613050075872534,122.05,121.6,123.94,119.74,57166,732.3,729.5999999999999,743.64,718.4399999999999,9527.666666666666,707.5799999999999,32.1335
2020-02-06,730.08,730.6500000000001,722.9399999999999,730.26,FI,4843.333333333333,3.6160849772382404,3.6160849772382404,121.71,121.68,121.775,120.49,29060,730.26,730.08,730.6500000000001,722.9399999999999,4843.333333333333,0.4800000000001319,0.0007
2020-02-07,731.22,732.3,721.86,723.5999999999999,FI,7140.333333333333,3.623292867981791,3.623292867981791,120.6,121.87,122.05,120.31,42842,723.5999999999999,731.22,732.3,721.86,7140.333333333333,1.1399999999999864,0.0016
2020-02-10,738.84,741.0600000000001,731.76,733.3199999999999,FI,7416.0,3.6714719271623677,3.6714719271623677,122.22,123.14,123.51,121.96,44496,733.3199999999999,738.84,741.0600000000001,731.76,7416.0,7.6200000000000045,0.0104
2020-02-11,723.96,746.52,723.9000000000001,746.52,FI,6903.5,3.5773899848254938,3.5773899848254938,124.42,120.66,124.42,120.65,41421,746.52,723.96,746.52,723.9000000000001,6903.5,-14.879999999999995,-0.0201
2020-02-12,714.72,726.12,714.12,721.86,FI,7515.833333333333,3.5189681335356604,3.5189681335356604,120.31,119.12,121.02,119.02,45095,721.86,714.72,726.12,714.12,7515.833333333333,-9.240000000000009,-0.0128
2020-02-13,726.3,733.86,712.8,712.86,FI,6361.0,3.592185128983308,3.592185128983308,118.81,121.05,122.31,118.8,38166,712.86,726.3,733.86,712.8,6361.0,11.579999999999927,0.0162
2020-02-14,733.86,733.86,725.9399999999999,727.5600000000001,FI,7539.833333333333,3.6399848254931717,3.6399848254931717,121.26,122.31,122.31,120.99,45239,727.5600000000001,733.86,733.86,725.9399999999999,7539.833333333333,7.560000000000059,0.0104
2020-02-18,732.84,741.9000000000001,731.04,736.98,FI,5930.333333333333,3.6335356600910473,3.6335356600910473,122.83,122.14,123.65,121.84,35582,736.98,732.84,741.9000000000001,731.04,5930.333333333333,-1.0199999999999818,-0.0014
2020-02-19,741.36,742.26,736.08,737.04,FI,3214.6666666666665,3.687405159332322,3.687405159332322,122.84,123.56,123.71,122.68,19288,737.04,741.36,742.26,736.08,3214.6666666666665,8.519999999999982,0.0116
2020-02-20,731.28,739.8,721.6800000000001,739.8,FI,4606.5,3.6236722306525038,3.6236722306525038,123.3,121.88,123.3,120.28,27639,739.8,731.28,739.8,721.6800000000001,4606.5,-10.080000000000041,-0.0136
2020-02-21,717.0,730.38,712.14,729.3,FI,9019.666666666666,3.533383915022762,3.533383915022762,121.55,119.5,121.73,118.69,54118,729.3,717.0,730.38,712.14,9019.666666666666,-14.279999999999973,-0.0195
2020-02-24,699.54,712.2,696.24,700.5,FI,5556.833333333333,3.4229893778452203,3.4229893778452203,116.75,116.59,118.7,116.04,33341,700.5,699.54,712.2,696.24,5556.833333333333,-17.460000000000036,-0.0244
2020-02-25,679.62,702.9000000000001,678.54,702.9000000000001,FI,8700.0,3.297040971168437,3.297040971168437,117.15,113.27,117.15,113.09,52200,702.9000000000001,679.62,702.9000000000001,678.54,8700.0,-19.91999999999996,-0.0285
2020-02-26,677.58,691.14,673.14,682.8,FI,5747.666666666667,3.284142640364189,3.284142640364189,113.8,112.93,115.19,112.19,34486,682.8,677.58,691.14,673.14,5747.666666666667,-2.0399999999999636,-0.003
2020-02-27,650.7,675.36,650.16,662.9399999999999,FI,17288.833333333332,3.1141881638846742,3.1141881638846742,110.49,108.45,112.56,108.36,103733,662.9399999999999,650.7,675.36,650.16,17288.833333333332,-26.879999999999995,-0.0397
2020-02-28,655.26,656.76,632.52,633.54,FI,22497.0,3.1430197268588773,3.1430197268588773,105.59,109.21,109.46,105.42,134982,633.54,655.26,656.76,632.52,22497.0,4.559999999999945,0.007
2020-03-02,685.4399999999999,685.4399999999999,643.83,652.02,FI,9936.0,3.3338391502276177,3.3338391502276177,108.67,114.24,114.24,107.305,59616,652.02,685.4399999999999,685.4399999999999,643.83,9936.0,30.17999999999995,0.0461
2020-03-03,656.88,689.04,650.52,678.0600000000001,FI,13865.5,3.1532625189681336,3.1532625189681336,113.01,109.48,114.84,108.42,83193,678.0600000000001,656.88,689.04,650.52,13865.5,-28.559999999999945,-0.0417
2020-03-04,672.24,677.16,657.0600000000001,665.8199999999999,FI,11518.333333333334,3.2503793626707136,3.2503793626707136,110.97,112.04,112.86,109.51,69110,665.8199999999999,672.24,677.16,657.0600000000001,11518.333333333334,15.360000000000014,0.0234
2020-03-05,657.1800000000001,668.4000000000001,646.14,654.66,FI,19284.5,3.1551593323217,3.1551593323217,109.11,109.53,111.4,107.69,115707,654.66,657.1800000000001,668.4000000000001,646.14,19284.5,-15.059999999999945,-0.0224
2020-03-06,640.8,644.04,621.54,621.54,FI,14411.833333333334,3.0515933232169954,3.0515933232169954,103.59,106.8,107.34,103.59,86471,621.54,640.8,644.04,621.54,14411.833333333334,-16.38000000000011,-0.0249
2020-03-09,601.26,617.0999999999999,589.74,595.98,FI,10329.833333333334,2.801593323216996,2.801593323216996,99.33,100.21,102.85,98.29,61979,595.98,601.26,617.0999999999999,589.74,10329.833333333334,-39.539999999999964,-0.0617
2020-03-10,640.2,640.8,596.34,617.64,FI,17619.333333333332,3.047799696509864,3.047799696509864,102.94,106.7,106.8,99.39,105716,617.64,640.2,640.8,596.34,17619.333333333332,38.940000000000055,0.0648
2020-03-11,614.9399999999999,647.88,611.9399999999999,624.0600000000001,FI,20525.83333333333,2.8880880121396055,2.8880880121396055,104.01,102.49,107.98,101.99,123155,624.0600000000001,614.9399999999999,647.88,611.9399999999999,20525.83333333333,-25.260000000000105,-0.0395
2020-03-12,566.4000000000001,605.58,565.62,565.62,FI,22489.5,2.581183611532626,2.581183611532626,94.27,94.4,100.93,94.27,134937,565.62,566.4000000000001,605.58,565.62,22489.5,-48.53999999999985,-0.0789
2020-03-13,620.9399999999999,620.9399999999999,574.3199999999999,598.08,FI,18075.5,2.9260242792109254,2.9260242792109254,99.68,103.49,103.49,95.72,108453,598.08,620.9399999999999,620.9399999999999,574.3199999999999,18075.5,54.53999999999985,0.0963
2020-03-16,516.72,568.62,509.76,552.0600000000001,FI,23057.5,2.2670713201820947,2.2670713201820947,92.01,86.12,94.77,84.96,138345,552.0600000000001,516.72,568.62,509.76,23057.5,-104.21999999999991,-0.1678
2020-03-17,543.48,546.72,504.0,531.54,FI,15391.333333333334,2.4362670713201826,2.4362670713201826,88.59,90.58,91.12,84.0,92348,531.54,543.48,546.72,504.0,15391.333333333334,26.75999999999999,0.0518
2020-03-18,485.82,520.08,455.61,504.66,FI,32144.33333333333,2.071699544764795,2.071699544764795,84.11,80.97,86.68,75.935,192866,504.66,485.82,520.08,455.61,32144.33333333333,-57.660000000000025,-0.1061
2020-03-19,506.7000000000001,515.8199999999999,442.14,484.68,FI,28099.5,2.20371775417299,2.20371775417299,80.78,84.45,85.97,73.69,168597,484.68,506.7000000000001,515.8199999999999,442.14,28099.5,20.88000000000011,0.043
2020-03-20,490.62,536.64,486.9,516.72,FI,27038.666666666668,2.102048558421852,2.102048558421852,86.12,81.77,89.44,81.15,162232,516.72,490.62,536.64,486.9,27038.666666666668,-16.080000000000098,-0.0317
2020-03-23,463.38,489.96,449.4,487.44,FI,22371.33333333333,1.9298179059180578,1.9298179059180578,81.24,77.23,81.66,74.9,134228,487.44,463.38,489.96,449.4,22371.33333333333,-27.24000000000001,-0.0555
2020-03-24,520.74,522.24,485.58,488.7000000000001,FI,15717.0,2.292488619119879,2.292488619119879,81.45,86.79,87.04,80.93,94302,488.7000000000001,520.74,522.24,485.58,15717.0,57.360000000000014,0.1238
2020-03-25,546.0600000000001,566.52,511.08,524.9399999999999,FI,15760.166666666666,2.4525796661608505,2.4525796661608505,87.49,91.01,94.42,85.18,94561,524.9399999999999,546.0600000000001,566.52,511.08,15760.166666666666,25.32000000000005,0.0486
2020-03-26,587.46,589.6800000000001,554.28,554.28,FI,9980.5,2.7143399089529594,2.7143399089529594,92.38,97.91,98.28,92.38,59883,554.28,587.46,589.6800000000001,554.28,9980.5,41.39999999999998,0.0758
2020-03-27,564.96,580.4399999999999,558.3,558.3,FI,6572.666666666667,2.572078907435509,2.572078907435509,93.05,94.16,96.74,93.05,39436,558.3,564.96,580.4399999999999,558.3,6572.666666666667,-22.5,-0.0383
2020-03-30,590.28,592.2,570.36,575.0999999999999,FI,7869.666666666667,2.7321699544764795,2.7321699544764795,95.85,98.38,98.7,95.06,47218,575.0999999999999,590.28,592.2,570.36,7869.666666666667,25.319999999999936,0.0448
2020-03-31,569.8199999999999,584.8199999999999,564.48,578.7,FI,15343.833333333334,2.6028072837632776,2.6028072837632776,96.45,94.97,97.47,94.08,92063,578.7,569.8199999999999,584.8199999999999,564.48,15343.833333333334,-20.460000000000036,-0.0347
2020-04-01,528.5699999999999,551.7,525.24,546.24,FI,5326.5,2.3419954476479514,2.3419954476479514,91.04,88.095,91.95,87.54,31959,546.24,528.5699999999999,551.7,525.24,5326.5,-41.25,-0.0724
2020-04-02,533.28,536.04,510.24,514.8,FI,7774.5,2.371775417298938,2.371775417298938,85.8,88.88,89.34,85.04,46647,514.8,533.28,536.04,510.24,7774.5,4.710000000000036,0.0089
2020-04-03,517.4399999999999,537.54,506.64,532.08,FI,6280.333333333333,2.2716236722306524,2.2716236722306524,88.68,86.24,89.59,84.44,37682,532.08,517.4399999999999,537.54,506.64,6280.333333333333,-15.840000000000032,-0.0297
2020-04-06,577.3199999999999,578.64,547.4399999999999,549.3,FI,6802.166666666667,2.650227617602428,2.650227617602428,91.55,96.22,96.44,91.24,40813,549.3,577.3199999999999,578.64,547.4399999999999,6802.166666666667,59.879999999999995,0.1157
2020-04-07,568.02,599.58,568.02,599.34,FI,6679.0,2.591426403641882,2.591426403641882,99.89,94.67,99.93,94.67,40074,599.34,568.02,599.58,568.02,6679.0,-9.299999999999955,-0.0161
2020-04-08,589.98,592.6800000000001,571.2,574.8,FI,4585.5,2.7302731411229137,2.7302731411229137,95.8,98.33,98.78,95.2,27513,574.8,589.98,592.6800000000001,571.2,4585.5,21.960000000000036,0.0387
2020-04-09,595.2,609.66,590.58,599.46,FI,3306.6666666666665,2.7632776934749628,2.7632776934749628,99.91,99.2,101.61,98.43,19840,599.46,595.2,609.66,590.58,3306.6666666666665,5.220000000000027,0.0088
2020-04-13,582.0,586.98,568.2,585.12,FI,5869.0,2.679817905918058,2.679817905918058,97.52,97.0,97.83,94.7,35214,585.12,582.0,586.98,568.2,5869.0,-13.200000000000045,-0.0222
2020-04-14,581.88,590.88,572.88,589.98,FI,10102.666666666666,2.6790591805766315,2.6790591805766315,98.33,96.98,98.48,95.48,60616,589.98,581.88,590.88,572.88,10102.666666666666,-0.12000000000000455,-0.0002
2020-04-15,561.1800000000001,571.5600000000001,557.0999999999999,567.3,FI,16073.333333333334,2.548179059180577,2.548179059180577,94.55,93.53,95.26,92.85,96440,567.3,561.1800000000001,571.5600000000001,557.0999999999999,16073.333333333334,-20.699999999999932,-0.0356
2020-04-16,11.58,14.04,11.16,13.92,FI,103118.66666666669,-0.926783004552352,-0.926783004552352,2.32,1.93,2.34,1.86,618712,13.92,11.58,14.04,11.16,103118.66666666669,-549.6,-0.9794
2020-04-17,603.5999999999999,604.4399999999999,592.86,593.7,FI,9441.333333333334,2.81638846737481,2.81638846737481,98.95,100.6,100.74,98.81,56648,593.7,603.5999999999999,604.4399999999999,592.86,9441.333333333334,592.0199999999999,51.1244
2020-04-20,583.6800000000001,597.9000000000001,580.98,589.3199999999999,FI,5856.833333333333,2.690440060698028,2.690440060698028,98.22,97.28,99.65,96.83,35141,589.3199999999999,583.6800000000001,597.9000000000001,580.98,5856.833333333333,-19.919999999999845,-0.033
2020-04-21,552.0600000000001,571.74,549.12,571.74,FI,5542.666666666667,2.4905159332321705,2.4905159332321705,95.29,92.01,95.29,91.52,33256,571.74,552.0600000000001,571.74,549.12,5542.666666666667,-31.620000000000005,-0.0542
2020-04-22,572.9399999999999,575.64,560.0999999999999,563.76,FI,4413.166666666667,2.622534142640364,2.622534142640364,93.96,95.49,95.94,93.35,26479,563.76,572.9399999999999,575.64,560.0999999999999,4413.166666666667,20.87999999999988,0.0378
2020-04-23,567.84,579.0,563.0999999999999,571.26,FI,2407.0,2.5902883156297425,2.5902883156297425,95.21,94.64,96.5,93.85,14442,571.26,567.84,579.0,563.0999999999999,2407.0,-5.099999999999909,-0.0089
2020-04-24,577.4399999999999,579.5999999999999,563.52,568.2,FI,3802.6666666666665,2.6509863429438543,2.6509863429438543,94.7,96.24,96.6,93.92,22816,568.2,577.4399999999999,579.5999999999999,563.52,3802.6666666666665,9.599999999999909,0.0169
2020-04-27,595.8,596.04,580.26,583.38,FI,6955.833333333333,2.7670713201820942,2.7670713201820942,97.23,99.3,99.34,96.71,41735,583.38,595.8,596.04,580.26,6955.833333333333,18.360000000000014,0.0318
2020-04-28,597.84,607.08,596.4000000000001,604.5600000000001,FI,5086.5,2.7799696509863434,2.7799696509863434,100.76,99.64,101.18,99.4,30519,604.5600000000001,597.84,607.08,596.4000000000001,5086.5,2.0400000000000773,0.0034
2020-04-29,628.74,633.24,617.8199999999999,617.8199999999999,FI,9294.5,2.9753414264036424,2.9753414264036424,102.97,104.79,105.54,102.97,55767,617.8199999999999,628.74,633.24,617.8199999999999,9294.5,30.899999999999977,0.0517
2020-04-30,14.58,15.54,14.1042,15.3,FI,39338.833333333336,-0.9078148710166919,-0.9078148710166919,2.55,2.43,2.59,2.3507,236033,15.3,14.58,15.54,14.1042,39338.833333333336,-614.16,-0.9768
2020-05-01,601.08,612.72,598.8,606.1800000000001,FI,8058.333333333333,2.8004552352048564,2.8004552352048564,101.03,100.18,102.12,99.8,48350,606.1800000000001,601.08,612.72,598.8,8058.333333333333,586.5,40.2263
2020-05-04,608.64,608.88,594.0,597.36,FI,10174.333333333334,2.8482549317147194,2.8482549317147194,99.56,101.44,101.48,99.0,61046,597.36,608.64,608.88,594.0,10174.333333333334,7.559999999999945,0.0126
2020-05-05,623.8199999999999,630.36,612.84,612.84,FI,12465.666666666666,2.944233687405159,2.944233687405159,102.14,103.97,105.06,102.14,74794,612.84,623.8199999999999,630.36,612.84,12465.666666666666,15.17999999999995,0.0249
2020-05-06,633.36,642.36,627.0600000000001,631.98,FI,5909.5,3.0045523520485586,3.0045523520485586,105.33,105.56,107.06,104.51,35457,631.98,633.36,642.36,627.0600000000001,5909.5,9.540000000000077,0.0153
2020-05-07,644.04,650.0999999999999,636.24,636.24,FI,9642.333333333334,3.0720789074355084,3.0720789074355084,106.04,107.34,108.35,106.04,57854,636.24,644.04,650.0999999999999,636.24,9642.333333333334,10.67999999999995,0.0169
2020-05-08,628.5,652.5,620.52,647.52,FI,19138.83333333333,2.9738239757207894,2.9738239757207894,107.92,104.75,108.75,103.42,114833,647.52,628.5,652.5,620.52,19138.83333333333,-15.539999999999964,-0.0241
2020-05-11,610.08,624.72,609.3,624.3,FI,10827.0,2.8573596358118367,2.8573596358118367,104.05,101.68,104.12,101.55,64962,624.3,610.08,624.72,609.3,10827.0,-18.41999999999996,-0.0293
2020-05-12,601.98,613.4399999999999,600.72,612.72,FI,14546.5,2.806145675265554,2.806145675265554,102.12,100.33,102.24,100.12,87279,612.72,601.98,613.4399999999999,600.72,14546.5,-8.100000000000023,-0.0133
2020-05-13,593.22,606.36,585.0,598.86,FI,11329.166666666666,2.7507587253414267,2.7507587253414267,99.81,98.87,101.06,97.5,67975,598.86,593.22,606.36,585.0,11329.166666666666,-8.759999999999991,-0.0146
2020-05-14,595.86,597.0600000000001,581.9399999999999,596.0999999999999,FI,8647.0,2.767450682852808,2.767450682852808,99.35,99.31,99.51,96.99,51882,596.0999999999999,595.86,597.0600000000001,581.9399999999999,8647.0,2.6399999999999864,0.0045
2020-05-15,600.0,603.42,590.28,598.86,FI,9157.333333333334,2.7936267071320184,2.7936267071320184,99.81,100.0,100.57,98.38,54944,598.86,600.0,603.42,590.28,9157.333333333334,4.139999999999986,0.0069
2020-05-18,13.08,13.26,12.18,12.24,FI,123056.16666666669,-0.9172989377845219,-0.9172989377845219,2.04,2.18,2.21,2.03,738337,12.24,13.08,13.26,12.18,123056.16666666669,-586.92,-0.9782
2020-05-19,11.88,12.78,11.73,12.66,FI,83392.0,-0.924886191198786,-0.924886191198786,2.11,1.98,2.13,1.955,500352,12.66,11.88,12.78,11.73,83392.0,-1.1999999999999993,-0.0917
2020-05-20,635.28,636.03,620.7,621.12,FI,12736.833333333334,3.016691957511381,3.016691957511381,103.52,105.88,106.005,103.45,76421,621.12,635.28,636.03,620.7,12736.833333333334,623.4,52.4747
2020-05-21,621.48,633.0600000000001,618.66,631.8,FI,8827.333333333334,2.9294385432473447,2.9294385432473447,105.3,103.58,105.51,103.11,52964,631.8,621.48,633.0600000000001,618.66,8827.333333333334,-13.799999999999955,-0.0217
2020-05-22,623.34,626.52,617.64,619.14,FI,12121.0,2.9411987860394544,2.9411987860394544,103.19,103.89,104.42,102.94,72726,619.14,623.34,626.52,617.64,12121.0,1.8600000000000136,0.003
2020-05-26,630.84,641.04,626.04,641.04,FI,17053.666666666668,2.9886191198786043,2.9886191198786043,106.84,105.14,106.84,104.34,102322,641.04,630.84,641.04,626.04,17053.666666666668,7.5,0.012
2020-05-27,14.4,14.46,11.88,12.42,FI,191257.3333333333,-0.9089529590288316,-0.9089529590288316,2.07,2.4,2.41,1.98,1147544,12.42,14.4,14.46,11.88,191257.3333333333,-616.44,-0.9772
2020-05-28,14.4,15.36,13.14,14.4,FI,184442.8333333333,-0.9089529590288316,-0.9089529590288316,2.4,2.4,2.56,2.19,1106657,14.4,14.4,15.36,13.14,184442.8333333333,0.0,0.0
2020-05-29,13.5,14.34,12.9,13.92,FI,124501.5,-0.9146433990895296,-0.9146433990895296,2.32,2.25,2.39,2.15,747009,13.92,13.5,14.34,12.9,124501.5,-0.9000000000000004,-0.0625
2020-06-01,13.2,13.86,12.9,13.5,FI,68155.66666666667,-0.9165402124430957,-0.9165402124430957,2.25,2.2,2.31,2.15,408934,13.5,13.2,13.86,12.9,68155.66666666667,-0.3000000000000007,-0.0222
2020-06-02,646.89,656.9399999999999,640.92,652.8,FI,6559.0,3.0900986342943857,3.0900986342943857,108.8,107.815,109.49,106.82,39354,652.8,646.89,656.9399999999999,640.92,6559.0,633.6899999999999,48.0068
2020-06-03,652.98,655.2,642.36,648.72,FI,3550.5,3.128603945371776,3.128603945371776,108.12,108.83,109.2,107.06,21303,648.72,652.98,655.2,642.36,3550.5,6.090000000000032,0.0094
2020-06-04,634.38,652.74,630.36,652.74,FI,10430.0,3.011001517450683,3.011001517450683,108.79,105.73,108.79,105.06,62580,652.74,634.38,652.74,630.36,10430.0,-18.600000000000023,-0.0285
2020-06-05,16.62,16.92,14.34,14.7,FI,318255.3333333333,-0.894916540212443,-0.894916540212443,2.45,2.77,2.82,2.39,1909532,14.7,16.62,16.92,14.34,318255.3333333333,-617.76,-0.9738
2020-06-08,640.3199999999999,657.96,637.98,654.9000000000001,FI,7435.833333333333,3.04855842185129,3.04855842185129,109.15,106.72,109.66,106.33,44615,654.9000000000001,640.3199999999999,657.96,637.98,7435.833333333333,623.6999999999999,37.5271
2020-06-09,644.58,652.26,641.28,643.02,FI,4696.5,3.0754931714719276,3.0754931714719276,107.17,107.43,108.71,106.88,28179,643.02,644.58,652.26,641.28,4696.5,4.260000000000105,0.0067
2020-06-10,16.98,17.58,16.5,16.92,FI,112019.0,-0.892640364188164,-0.892640364188164,2.82,2.83,2.93,2.75,672114,16.92,16.98,17.58,16.5,112019.0,-627.6,-0.9737
2020-06-11,599.22,631.5600000000001,593.16,631.5600000000001,FI,17948.0,2.788694992412747,2.788694992412747,105.26,99.87,105.26,98.86,107688,631.5600000000001,599.22,631.5600000000001,593.16,17948.0,582.24,34.2898
2020-06-12,14.34,14.88,14.04,14.16,FI,98267.33333333331,-0.9093323216995447,-0.9093323216995447,2.36,2.39,2.48,2.34,589604,14.16,14.34,14.88,14.04,98267.33333333331,-584.88,-0.9761
2020-06-15,599.52,604.4399999999999,586.38,586.92,FI,7169.0,2.790591805766313,2.790591805766313,97.82,99.92,100.74,97.73,43014,586.92,599.52,604.4399999999999,586.38,7169.0,585.18,40.8075
2020-06-16,619.4399999999999,625.38,612.27,612.27,FI,7459.833333333333,2.9165402124430955,2.9165402124430955,102.045,103.24,104.23,102.045,44759,612.27,619.4399999999999,625.38,612.27,7459.833333333333,19.91999999999996,0.0332
2020-06-17,13.08,14.076,13.02,13.86,FI,85438.33333333333,-0.9172989377845219,-0.9172989377845219,2.31,2.18,2.346,2.17,512630,13.86,13.08,14.076,13.02,85438.33333333333,-606.3599999999999,-0.9789
2020-06-18,624.42,625.14,615.42,618.36,FI,6721.0,2.9480273141122915,2.9480273141122915,103.06,104.07,104.19,102.57,40326,618.36,624.42,625.14,615.42,6721.0,611.3399999999999,46.7385
2020-06-19,13.5,13.5,12.72,13.32,FI,380984.3333333333,-0.9146433990895296,-0.9146433990895296,2.22,2.25,2.25,2.12,2285906,13.32,13.5,13.5,12.72,380984.3333333333,-610.92,-0.9784
2020-06-22,13.56,14.1,13.02,13.44,FI,97191.16666666669,-0.9142640364188164,-0.9142640364188164,2.24,2.26,2.35,2.17,583147,13.44,13.56,14.1,13.02,97191.16666666669,0.0600000000000005,0.0044
2020-06-23,612.3,618.66,607.08,610.2,FI,6108.5,2.8713960546282244,2.8713960546282244,101.7,102.05,103.11,101.18,36651,610.2,612.3,618.66,607.08,6108.5,598.74,44.1549
2020-06-24,12.48,13.38,12.21,13.26,FI,151778.0,-0.9210925644916541,-0.9210925644916541,2.21,2.08,2.23,2.035,910668,13.26,12.48,13.38,12.21,151778.0,-599.8199999999999,-0.9796
2020-06-25,585.12,586.2,576.5999999999999,577.5600000000001,FI,9704.666666666666,2.6995447647951445,2.6995447647951445,96.26,97.52,97.7,96.1,58228,577.5600000000001,585.12,586.2,576.5999999999999,9704.666666666666,572.64,45.8846
2020-06-26,12.12,13.26,11.88,13.2,FI,936313.0,-0.9233687405159332,-0.9233687405159332,2.2,2.02,2.21,1.98,5617878,13.2,12.12,13.26,11.88,936313.0,-573.0,-0.9793
2020-06-29,582.12,582.12,562.92,569.76,FI,13015.666666666666,2.6805766312594845,2.6805766312594845,94.96,97.02,97.02,93.82,78094,569.76,582.12,582.12,562.92,13015.666666666666,570.0,47.0297
2020-06-30,13.38,13.56,12.24,12.54,FI,122342.0,-0.915402124430956,-0.915402124430956,2.09,2.23,2.26,2.04,734052,12.54,13.38,13.56,12.24,122342.0,-568.74,-0.977
2020-07-01,12.96,13.95,12.9,13.44,FI,121619.66666666669,-0.9180576631259484,-0.9180576631259484,2.24,2.16,2.325,2.15,729718,13.44,12.96,13.95,12.9,121619.66666666669,-0.41999999999999993,-0.0314
2020-07-02,12.78,13.44,12.66,13.44,FI,100336.16666666669,-0.919195751138088,-0.919195751138088,2.24,2.13,2.24,2.11,602017,13.44,12.78,13.44,12.66,100336.16666666669,-0.1800000000000015,-0.0139
2020-07-06,588.1800000000001,599.16,587.28,597.0,FI,4277.333333333333,2.718892261001518,2.718892261001518,99.5,98.03,99.86,97.88,25664,597.0,588.1800000000001,599.16,587.28,4277.333333333333,575.4000000000001,45.0235
2020-07-07,580.38,598.98,578.9399999999999,588.12,FI,3553.0,2.6695751138088015,2.6695751138088015,98.02,96.73,99.83,96.49,21318,588.12,580.38,598.98,578.9399999999999,3553.0,-7.800000000000068,-0.0133
2020-07-08,582.3,585.78,575.37,581.73,FI,9496.666666666666,2.6817147192716235,2.6817147192716235,96.955,97.05,97.63,95.895,56980,581.73,582.3,585.78,575.37,9496.666666666666,1.919999999999959,0.0033
2020-07-09,568.4399999999999,584.0999999999999,563.88,582.72,FI,8795.0,2.594081942336874,2.594081942336874,97.12,94.74,97.35,93.98,52770,582.72,568.4399999999999,584.0999999999999,563.88,8795.0,-13.860000000000014,-0.0238
2020-07-10,576.0600000000001,576.1800000000001,566.76,569.16,FI,7620.333333333333,2.6422610015174515,2.6422610015174515,94.86,96.01,96.03,94.46,45722,569.16,576.0600000000001,576.1800000000001,566.76,7620.333333333333,7.620000000000118,0.0134
2020-07-13,12.54,13.2,12.42,12.84,FI,103956.16666666669,-0.9207132018209409,-0.9207132018209409,2.14,2.09,2.2,2.07,623737,12.84,12.54,13.2,12.42,103956.16666666669,-563.5200000000001,-0.9782
2020-07-14,585.48,585.9000000000001,562.2,564.0,FI,10537.333333333334,2.701820940819424,2.701820940819424,94.0,97.58,97.65,93.7,63224,564.0,585.48,585.9000000000001,562.2,10537.333333333334,572.94,45.689
2020-07-15,604.08,611.7,593.04,593.64,FI,8768.666666666666,2.8194233687405164,2.8194233687405164,98.94,100.68,101.95,98.84,52612,593.64,604.08,611.7,593.04,8768.666666666666,18.600000000000023,0.0318
2020-07-16,595.74,602.28,592.92,600.72,FI,13570.333333333334,2.766691957511381,2.766691957511381,100.12,99.29,100.38,98.82,81422,600.72,595.74,602.28,592.92,13570.333333333334,-8.340000000000032,-0.0138
2020-07-17,615.1800000000001,617.76,596.64,600.66,FI,14510.5,2.889605462822459,2.889605462822459,100.11,102.53,102.96,99.44,87063,600.66,615.1800000000001,617.76,596.64,14510.5,19.440000000000055,0.0326
2020-07-20,613.3199999999999,621.12,611.16,615.5999999999999,FI,7964.333333333333,2.877845220030349,2.877845220030349,102.6,102.22,103.52,101.86,47786,615.5999999999999,613.3199999999999,621.12,611.16,7964.333333333333,-1.8600000000001273,-0.003
2020-07-21,609.3,617.46,608.28,616.14,FI,15251.166666666666,2.8524279210925645,2.8524279210925645,102.69,101.55,102.91,101.38,91507,616.14,609.3,617.46,608.28,15251.166666666666,-4.019999999999982,-0.0066
2020-07-22,12.12,13.08,12.0,12.42,FI,317408.0,-0.9233687405159332,-0.9233687405159332,2.07,2.02,2.18,2.0,1904448,12.42,12.12,13.08,12.0,317408.0,-597.18,-0.9801
2020-07-23,613.2,625.62,609.72,617.04,FI,7213.166666666667,2.877086494688923,2.877086494688923,102.84,102.2,104.27,101.62,43279,617.04,613.2,625.62,609.72,7213.166666666667,601.08,49.5941
2020-07-24,13.26,13.62,12.96,13.26,FI,207064.3333333333,-0.9161608497723824,-0.9161608497723824,2.21,2.21,2.27,2.16,1242386,13.26,13.26,13.62,12.96,207064.3333333333,-599.94,-0.9784
2020-07-27,13.02,13.5,12.9,13.5,FI,107448.66666666669,-0.9176783004552351,-0.9176783004552351,2.25,2.17,2.25,2.15,644692,13.5,13.02,13.5,12.9,107448.66666666669,-0.2400000000000002,-0.0181
2020-07-28,600.0600000000001,607.6800000000001,595.3199999999999,603.9000000000001,FI,5185.0,2.794006069802732,2.794006069802732,100.65,100.01,101.28,99.22,31110,603.9000000000001,600.0600000000001,607.6800000000001,595.3199999999999,5185.0,587.0400000000001,45.0876
2020-07-29,607.5,610.2,599.4000000000001,600.36,FI,4470.0,2.841047040971169,2.841047040971169,100.06,101.25,101.7,99.9,26820,600.36,607.5,610.2,599.4000000000001,4470.0,7.439999999999941,0.0124
2020-07-30,602.9399999999999,603.78,593.4000000000001,601.86,FI,4168.333333333333,2.812215477996965,2.812215477996965,100.31,100.49,100.63,98.9,25010,601.86,602.9399999999999,603.78,593.4000000000001,4168.333333333333,-4.560000000000059,-0.0075
2020-07-31,597.96,602.22,593.46,602.22,FI,10632.5,2.7807283763277697,2.7807283763277697,100.37,99.66,100.37,98.91,63795,602.22,597.96,602.22,593.46,10632.5,-4.9799999999999045,-0.0083
2020-08-03,14.28,14.4582,13.44,13.56,FI,103154.33333333331,-0.909711684370258,-0.909711684370258,2.26,2.38,2.4097,2.24,618926,13.56,14.28,14.4582,13.44,103154.33333333331,-583.6800000000001,-0.9761
2020-08-04,597.45,610.38,596.0999999999999,600.1800000000001,FI,6778.666666666667,2.7775037936267077,2.7775037936267077,100.03,99.575,101.73,99.35,40672,600.1800000000001,597.45,610.38,596.0999999999999,6778.666666666667,583.1700000000001,40.8382
2020-08-05,15.84,16.02,14.5806,14.82,FI,131315.5,-0.8998482549317147,-0.8998482549317147,2.47,2.64,2.67,2.4301,787893,14.82,15.84,16.02,14.5806,131315.5,-581.61,-0.9735
2020-08-06,614.28,621.54,596.8199999999999,609.5999999999999,FI,16339.5,2.8839150227617605,2.8839150227617605,101.6,102.38,103.59,99.47,98037,609.5999999999999,614.28,621.54,596.8199999999999,16339.5,598.4399999999999,37.7803
2020-08-07,622.98,623.9399999999999,601.6800000000001,609.12,FI,7279.166666666667,2.938922610015175,2.938922610015175,101.52,103.83,103.99,100.28,43675,609.12,622.98,623.9399999999999,601.6800000000001,7279.166666666667,8.700000000000045,0.0142
2020-08-10,16.92,17.34,16.08,16.26,FI,94524.33333333331,-0.8930197268588772,-0.8930197268588772,2.71,2.82,2.89,2.68,567146,16.26,16.92,17.34,16.08,94524.33333333331,-606.0600000000001,-0.9728
2020-08-11,588.96,598.6800000000001,582.0,593.8199999999999,FI,10702.666666666666,2.7238239757207894,2.7238239757207894,98.97,98.16,99.78,97.0,64216,593.8199999999999,588.96,598.6800000000001,582.0,10702.666666666666,572.0400000000001,33.8085
2020-08-12,588.0,600.96,587.76,596.58,FI,8023.833333333333,2.717754172989378,2.717754172989378,99.43,98.0,100.16,97.96,48143,596.58,588.0,600.96,587.76,8023.833333333333,-0.9600000000000364,-0.0016
2020-08-13,596.8199999999999,600.3,587.9399999999999,587.9399999999999,FI,2981.6666666666665,2.773520485584218,2.773520485584218,97.99,99.47,100.05,97.99,17890,587.9399999999999,596.8199999999999,600.3,587.9399999999999,2981.6666666666665,8.819999999999936,0.015
2020-08-14,598.8,600.0600000000001,591.12,594.0,FI,6107.5,2.786039453717754,2.786039453717754,99.0,99.8,100.01,98.52,36645,594.0,598.8,600.0600000000001,591.12,6107.5,1.9800000000000182,0.0033
2020-08-17,15.18,15.72,14.79,15.66,FI,56229.5,-0.9040212443095599,-0.9040212443095599,2.61,2.53,2.62,2.465,337377,15.66,15.18,15.72,14.79,56229.5,-583.62,-0.9746
2020-08-18,616.3199999999999,621.0,609.72,612.72,FI,2906.1666666666665,2.8968133535660088,2.8968133535660088,102.12,102.72,103.5,101.62,17437,612.72,616.3199999999999,621.0,609.72,2906.1666666666665,601.14,39.6008
2020-08-19,14.52,14.7,14.1,14.4,FI,133815.33333333334,-0.908194233687405,-0.908194233687405,2.4,2.42,2.45,2.35,802892,14.4,14.52,14.7,14.1,133815.33333333334,-601.8,-0.9764
2020-08-20,582.0600000000001,597.5999999999999,580.98,597.0600000000001,FI,7062.166666666667,2.6801972685887714,2.6801972685887714,99.51,97.01,99.6,96.83,42373,597.0600000000001,582.0600000000001,597.5999999999999,580.98,7062.166666666667,567.5400000000001,39.0868
2020-08-21,13.98,14.34,13.65,14.28,FI,81567.33333333333,-0.911608497723824,-0.911608497723824,2.38,2.33,2.39,2.275,489404,14.28,13.98,14.34,13.65,81567.33333333333,-568.08,-0.976
2020-08-24,576.9000000000001,584.34,570.12,576.96,FI,9942.166666666666,2.6475720789074364,2.6475720789074364,96.16,96.15,97.39,95.02,59653,576.96,576.9000000000001,584.34,570.12,9942.166666666666,562.9200000000001,40.2661
2020-08-25,589.4399999999999,589.4399999999999,578.04,580.86,FI,5718.666666666667,2.7268588770864945,2.7268588770864945,96.81,98.24,98.24,96.34,34312,580.86,589.4399999999999,589.4399999999999,578.04,5718.666666666667,12.53999999999985,0.0217
2020-08-26,13.86,14.34,13.62,14.28,FI,74382.16666666667,-0.9123672230652504,-0.9123672230652504,2.38,2.31,2.39,2.27,446293,14.28,13.86,14.34,13.62,74382.16666666667,-575.5799999999999,-0.9765
2020-08-27,594.1800000000001,596.16,586.08,596.04,FI,17820.0,2.7568285280728384,2.7568285280728384,99.34,99.03,99.36,97.68,106920,596.04,594.1800000000001,596.16,586.08,17820.0,580.32,41.8701
2020-08-28,14.4,14.46,13.98,14.16,FI,58244.333333333336,-0.9089529590288316,-0.9089529590288316,2.36,2.4,2.41,2.33,349466,14.16,14.4,14.46,13.98,58244.333333333336,-579.7800000000001,-0.9758
2020-08-31,13.86,14.46,13.86,14.4,FI,83503.66666666667,-0.9123672230652504,-0.9123672230652504,2.4,2.31,2.41,2.31,501022,14.4,13.86,14.46,13.86,83503.66666666667,-0.5400000000000009,-0.0375
2020-09-01,14.28,14.34,13.68,13.86,FI,125512.83333333331,-0.909711684370258,-0.909711684370258,2.31,2.38,2.39,2.28,753077,13.86,14.28,14.34,13.68,125512.83333333331,0.41999999999999993,0.0303
2020-09-02,619.08,621.78,597.0,599.22,FI,7172.333333333333,2.914264036418817,2.914264036418817,99.87,103.18,103.63,99.5,43034,599.22,619.08,621.78,597.0,7172.333333333333,604.8000000000001,42.3529
2020-09-03,604.98,619.38,596.88,618.42,FI,19838.0,2.8251138088012144,2.8251138088012144,103.07,100.83,103.23,99.48,119028,618.42,604.98,619.38,596.88,19838.0,-14.100000000000023,-0.0228
2020-09-04,594.24,609.78,588.84,606.3,FI,16364.833333333334,2.757207890743551,2.757207890743551,101.05,99.04,101.63,98.14,98189,606.3,594.24,609.78,588.84,16364.833333333334,-10.740000000000009,-0.0178
2020-09-08,570.5999999999999,583.17,568.62,580.4399999999999,FI,18113.0,2.607738998482549,2.607738998482549,96.74,95.1,97.195,94.77,108678,580.4399999999999,570.5999999999999,583.17,568.62,18113.0,-23.6400000000001,-0.0398
2020-09-09,578.52,580.74,568.2,576.5999999999999,FI,8682.5,2.6578148710166922,2.6578148710166922,96.1,96.42,96.79,94.7,52095,576.5999999999999,578.52,580.74,568.2,8682.5,7.920000000000073,0.0139
2020-09-10,570.12,591.5999999999999,567.12,582.12,FI,5741.833333333333,2.604704097116844,2.604704097116844,97.02,95.02,98.6,94.52,34451,582.12,570.12,591.5999999999999,567.12,5741.833333333333,-8.399999999999977,-0.0145
2020-09-11,558.72,572.22,552.9000000000001,572.22,FI,15287.833333333334,2.532625189681336,2.532625189681336,95.37,93.12,95.37,92.15,91727,572.22,558.72,572.22,552.9000000000001,15287.833333333334,-11.399999999999977,-0.02
2020-09-14,12.3,13.44,11.94,12.0,FI,392792.0,-0.9222306525037935,-0.9222306525037935,2.0,2.05,2.24,1.99,2356752,12.0,12.3,13.44,11.94,392792.0,-546.4200000000001,-0.978
2020-09-15,603.9300000000001,608.34,588.9000000000001,590.8499999999999,FI,15074.5,2.8184749620637337,2.8184749620637337,98.475,100.655,101.39,98.15,90447,590.8499999999999,603.9300000000001,608.34,588.9000000000001,15074.5,591.6300000000001,48.1
2020-09-16,613.5600000000001,619.92,605.28,606.48,FI,15165.333333333334,2.8793626707132023,2.8793626707132023,101.08,102.26,103.32,100.88,90992,606.48,613.5600000000001,619.92,605.28,15165.333333333334,9.629999999999995,0.0159
2020-09-17,15.84,16.17,15.24,15.3,FI,362436.5,-0.8998482549317147,-0.8998482549317147,2.55,2.64,2.695,2.54,2174619,15.3,15.84,16.17,15.24,362436.5,-597.72,-0.9742
2020-09-18,620.4000000000001,627.27,611.64,624.9000000000001,FI,25145.0,2.9226100151745076,2.9226100151745076,104.15,103.4,104.545,101.94,150870,624.9000000000001,620.4000000000001,627.27,611.64,25145.0,604.5600000000001,38.1667
2020-09-21,597.3,610.5,589.92,610.08,FI,8248.166666666666,2.776555386949924,2.776555386949924,101.68,99.55,101.75,98.32,49489,610.08,597.3,610.5,589.92,8248.166666666666,-23.100000000000136,-0.0372
2020-09-22,11.88,12.54,11.7,12.48,FI,193973.0,-0.924886191198786,-0.924886191198786,2.08,1.98,2.09,1.95,1163838,12.48,11.88,12.54,11.7,193973.0,-585.42,-0.9801
2020-09-23,597.0,608.04,591.54,604.26,FI,6183.166666666667,2.7746585735963585,2.7746585735963585,100.71,99.5,101.34,98.59,37099,604.26,597.0,608.04,591.54,6183.166666666667,585.12,49.2525
2020-09-24,590.16,597.96,580.74,589.2,FI,5833.333333333333,2.731411229135053,2.731411229135053,98.2,98.36,99.66,96.79,35000,589.2,590.16,597.96,580.74,5833.333333333333,-6.840000000000032,-0.0115
2020-09-25,612.96,614.88,586.3199999999999,586.5600000000001,FI,8269.666666666666,2.8755690440060704,2.8755690440060704,97.76,102.16,102.48,97.72,49618,586.5600000000001,612.96,614.88,586.3199999999999,8269.666666666666,22.800000000000068,0.0386
2020-09-28,623.88,628.02,619.6800000000001,626.04,FI,4895.0,2.9446130500758727,2.9446130500758727,104.34,103.98,104.67,103.28,29370,626.04,623.88,628.02,619.6800000000001,4895.0,10.919999999999959,0.0178
2020-09-29,622.26,627.84,620.58,622.08,FI,3861.8333333333335,2.9343702579666164,2.9343702579666164,103.68,103.71,104.64,103.43,23171,622.08,622.26,627.84,620.58,3861.8333333333335,-1.6200000000000045,-0.0026
2020-09-30,618.24,624.0,612.66,622.8,FI,4352.833333333333,2.9089529590288317,2.9089529590288317,103.8,103.04,104.0,102.11,26117,622.8,618.24,624.0,612.66,4352.833333333333,-4.019999999999982,-0.0065
2020-10-01,9.42,9.6,9.0,9.36,FI,162445.33333333334,-0.9404400606980274,-0.9404400606980274,1.56,1.57,1.6,1.5,974672,9.36,9.42,9.6,9.0,162445.33333333334,-608.82,-0.9848
2020-10-02,610.5,617.0999999999999,606.0,612.12,FI,9022.166666666666,2.8600151745068287,2.8600151745068287,102.02,101.75,102.85,101.0,54133,612.12,610.5,617.0999999999999,606.0,9022.166666666666,601.08,63.8089
2020-10-05,10.08,10.41,9.9,9.9,FI,109704.16666666669,-0.936267071320182,-0.936267071320182,1.65,1.68,1.735,1.65,658225,9.9,10.08,10.41,9.9,109704.16666666669,-600.42,-0.9835
2020-10-06,614.9399999999999,628.2,611.52,615.9000000000001,FI,7775.333333333333,2.8880880121396055,2.8880880121396055,102.65,102.49,104.7,101.92,46652,615.9000000000001,614.9399999999999,628.2,611.52,7775.333333333333,604.8599999999999,60.006
2020-10-07,10.14,10.26,9.9,10.02,FI,105621.5,-0.9358877086494688,-0.9358877086494688,1.67,1.69,1.71,1.65,633729,10.02,10.14,10.26,9.9,105621.5,-604.8,-0.9835
2020-10-08,620.28,625.2,616.14,621.78,FI,5286.333333333333,2.9218512898330804,2.9218512898330804,103.63,103.38,104.2,102.69,31718,621.78,620.28,625.2,616.14,5286.333333333333,610.14,60.1716
2020-10-09,630.3,631.3199999999999,619.2,622.02,FI,7650.666666666667,2.985204855842185,2.985204855842185,103.67,105.05,105.22,103.2,45904,622.02,630.3,631.3199999999999,619.2,7650.666666666667,10.019999999999982,0.0162
2020-10-12,10.62,10.74,10.14,10.38,FI,98295.5,-0.9328528072837633,-0.9328528072837633,1.73,1.77,1.79,1.69,589773,10.38,10.62,10.74,10.14,98295.5,-619.68,-0.9832
2020-10-13,628.86,641.7,628.6800000000001,641.7,FI,6943.5,2.9761001517450687,2.9761001517450687,106.95,104.81,106.95,104.78,41661,641.7,628.86,641.7,628.6800000000001,6943.5,618.24,58.2147
2020-10-14,617.22,630.5999999999999,611.52,630.42,FI,4485.833333333333,2.9025037936267077,2.9025037936267077,105.07,102.87,105.1,101.92,26915,630.42,617.22,630.5999999999999,611.52,4485.833333333333,-11.639999999999986,-0.0185
2020-10-15,10.38,10.5,9.93,10.26,FI,77324.0,-0.9343702579666161,-0.9343702579666161,1.71,1.73,1.75,1.655,463944,10.26,10.38,10.5,9.93,77324.0,-606.84,-0.9832
2020-10-16,608.64,621.0,606.12,614.04,FI,3945.0,2.8482549317147194,2.8482549317147194,102.34,101.44,103.5,101.02,23670,614.04,608.64,621.0,606.12,3945.0,598.26,57.6358
2020-10-19,10.08,10.56,10.05,10.32,FI,83112.16666666667,-0.936267071320182,-0.936267071320182,1.72,1.68,1.76,1.675,498673,10.32,10.08,10.56,10.05,83112.16666666667,-598.56,-0.9834
2020-10-20,597.48,601.2,590.64,590.64,FI,6676.5,2.777693474962064,2.777693474962064,98.44,99.58,100.2,98.44,40059,590.64,597.48,601.2,590.64,6676.5,587.4,58.2738
2020-10-21,596.34,603.42,592.62,596.04,FI,9960.166666666666,2.7704855842185134,2.7704855842185134,99.34,99.39,100.57,98.77,59761,596.04,596.34,603.42,592.62,9960.166666666666,-1.1399999999999864,-0.0019
2020-10-22,606.0,606.0,590.7,596.22,FI,9344.666666666666,2.831562974203339,2.831562974203339,99.37,101.0,101.0,98.45,56068,596.22,606.0,606.0,590.7,9344.666666666666,9.659999999999968,0.0162
2020-10-23,606.84,611.22,601.14,606.3,FI,8282.166666666666,2.8368740515933237,2.8368740515933237,101.05,101.14,101.87,100.19,49693,606.3,606.84,611.22,601.14,8282.166666666666,0.8400000000000318,0.0014
2020-10-26,10.08,10.44,9.96,10.44,FI,112656.16666666669,-0.936267071320182,-0.936267071320182,1.74,1.68,1.74,1.66,675937,10.44,10.08,10.44,9.96,112656.16666666669,-596.76,-0.9834
2020-10-27,9.72,10.08,9.66,10.08,FI,63224.5,-0.9385432473444613,-0.9385432473444613,1.68,1.62,1.68,1.61,379347,10.08,9.72,10.08,9.66,63224.5,-0.35999999999999943,-0.0357
2020-10-28,9.24,9.42,8.97,9.3,FI,99116.33333333331,-0.9415781487101669,-0.9415781487101669,1.55,1.54,1.57,1.495,594698,9.3,9.24,9.42,8.97,99116.33333333331,-0.4800000000000004,-0.0494
2020-10-29,9.84,9.96,8.94,9.3,FI,153387.83333333334,-0.9377845220030349,-0.9377845220030349,1.55,1.64,1.66,1.49,920327,9.3,9.84,9.96,8.94,153387.83333333334,0.5999999999999996,0.0649
2020-10-30,10.5,10.62,9.66,9.66,FI,117416.0,-0.9336115326251897,-0.9336115326251897,1.61,1.75,1.77,1.61,704496,9.66,10.5,10.62,9.66,117416.0,0.6600000000000001,0.0671
2020-11-02,583.6800000000001,587.04,577.2,580.38,FI,9840.166666666666,2.690440060698028,2.690440060698028,96.73,97.28,97.84,96.2,59041,580.38,583.6800000000001,587.04,577.2,9840.166666666666,573.1800000000001,54.5886
2020-11-03,594.0600000000001,599.0999999999999,588.0,588.0,FI,5166.166666666667,2.7560698027314117,2.7560698027314117,98.0,99.01,99.85,98.0,30997,588.0,594.0600000000001,599.0999999999999,588.0,5166.166666666667,10.379999999999995,0.0178
2020-11-04,607.38,614.04,605.34,609.72,FI,5990.833333333333,2.8402883156297425,2.8402883156297425,101.62,101.23,102.34,100.89,35945,609.72,607.38,614.04,605.34,5990.833333333333,13.319999999999936,0.0224
2020-11-05,614.4000000000001,621.12,611.16,614.22,FI,5406.166666666667,2.8846737481031877,2.8846737481031877,102.37,102.4,103.52,101.86,32437,614.22,614.4000000000001,621.12,611.16,5406.166666666667,7.0200000000000955,0.0116
2020-11-06,617.76,620.16,612.1800000000001,612.1800000000001,FI,6542.333333333333,2.905918057663126,2.905918057663126,102.03,102.96,103.36,102.03,39254,612.1800000000001,617.76,620.16,612.1800000000001,6542.333333333333,3.3599999999999,0.0055
2020-11-09,654.24,703.14,654.24,659.9399999999999,FI,16777.166666666668,3.136570561456753,3.136570561456753,109.99,109.04,117.19,109.04,100663,659.9399999999999,654.24,703.14,654.24,16777.166666666668,36.48000000000002,0.0591
2020-11-10,640.2,650.52,638.46,648.42,FI,9209.5,3.047799696509864,3.047799696509864,108.07,106.7,108.42,106.41,55257,648.42,640.2,650.52,638.46,9209.5,-14.039999999999964,-0.0215
2020-11-11,643.5,650.04,633.0,650.04,FI,9582.5,3.0686646433990896,3.0686646433990896,108.34,107.25,108.34,105.5,57495,650.04,643.5,650.04,633.0,9582.5,3.2999999999999545,0.0052
2020-11-12,634.38,643.02,631.38,640.14,FI,4653.333333333333,3.011001517450683,3.011001517450683,106.69,105.73,107.17,105.23,27920,640.14,634.38,643.02,631.38,4653.333333333333,-9.120000000000005,-0.0142
2020-11-13,653.34,655.2,637.8,637.8,FI,7683.5,3.1308801213960553,3.1308801213960553,106.3,108.89,109.2,106.3,46101,637.8,653.34,655.2,637.8,7683.5,18.960000000000036,0.0299
2020-11-16,656.64,665.76,652.8,665.76,FI,11258.833333333334,3.151745068285281,3.151745068285281,110.96,109.44,110.96,108.8,67553,665.76,656.64,665.76,652.8,11258.833333333334,3.2999999999999545,0.0051
2020-11-17,660.0,661.98,650.34,652.86,FI,4804.0,3.1729893778452203,3.1729893778452203,108.81,110.0,110.33,108.39,28824,652.86,660.0,661.98,650.34,4804.0,3.3600000000000136,0.0051
2020-11-18,647.64,661.98,647.64,658.5,FI,8057.666666666667,3.0948406676783007,3.0948406676783007,109.75,107.94,110.33,107.94,48346,658.5,647.64,661.98,647.64,8057.666666666667,-12.360000000000014,-0.0187
2020-11-19,678.78,678.96,655.98,666.66,FI,21526.666666666668,3.2917298937784523,3.2917298937784523,111.11,113.13,113.16,109.33,129160,666.66,678.78,678.96,655.98,21526.666666666668,31.139999999999986,0.0481
2020-11-20,679.14,684.24,674.52,676.86,FI,28453.33333333333,3.2940060698027316,3.2940060698027316,112.81,113.19,114.04,112.42,170720,676.86,679.14,684.24,674.52,28453.33333333333,0.36000000000001364,0.0005
2020-11-23,672.0600000000001,684.66,669.48,683.04,FI,6868.333333333333,3.249241274658574,3.249241274658574,113.84,112.01,114.11,111.58,41210,683.04,672.0600000000001,684.66,669.48,6868.333333333333,-7.079999999999927,-0.0104
2020-11-24,689.4000000000001,689.9399999999999,679.92,682.98,FI,9838.333333333334,3.3588770864946897,3.3588770864946897,113.83,114.9,114.99,113.32,59030,682.98,689.4000000000001,689.9399999999999,679.92,9838.333333333334,17.340000000000032,0.0258
2020-11-25,15.36,16.08,15.0,15.96,FI,98118.66666666669,-0.9028831562974204,-0.9028831562974204,2.66,2.56,2.68,2.5,588712,15.96,15.36,16.08,15.0,98118.66666666669,-674.0400000000001,-0.9777
2020-11-27,693.1800000000001,694.38,689.0999999999999,691.5,FI,4329.833333333333,3.3827769347496215,3.3827769347496215,115.25,115.53,115.73,114.85,25979,691.5,693.1800000000001,694.38,689.0999999999999,4329.833333333333,677.82,44.1289
2020-11-30,690.0,691.02,678.27,688.08,FI,6658.666666666667,3.362670713201821,3.362670713201821,114.68,115.0,115.17,113.045,39952,688.08,690.0,691.02,678.27,6658.666666666667,-3.1800000000000637,-0.0046
2020-12-01,694.53,703.98,694.41,696.12,FI,7116.0,3.391312594840668,3.391312594840668,116.02,115.755,117.33,115.735,42696,696.12,694.53,703.98,694.41,7116.0,4.529999999999973,0.0066
2020-12-02,693.0600000000001,698.52,686.4300000000001,690.9000000000001,FI,4212.0,3.3820182094081948,3.3820182094081948,115.15,115.51,116.42,114.405,25272,690.9000000000001,693.0600000000001,698.52,686.4300000000001,4212.0,-1.4699999999999136,-0.0021
2020-12-03,695.52,703.86,690.84,690.84,FI,5018.833333333333,3.3975720789074355,3.3975720789074355,115.14,115.92,117.31,115.14,30113,690.84,695.52,703.86,690.84,5018.833333333333,2.4599999999999227,0.0035
2020-12-04,702.66,705.96,696.66,697.2,FI,4951.666666666667,3.4427162367223065,3.4427162367223065,116.2,117.11,117.66,116.11,29710,697.2,702.66,705.96,696.66,4951.666666666667,7.139999999999986,0.0103
2020-12-07,16.5,17.28,15.93,17.04,FI,134444.33333333334,-0.8956752655538694,-0.8956752655538694,2.84,2.75,2.88,2.655,806666,17.04,16.5,17.28,15.93,134444.33333333334,-686.16,-0.9765
2020-12-08,707.9399999999999,728.9399999999999,705.48,718.3199999999999,FI,15796.0,3.4761001517450683,3.4761001517450683,119.72,117.99,121.49,117.58,94776,718.3199999999999,707.9399999999999,728.9399999999999,705.48,15796.0,691.4399999999999,41.9055
2020-12-09,687.1800000000001,698.46,684.0,693.0,FI,14125.0,3.344840667678301,3.344840667678301,115.5,114.53,116.41,114.0,84750,693.0,687.1800000000001,698.46,684.0,14125.0,-20.759999999999877,-0.0293
2020-12-10,688.92,693.48,673.74,673.8,FI,30215.5,3.3558421851289832,3.3558421851289832,112.3,114.82,115.58,112.29,181293,673.8,688.92,693.48,673.74,30215.5,1.7399999999998954,0.0025
2020-12-11,16.08,16.86,15.87,16.8,FI,159069.33333333334,-0.8983308042488618,-0.8983308042488618,2.8,2.68,2.81,2.645,954416,16.8,16.08,16.86,15.87,159069.33333333334,-672.8399999999999,-0.9767
2020-12-14,681.66,694.5,681.5999999999999,691.5600000000001,FI,7627.166666666667,3.309939301972686,3.309939301972686,115.26,113.61,115.75,113.6,45763,691.5600000000001,681.66,694.5,681.5999999999999,7627.166666666667,665.5799999999999,41.3918
2020-12-15,688.26,688.86,679.62,686.88,FI,6344.166666666667,3.351669195751138,3.351669195751138,114.48,114.71,114.81,113.27,38065,686.88,688.26,688.86,679.62,6344.166666666667,6.600000000000023,0.0097
2020-12-16,16.44,16.86,16.08,16.86,FI,153608.5,-0.8960546282245827,-0.8960546282245827,2.81,2.74,2.81,2.68,921651,16.86,16.44,16.86,16.08,153608.5,-671.8199999999999,-0.9761
2020-12-17,688.86,690.1800000000001,682.02,688.62,FI,14622.666666666666,3.3554628224582705,3.3554628224582705,114.77,114.81,115.03,113.67,87736,688.62,688.86,690.1800000000001,682.02,14622.666666666666,672.42,40.9015
2020-12-18,689.04,692.76,679.3199999999999,692.76,FI,8741.666666666666,3.3566009104704095,3.3566009104704095,115.46,114.84,115.46,113.22,52450,692.76,689.04,692.76,679.3199999999999,8741.666666666666,0.17999999999994998,0.0003
2020-12-21,674.34,678.1800000000001,662.52,677.7,FI,6672.833333333333,3.263657056145676,3.263657056145676,112.95,112.39,113.03,110.42,40037,677.7,674.34,678.1800000000001,662.52,6672.833333333333,-14.699999999999932,-0.0213
2020-12-22,14.52,15.84,14.34,15.66,FI,129946.66666666669,-0.908194233687405,-0.908194233687405,2.61,2.42,2.64,2.39,779680,15.66,14.52,15.84,14.34,129946.66666666669,-659.82,-0.9785
2020-12-23,16.14,16.44,14.52,14.82,FI,156908.0,-0.8979514415781487,-0.8979514415781487,2.47,2.69,2.74,2.42,941448,14.82,16.14,16.44,14.52,156908.0,1.620000000000001,0.1116
2020-12-24,16.62,16.62,15.84,16.32,FI,41930.16666666666,-0.894916540212443,-0.894916540212443,2.72,2.77,2.77,2.64,251581,16.32,16.62,16.62,15.84,41930.16666666666,0.4800000000000004,0.0297
2020-12-28,16.44,16.86,16.02,16.86,FI,127048.0,-0.8960546282245827,-0.8960546282245827,2.81,2.74,2.81,2.67,762288,16.86,16.44,16.86,16.02,127048.0,-0.17999999999999972,-0.0108
2020-12-29,16.32,16.56,15.84,16.56,FI,114216.5,-0.8968133535660091,-0.8968133535660091,2.76,2.72,2.76,2.64,685299,16.56,16.32,16.56,15.84,114216.5,-0.120000000000001,-0.0073
2020-12-30,677.46,681.1800000000001,675.48,675.48,FI,5317.5,3.283383915022762,3.283383915022762,112.58,112.91,113.53,112.58,31905,675.48,677.46,681.1800000000001,675.48,5317.5,661.14,40.511
2020-12-31,683.22,683.22,674.16,676.26,FI,4684.833333333333,3.3198027314112295,3.3198027314112295,112.71,113.87,113.87,112.36,28109,676.26,683.22,683.22,674.16,4684.833333333333,5.759999999999991,0.0085
2021-01-04,671.58,682.5600000000001,657.9000000000001,682.5,FI,11879.0,3.2462063732928685,3.2462063732928685,113.75,111.93,113.76,109.65,71274,682.5,671.58,682.5600000000001,657.9000000000001,11879.0,-11.639999999999986,-0.017
2021-01-05,674.0999999999999,683.8199999999999,672.54,679.2,FI,7307.333333333333,3.262139605462822,3.262139605462822,113.2,112.35,113.97,112.09,43844,679.2,674.0999999999999,683.8199999999999,672.54,7307.333333333333,2.519999999999868,0.0038
2021-01-06,684.84,695.9399999999999,670.38,673.2,FI,7716.166666666667,3.330045523520486,3.330045523520486,112.2,114.14,115.99,111.73,46297,673.2,684.84,695.9399999999999,670.38,7716.166666666667,10.740000000000123,0.0159
2021-01-07,686.28,693.1800000000001,684.84,688.8,FI,4846.833333333333,3.3391502276176026,3.3391502276176026,114.8,114.38,115.53,114.14,29081,688.8,686.28,693.1800000000001,684.84,4846.833333333333,1.4399999999999409,0.0021
2021-01-08,700.98,703.3199999999999,687.5999999999999,687.5999999999999,FI,8156.0,3.432094081942337,3.432094081942337,114.6,116.83,117.22,114.6,48936,687.5999999999999,700.98,703.3199999999999,687.5999999999999,8156.0,14.700000000000045,0.0214
2021-01-11,690.84,700.74,686.28,699.66,FI,4248.5,3.367981790591806,3.367981790591806,116.61,115.14,116.79,114.38,25491,699.66,690.84,700.74,686.28,4248.5,-10.139999999999986,-0.0145
2021-01-12,667.26,690.0,657.78,690.0,FI,9604.5,3.2188922610015176,3.2188922610015176,115.0,111.21,115.0,109.63,57627,690.0,667.26,690.0,657.78,9604.5,-23.58000000000004,-0.0341
2021-01-13,661.38,665.0999999999999,655.3199999999999,664.5,FI,9696.666666666666,3.181714719271624,3.181714719271624,110.75,110.23,110.85,109.22,58180,664.5,661.38,665.0999999999999,655.3199999999999,9696.666666666666,-5.8799999999999955,-0.0088
2021-01-14,648.0600000000001,666.0600000000001,647.34,661.5,FI,6997.0,3.0974962063732936,3.0974962063732936,110.25,108.01,111.01,107.89,41982,661.5,648.0600000000001,666.0600000000001,647.34,6997.0,-13.319999999999936,-0.0201
2021-01-15,649.38,654.0,637.5,639.42,FI,18743.0,3.1058421851289837,3.1058421851289837,106.57,108.23,109.0,106.25,112458,639.42,649.38,654.0,637.5,18743.0,1.3199999999999363,0.002
2021-01-19,646.38,655.6800000000001,643.92,655.5,FI,8782.0,3.0868740515933233,3.0868740515933233,109.25,107.73,109.28,107.32,52692,655.5,646.38,655.6800000000001,643.92,8782.0,-3.0,-0.0046
2021-01-20,655.4399999999999,659.52,646.2,647.16,FI,19387.666666666668,3.1441578148710168,3.1441578148710168,107.86,109.24,109.92,107.7,116326,647.16,655.4399999999999,659.52,646.2,19387.666666666668,9.059999999999945,0.014
2021-01-21,653.88,659.16,651.0,653.9399999999999,FI,10935.833333333334,3.1342943854324736,3.1342943854324736,108.99,108.98,109.86,108.5,65615,653.9399999999999,653.88,659.16,651.0,10935.833333333334,-1.5599999999999454,-0.0024
2021-01-22,643.62,651.42,641.28,651.42,FI,11022.833333333334,3.0694233687405164,3.0694233687405164,108.57,107.27,108.57,106.88,66137,651.42,643.62,651.42,641.28,11022.833333333334,-10.259999999999991,-0.0157
2021-01-25,640.26,640.38,623.58,639.0,FI,33138.833333333336,3.0481790591805766,3.0481790591805766,106.5,106.71,106.73,103.93,198833,639.0,640.26,640.38,623.58,33138.833333333336,-3.3600000000000136,-0.0052
2021-01-26,636.66,647.9399999999999,635.76,640.17,FI,19742.33333333333,3.0254172989377848,3.0254172989377848,106.695,106.11,107.99,105.96,118454,640.17,636.66,647.9399999999999,635.76,19742.33333333333,-3.6000000000000227,-0.0056
2021-01-27,619.4399999999999,628.5,602.8199999999999,624.78,FI,34442.666666666664,2.9165402124430955,2.9165402124430955,104.13,103.24,104.75,100.47,206656,624.78,619.4399999999999,628.5,602.8199999999999,34442.666666666664,-17.220000000000027,-0.027
2021-01-28,631.98,637.5,624.36,627.42,FI,18877.33333333333,2.995827010622155,2.995827010622155,104.57,105.33,106.25,104.06,113264,627.42,631.98,637.5,624.36,18877.33333333333,12.540000000000077,0.0202
2021-01-29,615.78,629.4000000000001,614.88,629.4000000000001,FI,4865.0,2.8933990895295905,2.8933990895295905,104.9,102.63,104.9,102.48,29190,629.4000000000001,615.78,629.4000000000001,614.88,4865.0,-16.200000000000045,-0.0256
2021-02-01,639.48,645.24,624.72,624.72,FI,13908.166666666666,3.0432473444613053,3.0432473444613053,104.12,106.58,107.54,104.12,83449,624.72,639.48,645.24,624.72,13908.166666666666,23.700000000000045,0.0385
2021-02-02,660.42,666.48,643.5600000000001,647.4000000000001,FI,6828.5,3.1756449165402123,3.1756449165402123,107.9,110.07,111.08,107.26,40971,647.4000000000001,660.42,666.48,643.5600000000001,6828.5,20.93999999999994,0.0327
2021-02-03,661.3499999999999,666.42,657.54,660.36,FI,6584.666666666667,3.1815250379362667,3.1815250379362667,110.06,110.225,111.07,109.59,39508,660.36,661.3499999999999,666.42,657.54,6584.666666666667,0.92999999999995,0.0014
2021-02-04,673.5600000000001,678.24,663.0600000000001,664.74,FI,3708.3333333333335,3.258725341426404,3.258725341426404,110.79,112.26,113.04,110.51,22250,664.74,673.5600000000001,678.24,663.0600000000001,3708.3333333333335,12.21000000000015,0.0185
2021-02-05,673.4399999999999,682.38,671.88,677.0999999999999,FI,4627.833333333333,3.257966616084977,3.257966616084977,112.85,112.24,113.73,111.98,27767,677.0999999999999,673.4399999999999,682.38,671.88,4627.833333333333,-0.12000000000011823,-0.0002
2021-02-08,679.6800000000001,685.92,675.54,682.92,FI,2737.833333333333,3.297420333839151,3.297420333839151,113.82,113.28,114.32,112.59,16427,682.92,679.6800000000001,685.92,675.54,2737.833333333333,6.240000000000123,0.0093
2021-02-09,682.02,684.0,668.04,672.1800000000001,FI,3153.5,3.3122154779969653,3.3122154779969653,112.03,113.67,114.0,111.34,18921,672.1800000000001,682.02,684.0,668.04,3153.5,2.339999999999918,0.0034
2021-02-10,657.0600000000001,685.5600000000001,652.38,680.46,FI,19665.0,3.154400606980274,3.154400606980274,113.41,109.51,114.26,108.73,117990,680.46,657.0600000000001,685.5600000000001,652.38,19665.0,-24.959999999999923,-0.0366
2021-02-11,650.7,663.0,646.08,663.0,FI,18816.166666666668,3.1141881638846742,3.1141881638846742,110.5,108.45,110.5,107.68,112897,663.0,650.7,663.0,646.08,18816.166666666668,-6.360000000000014,-0.0097
2021-02-12,659.76,663.84,650.58,651.3,FI,6768.833333333333,3.1714719271623673,3.1714719271623673,108.55,109.96,110.64,108.43,40613,651.3,659.76,663.84,650.58,6768.833333333333,9.059999999999945,0.0139
2021-02-16,661.2,665.7,651.72,665.34,FI,8620.166666666666,3.1805766312594845,3.1805766312594845,110.89,110.2,110.95,108.62,51721,665.34,661.2,665.7,651.72,8620.166666666666,1.4400000000000546,0.0022
2021-02-17,666.66,670.98,658.08,658.08,FI,3482.6666666666665,3.2150986342943857,3.2150986342943857,109.68,111.11,111.83,109.68,20896,658.08,666.66,670.98,658.08,3482.6666666666665,5.459999999999923,0.0083
2021-02-18,678.66,680.88,668.4000000000001,668.4000000000001,FI,11143.666666666666,3.290971168437026,3.290971168437026,111.4,113.11,113.48,111.4,66862,668.4000000000001,678.66,680.88,668.4000000000001,11143.666666666666,12.0,0.018
2021-02-19,668.22,677.4000000000001,661.74,677.4000000000001,FI,7559.5,3.2249620637329293,3.2249620637329293,112.9,111.37,112.9,110.29,45357,677.4000000000001,668.22,677.4000000000001,661.74,7559.5,-10.43999999999994,-0.0154
2021-02-22,680.34,686.8199999999999,661.14,662.7,FI,6817.0,3.301593323216996,3.301593323216996,110.45,113.39,114.47,110.19,40902,662.7,680.34,686.8199999999999,661.14,6817.0,12.120000000000005,0.0181
2021-02-23,693.5999999999999,697.2,674.16,678.42,FI,7169.166666666667,3.3854324734446126,3.3854324734446126,113.07,115.6,116.2,112.36,43015,678.42,693.5999999999999,697.2,674.16,7169.166666666667,13.259999999999877,0.0195
2021-02-24,714.48,722.4000000000001,687.24,691.38,FI,8698.833333333334,3.517450682852808,3.517450682852808,115.23,119.08,120.4,114.54,52193,691.38,714.48,722.4000000000001,687.24,8698.833333333334,20.88000000000011,0.0301
2021-02-25,697.6800000000001,714.42,697.3199999999999,709.92,FI,10563.0,3.4112291350531114,3.4112291350531114,118.32,116.28,119.07,116.22,63378,709.92,697.6800000000001,714.42,697.3199999999999,10563.0,-16.799999999999955,-0.0235
2021-02-26,692.76,704.88,687.24,703.08,FI,4695.833333333333,3.3801213960546286,3.3801213960546286,117.18,115.46,117.48,114.54,28175,703.08,692.76,704.88,687.24,4695.833333333333,-4.920000000000073,-0.0071
2021-03-01,700.5600000000001,705.72,697.5600000000001,702.0,FI,4322.666666666667,3.429438543247345,3.429438543247345,117.0,116.76,117.62,116.26,25936,702.0,700.5600000000001,705.72,697.5600000000001,4322.666666666667,7.800000000000068,0.0113
2021-03-02,693.8100000000001,700.98,690.66,698.58,FI,3972.5,3.3867602427921097,3.3867602427921097,116.43,115.635,116.83,115.11,23835,698.58,693.8100000000001,700.98,690.66,3972.5,-6.75,-0.0096
2021-03-03,694.92,697.74,688.14,690.66,FI,5982.333333333333,3.3937784522003036,3.3937784522003036,115.11,115.82,116.29,114.69,35894,690.66,694.92,697.74,688.14,5982.333333333333,1.1099999999999,0.0016
2021-03-04,693.0600000000001,708.12,684.1800000000001,696.0,FI,12328.166666666666,3.3820182094081948,3.3820182094081948,116.0,115.51,118.02,114.03,73969,696.0,693.0600000000001,708.12,684.1800000000001,12328.166666666666,-1.8599999999999,-0.0027
2021-03-05,719.4000000000001,722.16,693.3,704.52,FI,9984.166666666666,3.5485584218512907,3.5485584218512907,117.42,119.9,120.36,115.55,59905,704.52,719.4000000000001,722.16,693.3,9984.166666666666,26.340000000000032,0.038
2021-03-08,730.14,739.86,721.86,722.8199999999999,FI,14829.166666666666,3.616464339908953,3.616464339908953,120.47,121.69,123.31,120.31,88975,722.8199999999999,730.14,739.86,721.86,14829.166666666666,10.739999999999895,0.0149
2021-03-09,734.7,744.66,733.5,734.34,FI,10603.833333333334,3.645295902883157,3.645295902883157,122.39,122.45,124.11,122.25,63623,734.34,734.7,744.66,733.5,10603.833333333334,4.560000000000059,0.0062
2021-03-10,743.46,745.86,732.42,738.78,FI,5146.5,3.7006828528072844,3.7006828528072844,123.13,123.91,124.31,122.07,30879,738.78,743.46,745.86,732.42,5146.5,8.759999999999991,0.0119
2021-03-11,745.02,756.78,737.58,737.58,FI,7719.833333333333,3.710546282245827,3.710546282245827,122.93,124.17,126.13,122.93,46319,737.58,745.02,756.78,737.58,7719.833333333333,1.5599999999999454,0.0021
2021-03-12,744.0,750.0,739.62,742.14,FI,8255.666666666666,3.7040971168437027,3.7040971168437027,123.69,124.0,125.0,123.27,49534,742.14,744.0,750.0,739.62,8255.666666666666,-1.0199999999999818,-0.0014
2021-03-15,743.8199999999999,748.74,741.3,743.16,FI,2345.6666666666665,3.702959028831563,3.702959028831563,123.86,123.97,124.79,123.55,14074,743.16,743.8199999999999,748.74,741.3,2345.6666666666665,-0.18000000000006366,-0.0002
2021-03-16,744.54,749.28,741.96,744.0600000000001,FI,2334.5,3.7075113808801214,3.7075113808801214,124.01,124.09,124.88,123.66,14007,744.0600000000001,744.54,749.28,741.96,2334.5,0.7200000000000273,0.001
2021-03-17,741.0,745.14,737.58,739.86,FI,3635.3333333333335,3.6851289833080427,3.6851289833080427,123.31,123.5,124.19,122.93,21812,739.86,741.0,745.14,737.58,3635.3333333333335,-3.5399999999999636,-0.0048
2021-03-18,734.52,741.1800000000001,732.9000000000001,734.22,FI,4931.0,3.6441578148710168,3.6441578148710168,122.37,122.42,123.53,122.15,29586,734.22,734.52,741.1800000000001,732.9000000000001,4931.0,-6.480000000000018,-0.0087
2021-03-19,732.0,738.0,726.54,738.0,FI,3843.6666666666665,3.6282245827010624,3.6282245827010624,123.0,122.0,123.0,121.09,23062,738.0,732.0,738.0,726.54,3843.6666666666665,-2.519999999999982,-0.0034
2021-03-22,729.72,735.42,727.3199999999999,729.9000000000001,FI,11073.666666666666,3.613808801213961,3.613808801213961,121.65,121.62,122.57,121.22,66442,729.9000000000001,729.72,735.42,727.3199999999999,11073.666666666666,-2.2799999999999727,-0.0031
2021-03-23,727.5600000000001,734.8199999999999,724.8,733.5,FI,5922.166666666667,3.600151745068286,3.600151745068286,122.25,121.26,122.47,120.8,35533,733.5,727.5600000000001,734.8199999999999,724.8,5922.166666666667,-2.159999999999968,-0.003
2021-03-24,739.92,744.12,735.72,735.72,FI,4844.0,3.6783004552352048,3.6783004552352048,122.62,123.32,124.02,122.62,29064,735.72,739.92,744.12,735.72,4844.0,12.3599999999999,0.017
2021-03-25,737.04,740.22,724.92,734.58,FI,2426.5,3.660091047040971,3.660091047040971,122.43,122.84,123.37,120.82,14559,734.58,737.04,740.22,724.92,2426.5,-2.8799999999999955,-0.0039
2021-03-26,742.08,744.84,733.92,741.0,FI,11200.333333333334,3.6919575113808807,3.6919575113808807,123.5,123.68,124.14,122.32,67202,741.0,742.08,744.84,733.92,11200.333333333334,5.040000000000077,0.0068
2021-03-29,728.34,732.24,714.54,732.03,FI,12649.833333333334,3.6050834597875574,3.6050834597875574,122.005,121.39,122.04,119.09,75899,732.03,728.34,732.24,714.54,12649.833333333334,-13.740000000000009,-0.0185
2021-03-30,723.5999999999999,727.86,716.22,726.78,FI,3704.6666666666665,3.5751138088012135,3.5751138088012135,121.13,120.6,121.31,119.37,22228,726.78,723.5999999999999,727.86,716.22,3704.6666666666665,-4.740000000000123,-0.0065
2021-03-31,713.9399999999999,723.72,711.78,723.72,FI,3495.6666666666665,3.514036418816388,3.514036418816388,120.62,118.99,120.62,118.63,20974,723.72,713.9399999999999,723.72,711.78,3495.6666666666665,-9.659999999999968,-0.0133
2021-04-01,733.5600000000001,735.51,718.4399999999999,718.8,FI,4729.833333333333,3.638088012139606,3.638088012139606,119.8,122.26,122.585,119.74,28379,718.8,733.5600000000001,735.51,718.4399999999999,4729.833333333333,19.62000000000012,0.0275
2021-04-05,22.38,23.28,22.14,22.86,FI,121592.5,-0.8584977238239757,-0.8584977238239757,3.81,3.73,3.88,3.69,729555,22.86,22.38,23.28,22.14,121592.5,-711.1800000000001,-0.9695
2021-04-06,21.84,24.06,21.84,22.56,FI,126627.33333333331,-0.8619119878603945,-0.8619119878603945,3.76,3.64,4.01,3.64,759764,22.56,21.84,24.06,21.84,126627.33333333331,-0.5399999999999991,-0.0241
2021-04-07,738.78,743.88,736.3199999999999,739.98,FI,2631.6666666666665,3.671092564491654,3.671092564491654,123.33,123.13,123.98,122.72,15790,739.98,738.78,743.88,736.3199999999999,2631.6666666666665,716.9399999999999,32.8269
2021-04-08,744.9000000000001,746.28,739.2,740.76,FI,1663.8333333333333,3.7097875569044017,3.7097875569044017,123.46,124.15,124.38,123.2,9983,740.76,744.9000000000001,746.28,739.2,1663.8333333333333,6.120000000000118,0.0083
2021-04-09,745.14,747.36,740.49,740.52,FI,2794.5,3.711305007587254,3.711305007587254,123.42,124.19,124.56,123.415,16767,740.52,745.14,747.36,740.49,2794.5,0.2399999999998954,0.0003
2021-04-12,21.36,21.72,20.76,21.36,FI,75933.16666666667,-0.8649468892261002,-0.8649468892261002,3.56,3.56,3.62,3.46,455599,21.36,21.36,21.72,20.76,75933.16666666667,-723.78,-0.9713
2021-04-13,747.72,747.96,738.54,742.5600000000001,FI,14272.0,3.7276176024279217,3.7276176024279217,123.76,124.62,124.66,123.09,85632,742.5600000000001,747.72,747.96,738.54,14272.0,726.36,34.0056
2021-04-14,742.14,750.12,741.48,747.5999999999999,FI,7823.166666666667,3.6923368740515934,3.6923368740515934,124.6,123.69,125.02,123.58,46939,747.5999999999999,742.14,750.12,741.48,7823.166666666667,-5.580000000000041,-0.0075
2021-04-15,753.24,757.8,747.54,749.9399999999999,FI,11364.166666666666,3.762518968133536,3.762518968133536,124.99,125.54,126.3,124.59,68185,749.9399999999999,753.24,757.8,747.54,11364.166666666666,11.100000000000023,0.015
2021-04-16,20.1,21.3,20.07,21.3,FI,256102.16666666663,-0.8729135053110775,-0.8729135053110775,3.55,3.35,3.55,3.345,1536613,21.3,20.1,21.3,20.07,256102.16666666663,-733.14,-0.9733
2021-04-19,750.51,753.78,746.76,751.86,FI,7563.0,3.745257966616085,3.745257966616085,125.31,125.085,125.63,124.46,45378,751.86,750.51,753.78,746.76,7563.0,730.41,36.3388
2021-04-20,18.84,19.68,18.33,19.68,FI,140377.33333333334,-0.8808801213960546,-0.8808801213960546,3.28,3.14,3.28,3.055,842264,19.68,18.84,19.68,18.33,140377.33333333334,-731.67,-0.9749
2021-04-21,748.59,753.72,745.5600000000001,745.5600000000001,FI,15232.833333333334,3.733118361153263,3.733118361153263,124.26,124.765,125.62,124.26,91397,745.5600000000001,748.59,753.72,745.5600000000001,15232.833333333334,729.75,38.7341
2021-04-22,747.66,751.14,742.8,746.46,FI,12980.666666666666,3.727238239757208,3.727238239757208,124.41,124.61,125.19,123.8,77884,746.46,747.66,751.14,742.8,12980.666666666666,-0.9300000000000637,-0.0012
2021-04-23,756.0,759.12,742.3199999999999,745.08,FI,12472.5,3.7799696509863434,3.7799696509863434,124.18,126.0,126.52,123.72,74835,745.08,756.0,759.12,742.3199999999999,12472.5,8.340000000000032,0.0112
2021-04-26,19.86,20.64,19.65,19.98,FI,114142.0,-0.8744309559939303,-0.8744309559939303,3.33,3.31,3.44,3.275,684852,19.98,19.86,20.64,19.65,114142.0,-736.14,-0.9737
2021-04-27,19.56,20.16,18.9,19.98,FI,139873.5,-0.8763277693474962,-0.8763277693474962,3.33,3.26,3.36,3.15,839241,19.98,19.56,20.16,18.9,139873.5,-0.3000000000000007,-0.0151
2021-04-28,20.7,20.91,19.56,19.62,FI,157303.16666666666,-0.8691198786039455,-0.8691198786039455,3.27,3.45,3.485,3.26,943819,19.62,20.7,20.91,19.56,157303.16666666666,1.1400000000000006,0.0583
2021-04-29,20.4,21.3,20.16,21.12,FI,127943.0,-0.8710166919575113,-0.8710166919575113,3.52,3.4,3.55,3.36,767658,21.12,20.4,21.3,20.16,127943.0,-0.3000000000000007,-0.0145
2021-04-30,19.5,20.16,19.17,20.04,FI,176338.33333333334,-0.8767071320182094,-0.8767071320182094,3.34,3.25,3.36,3.195,1058030,20.04,19.5,20.16,19.17,176338.33333333334,-0.8999999999999986,-0.0441
2021-05-03,720.5999999999999,730.5,718.6800000000001,725.9399999999999,FI,14769.5,3.5561456752655536,3.5561456752655536,120.99,120.1,121.75,119.78,88617,725.9399999999999,720.5999999999999,730.5,718.6800000000001,14769.5,701.0999999999999,35.9538
2021-05-04,708.12,717.84,702.96,717.84,FI,9576.0,3.477238239757208,3.477238239757208,119.64,118.02,119.64,117.16,57456,717.84,708.12,717.84,702.96,9576.0,-12.479999999999905,-0.0173
2021-05-05,699.12,713.16,698.8199999999999,711.66,FI,3225.6666666666665,3.420333839150228,3.420333839150228,118.61,116.52,118.86,116.47,19354,711.66,699.12,713.16,698.8199999999999,3225.6666666666665,-9.0,-0.0127
2021-05-06,708.72,708.72,693.96,702.0,FI,5311.0,3.4810318664643405,3.4810318664643405,117.0,118.12,118.12,115.66,31866,702.0,708.72,708.72,693.96,5311.0,9.600000000000023,0.0137
2021-05-07,705.48,711.78,702.9000000000001,710.7,FI,5493.666666666667,3.4605462822458275,3.4605462822458275,118.45,117.58,118.63,117.15,32962,710.7,705.48,711.78,702.9000000000001,5493.666666666667,-3.240000000000009,-0.0046
2021-05-10,696.5999999999999,711.96,696.5999999999999,708.5999999999999,FI,4913.333333333333,3.404400606980273,3.404400606980273,118.1,116.1,118.66,116.1,29480,708.5999999999999,696.5999999999999,711.96,696.5999999999999,4913.333333333333,-8.88000000000011,-0.0126
2021-05-11,689.16,693.66,684.0,690.0,FI,9192.5,3.3573596358118363,3.3573596358118363,115.0,114.86,115.61,114.0,55155,690.0,689.16,693.66,684.0,9192.5,-7.439999999999941,-0.0107
2021-05-12,678.12,683.9399999999999,676.5,683.9399999999999,FI,7567.0,3.287556904400607,3.287556904400607,113.99,113.02,113.99,112.75,45402,683.9399999999999,678.12,683.9399999999999,676.5,7567.0,-11.039999999999964,-0.016
2021-05-13,681.0600000000001,683.9399999999999,674.58,681.96,FI,3932.0,3.3061456752655545,3.3061456752655545,113.66,113.51,113.99,112.43,23592,681.96,681.0600000000001,683.9399999999999,674.58,3932.0,2.9400000000000546,0.0043
2021-05-14,686.88,693.1800000000001,684.78,687.0,FI,6284.5,3.3429438543247345,3.3429438543247345,114.5,114.48,115.53,114.13,37707,687.0,686.88,693.1800000000001,684.78,6284.5,5.819999999999936,0.0085
2021-05-17,676.92,682.92,672.9000000000001,682.92,FI,5231.833333333333,3.279969650986343,3.279969650986343,113.82,112.82,113.82,112.15,31391,682.92,676.92,682.92,672.9000000000001,5231.833333333333,-9.960000000000036,-0.0145
2021-05-18,682.14,687.12,676.26,676.8,FI,10364.333333333334,3.3129742033383915,3.3129742033383915,112.8,113.69,114.52,112.71,62186,676.8,682.14,687.12,676.26,10364.333333333334,5.220000000000027,0.0077
2021-05-19,678.63,678.63,668.8199999999999,675.24,FI,6959.166666666667,3.2907814871016696,3.2907814871016696,112.54,113.105,113.105,111.47,41755,675.24,678.63,678.63,668.8199999999999,6959.166666666667,-3.509999999999991,-0.0051
2021-05-20,687.72,692.64,680.58,680.58,FI,8769.5,3.34825493171472,3.34825493171472,113.43,114.62,115.44,113.43,52617,680.58,687.72,692.64,680.58,8769.5,9.090000000000032,0.0134
2021-05-21,684.84,692.9399999999999,683.76,692.8199999999999,FI,5684.666666666667,3.330045523520486,3.330045523520486,115.47,114.14,115.49,113.96,34108,692.8199999999999,684.84,692.9399999999999,683.76,5684.666666666667,-2.8799999999999955,-0.0042
2021-05-24,695.16,695.73,687.54,687.66,FI,7851.0,3.395295902883156,3.395295902883156,114.61,115.86,115.955,114.59,47106,687.66,695.16,695.73,687.54,7851.0,10.319999999999936,0.0151
2021-05-25,694.26,699.42,693.48,695.88,FI,21377.83333333333,3.3896054628224586,3.3896054628224586,115.98,115.71,116.57,115.58,128267,695.88,694.26,699.42,693.48,21377.83333333333,-0.8999999999999773,-0.0013
2021-05-26,691.5,694.86,688.3199999999999,694.4399999999999,FI,15618.0,3.372154779969651,3.372154779969651,115.74,115.25,115.81,114.72,93708,694.4399999999999,691.5,694.86,688.3199999999999,15618.0,-2.759999999999991,-0.004
2021-05-27,694.92,697.3199999999999,692.4000000000001,695.52,FI,8699.666666666666,3.3937784522003036,3.3937784522003036,115.92,115.82,116.22,115.4,52198,695.52,694.92,697.3199999999999,692.4000000000001,8699.666666666666,3.419999999999959,0.0049
2021-05-28,691.2,698.7,690.66,698.7,FI,2893.5,3.3702579666160855,3.3702579666160855,116.45,115.2,116.45,115.11,17361,698.7,691.2,698.7,690.66,2893.5,-3.7199999999999136,-0.0054
2021-06-01,21.54,21.57,20.4,20.88,FI,151799.16666666666,-0.8638088012139606,-0.8638088012139606,3.48,3.59,3.595,3.4,910795,20.88,21.54,21.57,20.4,151799.16666666666,-669.6600000000001,-0.9688
2021-06-02,689.16,696.54,688.14,692.46,FI,6541.666666666667,3.3573596358118363,3.3573596358118363,115.41,114.86,116.09,114.69,39250,692.46,689.16,696.54,688.14,6541.666666666667,667.62,30.9944
2021-06-03,678.24,684.24,677.01,684.12,FI,7435.5,3.2883156297420335,3.2883156297420335,114.02,113.04,114.04,112.835,44613,684.12,678.24,684.24,677.01,7435.5,-10.919999999999959,-0.0158
2021-06-04,680.04,683.46,678.72,681.36,FI,6749.666666666667,3.2996965098634297,3.2996965098634297,113.56,113.34,113.91,113.12,40498,681.36,680.04,683.46,678.72,6749.666666666667,1.7999999999999545,0.0027
2021-06-07,657.45,677.28,656.16,677.16,FI,10791.333333333334,3.1568664643399096,3.1568664643399096,112.86,109.575,112.88,109.36,64748,677.16,657.45,677.28,656.16,10791.333333333334,-22.589999999999918,-0.0332
2021-06-08,658.98,664.5600000000001,658.08,660.96,FI,15308.166666666666,3.166540212443096,3.166540212443096,110.16,109.83,110.76,109.68,91849,660.96,658.98,664.5600000000001,658.08,15308.166666666666,1.5299999999999727,0.0023
2021-06-09,666.72,669.72,662.88,662.88,FI,7551.5,3.2154779969650993,3.2154779969650993,110.48,111.12,111.62,110.48,45309,662.88,666.72,669.72,662.88,7551.5,7.740000000000009,0.0117
2021-06-10,19.56,20.46,18.84,19.08,FI,386250.5,-0.8763277693474962,-0.8763277693474962,3.18,3.26,3.41,3.14,2317503,19.08,19.56,20.46,18.84,386250.5,-647.1600000000001,-0.9707
2021-06-11,661.08,662.88,659.34,659.76,FI,9686.5,3.1798179059180582,3.1798179059180582,109.96,110.18,110.48,109.89,58119,659.76,661.08,662.88,659.34,9686.5,641.5200000000001,32.7975
2021-06-14,653.91,660.66,648.66,660.66,FI,9045.833333333334,3.13448406676783,3.13448406676783,110.11,108.985,110.11,108.11,54275,660.66,653.91,660.66,648.66,9045.833333333334,-7.170000000000073,-0.0108
2021-06-15,658.3199999999999,659.52,650.9399999999999,656.4000000000001,FI,4713.833333333333,3.1623672230652504,3.1623672230652504,109.4,109.72,109.92,108.49,28283,656.4000000000001,658.3199999999999,659.52,650.9399999999999,4713.833333333333,4.409999999999968,0.0067
2021-06-16,649.17,659.22,645.0,658.8,FI,9498.166666666666,3.104514415781487,3.104514415781487,109.8,108.195,109.87,107.5,56989,658.8,649.17,659.22,645.0,9498.166666666666,-9.149999999999977,-0.0139
2021-06-17,654.36,661.14,648.66,650.8199999999999,FI,7752.333333333333,3.1373292867981792,3.1373292867981792,108.47,109.06,110.19,108.11,46514,650.8199999999999,654.36,661.14,648.66,7752.333333333333,5.190000000000055,0.008
2021-06-18,645.54,650.88,644.91,648.1800000000001,FI,9970.5,3.0815629742033384,3.0815629742033384,108.03,107.59,108.48,107.485,59823,648.1800000000001,645.54,650.88,644.91,9970.5,-8.82000000000005,-0.0135
2021-06-21,650.76,656.0999999999999,646.6800000000001,648.66,FI,6670.666666666667,3.1145675265553874,3.1145675265553874,108.11,108.46,109.35,107.78,40024,648.66,650.76,656.0999999999999,646.6800000000001,6670.666666666667,5.220000000000027,0.0081
2021-06-22,649.74,651.54,645.24,651.24,FI,7174.666666666667,3.108118361153263,3.108118361153263,108.54,108.29,108.59,107.54,43048,651.24,649.74,651.54,645.24,7174.666666666667,-1.0199999999999818,-0.0016
2021-06-23,644.22,649.38,644.04,649.3199999999999,FI,7241.333333333333,3.0732169954476483,3.0732169954476483,108.22,107.37,108.23,107.34,43448,649.3199999999999,644.22,649.38,644.04,7241.333333333333,-5.519999999999982,-0.0085
2021-06-24,651.0,654.3,647.4000000000001,647.52,FI,9366.0,3.11608497723824,3.11608497723824,107.92,108.5,109.05,107.9,56196,647.52,651.0,654.3,647.4000000000001,9366.0,6.779999999999973,0.0105
2021-06-25,654.0,656.0999999999999,650.16,651.1800000000001,FI,11582.666666666666,3.1350531107739,3.1350531107739,108.53,109.0,109.35,108.36,69496,651.1800000000001,654.0,656.0999999999999,650.16,11582.666666666666,3.0,0.0046
2021-06-28,648.8100000000001,656.64,644.52,655.3199999999999,FI,4866.333333333333,3.1022382397572086,3.1022382397572086,109.22,108.135,109.44,107.42,29198,655.3199999999999,648.8100000000001,656.64,644.52,4866.333333333333,-5.189999999999941,-0.0079
2021-06-29,639.12,653.0999999999999,639.0,648.45,FI,20674.33333333333,3.040971168437026,3.040971168437026,108.075,106.52,108.85,106.5,124046,648.45,639.12,653.0999999999999,639.0,20674.33333333333,-9.690000000000055,-0.0149
2021-06-30,641.8199999999999,642.78,638.52,640.92,FI,12166.333333333334,3.0580424886191198,3.0580424886191198,106.82,106.97,107.13,106.42,72998,640.92,641.8199999999999,642.78,638.52,12166.333333333334,2.699999999999932,0.0042
2021-07-01,650.4000000000001,652.6800000000001,643.08,644.46,FI,6294.666666666667,3.1122913505311085,3.1122913505311085,107.41,108.4,108.78,107.18,37768,644.46,650.4000000000001,652.6800000000001,643.08,6294.666666666667,8.580000000000155,0.0134
2021-07-02,655.6800000000001,656.88,651.0,653.0999999999999,FI,2726.1666666666665,3.1456752655538702,3.1456752655538702,108.85,109.28,109.48,108.5,16357,653.0999999999999,655.6800000000001,656.88,651.0,2726.1666666666665,5.279999999999973,0.0081
2021-07-06,652.2,654.84,648.66,654.12,FI,6213.666666666667,3.123672230652504,3.123672230652504,109.02,108.7,109.14,108.11,37282,654.12,652.2,654.84,648.66,6213.666666666667,-3.480000000000018,-0.0053
2021-07-07,654.84,657.0600000000001,653.4000000000001,656.22,FI,5334.166666666667,3.1403641881638853,3.1403641881638853,109.37,109.14,109.51,108.9,32005,656.22,654.84,657.0600000000001,653.4000000000001,5334.166666666667,2.6399999999999864,0.004
2021-07-08,645.84,649.4399999999999,644.22,649.4399999999999,FI,7655.5,3.083459787556905,3.083459787556905,108.24,107.64,108.24,107.37,45933,649.4399999999999,645.84,649.4399999999999,644.22,7655.5,-9.0,-0.0137
2021-07-09,17.1,17.58,16.8,17.1,FI,101575.83333333331,-0.8918816388467375,-0.8918816388467375,2.85,2.85,2.93,2.8,609455,17.1,17.1,17.58,16.8,101575.83333333331,-628.74,-0.9735
2021-07-12,17.52,17.58,16.41,16.56,FI,137315.66666666666,-0.889226100151745,-0.889226100151745,2.76,2.92,2.93,2.735,823894,16.56,17.52,17.58,16.41,137315.66666666666,0.41999999999999815,0.0246
2021-07-13,17.46,17.91,16.86,17.28,FI,134506.83333333334,-0.8896054628224582,-0.8896054628224582,2.88,2.91,2.985,2.81,807041,17.28,17.46,17.91,16.86,134506.83333333334,-0.05999999999999872,-0.0034
2021-07-14,658.02,662.34,656.67,661.14,FI,6671.333333333333,3.1604704097116847,3.1604704097116847,110.19,109.67,110.39,109.445,40028,661.14,658.02,662.34,656.67,6671.333333333333,640.56,36.6873
2021-07-15,664.8,665.9399999999999,657.84,659.58,FI,4392.833333333333,3.203338391502276,3.203338391502276,109.93,110.8,110.99,109.64,26357,659.58,664.8,665.9399999999999,657.84,4392.833333333333,6.779999999999973,0.0103
2021-07-16,667.38,674.04,667.08,670.08,FI,4898.333333333333,3.219650986342944,3.219650986342944,111.68,111.23,112.34,111.18,29390,670.08,667.38,674.04,667.08,4898.333333333333,2.580000000000041,0.0039
2021-07-19,639.78,660.0600000000001,636.51,660.0600000000001,FI,9140.666666666666,3.045144157814871,3.045144157814871,110.01,106.63,110.01,106.085,54844,660.0600000000001,639.78,660.0600000000001,636.51,9140.666666666666,-27.600000000000023,-0.0414
2021-07-20,653.22,658.2,641.0999999999999,641.9399999999999,FI,6430.666666666667,3.1301213960546286,3.1301213960546286,106.99,108.87,109.7,106.85,38584,641.9399999999999,653.22,658.2,641.0999999999999,6430.666666666667,13.440000000000055,0.021
2021-07-21,660.1500000000001,660.9000000000001,651.48,652.08,FI,4723.833333333333,3.173937784522004,3.173937784522004,108.68,110.025,110.15,108.58,28343,652.08,660.1500000000001,660.9000000000001,651.48,4723.833333333333,6.930000000000064,0.0106
2021-07-22,660.12,661.62,653.9399999999999,661.26,FI,4321.833333333333,3.1737481031866466,3.1737481031866466,110.21,110.02,110.27,108.99,25931,661.26,660.12,661.62,653.9399999999999,4321.833333333333,-0.030000000000086402,0.0
2021-07-23,671.01,672.9000000000001,663.78,663.78,FI,6284.333333333333,3.242602427921093,3.242602427921093,110.63,111.835,112.15,110.63,37706,663.78,671.01,672.9000000000001,663.78,6284.333333333333,10.889999999999986,0.0165
2021-07-26,668.34,669.9000000000001,664.26,669.3,FI,10230.166666666666,3.2257207890743556,3.2257207890743556,111.55,111.39,111.65,110.71,61381,669.3,668.34,669.9000000000001,664.26,10230.166666666666,-2.669999999999959,-0.004
2021-07-27,687.84,702.0,675.96,677.64,FI,11848.833333333334,3.349013657056146,3.349013657056146,112.94,114.64,117.0,112.66,71093,677.64,687.84,702.0,675.96,11848.833333333334,19.5,0.0292
2021-07-28,683.76,693.0,677.46,690.54,FI,7556.166666666667,3.3232169954476483,3.3232169954476483,115.09,113.96,115.5,112.91,45337,690.54,683.76,693.0,677.46,7556.166666666667,-4.080000000000041,-0.0059
2021-07-29,687.24,693.36,686.16,688.6800000000001,FI,4911.5,3.345220030349014,3.345220030349014,114.78,114.54,115.56,114.36,29469,688.6800000000001,687.24,693.36,686.16,4911.5,3.480000000000018,0.0051
2021-07-30,690.36,692.22,682.14,682.98,FI,4788.0,3.3649468892261005,3.3649468892261005,113.83,115.06,115.37,113.69,28728,682.98,690.36,692.22,682.14,4788.0,3.1200000000000045,0.0045
2021-08-02,658.6800000000001,695.7,654.72,694.3199999999999,FI,6789.166666666667,3.16464339908953,3.16464339908953,115.72,109.78,115.95,109.12,40735,694.3199999999999,658.6800000000001,695.7,654.72,6789.166666666667,-31.67999999999995,-0.0459
2021-08-03,16.62,16.74,15.0,15.0,FI,177364.5,-0.894916540212443,-0.894916540212443,2.5,2.77,2.79,2.5,1064187,15.0,16.62,16.74,15.0,177364.5,-642.0600000000001,-0.9748
2021-08-04,15.72,16.14,15.18,16.02,FI,141207.83333333334,-0.9006069802731411,-0.9006069802731411,2.67,2.62,2.69,2.53,847247,16.02,15.72,16.14,15.18,141207.83333333334,-0.9000000000000004,-0.0542
2021-08-05,16.14,16.44,15.81,15.84,FI,86106.0,-0.8979514415781487,-0.8979514415781487,2.64,2.69,2.74,2.635,516636,15.84,16.14,16.44,15.81,86106.0,0.41999999999999993,0.0267
2021-08-06,665.28,670.2,655.4399999999999,658.92,FI,13206.5,3.206373292867982,3.206373292867982,109.82,110.88,111.7,109.24,79239,658.92,665.28,670.2,655.4399999999999,13206.5,649.14,40.2193
2021-08-09,661.92,665.04,659.76,664.26,FI,10684.5,3.1851289833080423,3.1851289833080423,110.71,110.32,110.84,109.96,64107,664.26,661.92,665.04,659.76,10684.5,-3.3600000000000136,-0.0051
2021-08-10,666.0,666.54,662.04,664.74,FI,3592.5,3.2109256449165406,3.2109256449165406,110.79,111.0,111.09,110.34,21555,664.74,666.0,666.54,662.04,3592.5,4.080000000000041,0.0062
2021-08-11,670.8,673.02,666.0600000000001,666.42,FI,3268.333333333333,3.2412746585735963,3.2412746585735963,111.07,111.8,112.17,111.01,19610,666.42,670.8,673.02,666.0600000000001,3268.333333333333,4.7999999999999545,0.0072
2021-08-12,665.79,668.16,663.5999999999999,667.38,FI,7761.166666666667,3.209597875569044,3.209597875569044,111.23,110.965,111.36,110.6,46567,667.38,665.79,668.16,663.5999999999999,7761.166666666667,-5.009999999999991,-0.0075
2021-08-13,669.5999999999999,672.48,667.92,669.96,FI,1787.0,3.233687405159332,3.233687405159332,111.66,111.6,112.08,111.32,10722,669.96,669.5999999999999,672.48,667.92,1787.0,3.8099999999999454,0.0057
2021-08-16,16.56,16.8,15.96,16.2,FI,78718.33333333333,-0.8952959028831563,-0.8952959028831563,2.7,2.76,2.8,2.66,472310,16.2,16.56,16.8,15.96,78718.33333333333,-653.04,-0.9753
2021-08-17,16.14,16.71,15.6,16.44,FI,98807.66666666669,-0.8979514415781487,-0.8979514415781487,2.74,2.69,2.785,2.6,592846,16.44,16.14,16.71,15.6,98807.66666666669,-0.41999999999999815,-0.0254
2021-08-18,16.38,17.04,15.96,16.26,FI,86283.16666666667,-0.896433990895296,-0.896433990895296,2.71,2.73,2.84,2.66,517699,16.26,16.38,17.04,15.96,86283.16666666667,0.23999999999999844,0.0149
2021-08-19,15.6,16.05,15.18,15.96,FI,112601.5,-0.9013657056145675,-0.9013657056145675,2.66,2.6,2.675,2.53,675609,15.96,15.6,16.05,15.18,112601.5,-0.7799999999999994,-0.0476
2021-08-20,16.26,16.47,15.3,15.3,FI,85320.5,-0.8971927162367224,-0.8971927162367224,2.55,2.71,2.745,2.55,511923,15.3,16.26,16.47,15.3,85320.5,0.6600000000000019,0.0423
2021-08-23,707.1899999999999,707.64,697.3199999999999,697.3199999999999,FI,6184.5,3.4713581183611533,3.4713581183611533,116.22,117.865,117.94,116.22,37107,697.3199999999999,707.1899999999999,707.64,697.3199999999999,6184.5,690.93,42.4926
2021-08-24,711.84,716.28,707.7,708.3,FI,5802.166666666667,3.5007587253414267,3.5007587253414267,118.05,118.64,119.38,117.95,34813,708.3,711.84,716.28,707.7,5802.166666666667,4.650000000000091,0.0066
2021-08-25,17.4,17.88,17.28,17.7,FI,138832.0,-0.8899848254931715,-0.8899848254931715,2.95,2.9,2.98,2.88,832992,17.7,17.4,17.88,17.28,138832.0,-694.44,-0.9756
2021-08-26,704.4000000000001,712.5600000000001,704.34,712.4399999999999,FI,4437.166666666667,3.4537177541729904,3.4537177541729904,118.74,117.4,118.76,117.39,26623,712.4399999999999,704.4000000000001,712.5600000000001,704.34,4437.166666666667,687.0000000000001,39.4828
2021-08-27,18.06,18.12,17.31,17.4,FI,92216.0,-0.8858118361153262,-0.8858118361153262,2.9,3.01,3.02,2.885,553296,17.4,18.06,18.12,17.31,92216.0,-686.3400000000001,-0.9744
2021-08-30,701.88,708.1800000000001,696.24,706.08,FI,4370.666666666667,3.437784522003035,3.437784522003035,117.68,116.98,118.03,116.04,26224,706.08,701.88,708.1800000000001,696.24,4370.666666666667,683.82,37.8638
2021-08-31,707.0999999999999,708.12,700.86,706.38,FI,7822.333333333333,3.4707890743550833,3.4707890743550833,117.73,117.85,118.02,116.81,46934,706.38,707.0999999999999,708.12,700.86,7822.333333333333,5.219999999999914,0.0074
2021-09-01,709.92,712.5600000000001,707.04,708.36,FI,5292.833333333333,3.488619119878604,3.488619119878604,118.06,118.32,118.76,117.84,31757,708.36,709.92,712.5600000000001,707.04,5292.833333333333,2.82000000000005,0.004
2021-09-02,695.28,713.0999999999999,693.3,713.04,FI,5718.166666666667,3.396054628224583,3.396054628224583,118.84,115.88,118.85,115.55,34309,713.04,695.28,713.0999999999999,693.3,5718.166666666667,-14.639999999999986,-0.0206
2021-09-03,694.26,697.5,691.2,693.0,FI,4775.0,3.3896054628224586,3.3896054628224586,115.5,115.71,116.25,115.2,28650,693.0,694.26,697.5,691.2,4775.0,-1.0199999999999818,-0.0015
2021-09-07,689.4000000000001,697.3199999999999,689.22,693.9000000000001,FI,5828.833333333333,3.3588770864946897,3.3588770864946897,115.65,114.9,116.22,114.87,34973,693.9000000000001,689.4000000000001,697.3199999999999,689.22,5828.833333333333,-4.8599999999999,-0.007
2021-09-08,701.7,704.0999999999999,690.27,692.28,FI,6060.666666666667,3.4366464339908958,3.4366464339908958,115.38,116.95,117.35,115.045,36364,692.28,701.7,704.0999999999999,690.27,6060.666666666667,12.299999999999955,0.0178
2021-09-09,690.0,702.84,689.28,701.7,FI,6179.666666666667,3.362670713201821,3.362670713201821,116.95,115.0,117.14,114.88,37078,701.7,690.0,702.84,689.28,6179.666666666667,-11.700000000000045,-0.0167
2021-09-10,664.17,692.04,663.66,691.26,FI,10385.666666666666,3.1993550834597877,3.1993550834597877,115.21,110.695,115.34,110.61,62314,691.26,664.17,692.04,663.66,10385.666666666666,-25.83000000000004,-0.0374
2021-09-13,660.48,671.88,657.0600000000001,667.92,FI,6079.166666666667,3.176024279210926,3.176024279210926,111.32,110.08,111.98,109.51,36475,667.92,660.48,671.88,657.0600000000001,6079.166666666667,-3.689999999999941,-0.0056
2021-09-14,644.34,661.2,639.36,661.2,FI,6242.5,3.073975720789075,3.073975720789075,110.2,107.39,110.2,106.56,37455,661.2,644.34,661.2,639.36,6242.5,-16.139999999999986,-0.0244
2021-09-15,649.4399999999999,654.96,641.8199999999999,642.24,FI,6778.166666666667,3.1062215477996964,3.1062215477996964,107.04,108.24,109.16,106.97,40669,642.24,649.4399999999999,654.96,641.8199999999999,6778.166666666667,5.099999999999909,0.0079
2021-09-16,650.88,653.76,648.66,649.86,FI,5190.166666666667,3.1153262518968137,3.1153262518968137,108.31,108.48,108.96,108.11,31141,649.86,650.88,653.76,648.66,5190.166666666667,1.4400000000000546,0.0022
2021-09-17,652.62,652.6800000000001,643.5,648.54,FI,6162.666666666667,3.1263277693474967,3.1263277693474967,108.09,108.77,108.78,107.25,36976,648.54,652.62,652.6800000000001,643.5,6162.666666666667,1.740000000000009,0.0027
2021-09-20,644.4000000000001,644.88,633.0,641.58,FI,7056.166666666667,3.0743550834597886,3.0743550834597886,106.93,107.4,107.48,105.5,42337,641.58,644.4000000000001,644.88,633.0,7056.166666666667,-8.219999999999914,-0.0126
2021-09-21,638.4000000000001,645.12,636.36,642.66,FI,8316.666666666666,3.0364188163884682,3.0364188163884682,107.11,106.4,107.52,106.06,49900,642.66,638.4000000000001,645.12,636.36,8316.666666666666,-6.0,-0.0093
2021-09-22,651.9000000000001,656.52,640.92,640.92,FI,8377.5,3.1217754172989385,3.1217754172989385,106.82,108.65,109.42,106.82,50265,640.92,651.9000000000001,656.52,640.92,8377.5,13.5,0.0211
2021-09-23,661.5,664.08,650.76,652.8,FI,7857.666666666667,3.1824734446130503,3.1824734446130503,108.8,110.25,110.68,108.46,47146,652.8,661.5,664.08,650.76,7857.666666666667,9.599999999999909,0.0147
2021-09-24,658.5600000000001,665.4000000000001,658.4399999999999,660.54,FI,6104.833333333333,3.163884673748104,3.163884673748104,110.09,109.76,110.9,109.74,36629,660.54,658.5600000000001,665.4000000000001,658.4399999999999,6104.833333333333,-2.939999999999941,-0.0044
2021-09-27,654.66,663.5999999999999,653.64,656.04,FI,2685.6666666666665,3.139226100151745,3.139226100151745,109.34,109.11,110.6,108.94,16114,656.04,654.66,663.5999999999999,653.64,2685.6666666666665,-3.900000000000091,-0.0059
2021-09-28,655.98,658.98,650.76,652.62,FI,11541.5,3.147572078907436,3.147572078907436,108.77,109.33,109.83,108.46,69249,652.62,655.98,658.98,650.76,11541.5,1.32000000000005,0.002
2021-09-29,664.02,670.02,655.08,655.08,FI,16434.833333333332,3.1984066767830046,3.1984066767830046,109.18,110.67,111.67,109.18,98609,655.08,664.02,670.02,655.08,16434.833333333332,8.039999999999964,0.0123
2021-09-30,651.84,668.52,649.62,668.04,FI,4616.0,3.121396054628225,3.121396054628225,111.34,108.64,111.42,108.27,27696,668.04,651.84,668.52,649.62,4616.0,-12.17999999999995,-0.0183
2021-10-01,658.4399999999999,662.46,648.54,651.78,FI,2540.0,3.1631259484066767,3.1631259484066767,108.63,109.74,110.41,108.09,15240,651.78,658.4399999999999,662.46,648.54,2540.0,6.599999999999909,0.0101
2021-10-04,108.24,109.31,106.87,109.0,FI,38714.0,-0.31562974203338395,-0.31562974203338395,109.0,108.24,109.31,106.87,38714,109.0,108.24,109.31,106.87,38714.0,-550.1999999999999,-0.8356
2021-10-05,108.05,109.18,107.96,107.96,FI,20267.0,-0.3168310571573091,-0.3168310571573091,107.96,108.05,109.18,107.96,20267,107.96,108.05,109.18,107.96,20267.0,-0.18999999999999773,-0.0018
2021-10-06,108.54,108.54,106.12,106.9,FI,28503.0,-0.31373292867981784,-0.31373292867981784,106.9,108.54,108.54,106.12,28503,106.9,108.54,108.54,106.12,28503.0,0.4900000000000091,0.0045
2021-10-07,109.15,110.46,109.1,109.3,FI,13693.0,-0.3098760748609003,-0.3098760748609003,109.3,109.15,110.46,109.1,13693,109.3,109.15,110.46,109.1,13693.0,0.6099999999999994,0.0056
2021-10-08,107.76,110.03,107.76,109.46,FI,18442.0,-0.3186646433990895,-0.3186646433990895,109.46,107.76,110.03,107.76,18442,109.46,107.76,110.03,107.76,18442.0,-1.3900000000000006,-0.0127
2021-10-11,103.72,107.6,103.61,107.45,FI,31398.0,-0.3442083965604451,-0.3442083965604451,107.45,103.72,107.6,103.61,31398,107.45,103.72,107.6,103.61,31398.0,-4.040000000000006,-0.0375
2021-10-12,104.31,105.63,103.44,103.99,FI,26362.0,-0.3404779969650986,-0.3404779969650986,103.99,104.31,105.63,103.44,26362,103.99,104.31,105.63,103.44,26362.0,0.5900000000000034,0.0057
2021-10-14,107.8,108.0,105.48,105.48,FI,18778.0,-0.3184117349519474,-0.3184117349519474,105.48,107.8,108.0,105.48,18778,105.48,107.8,108.0,105.48,18778.0,3.489999999999995,0.0335
2021-10-18,110.09,110.69,108.0,108.68,FI,16546.0,-0.3039327263530602,-0.3039327263530602,108.68,110.09,110.69,108.0,16546,108.68,110.09,110.69,108.0,16546.0,2.2900000000000063,0.0212
2021-10-19,111.23,111.27,109.38,109.86,FI,55470.0,-0.2967248356095093,-0.2967248356095093,109.86,111.23,111.27,109.38,55470,109.86,111.23,111.27,109.38,55470.0,1.1400000000000006,0.0104
2021-10-20,109.96,111.01,109.65,111.01,FI,11586.0,-0.30475467880627216,-0.30475467880627216,111.01,109.96,111.01,109.65,11586,111.01,109.96,111.01,109.65,11586.0,-1.2700000000000102,-0.0114
2021-10-21,110.17,110.17,109.15,109.43,FI,10712.0,-0.3034269094587759,-0.3034269094587759,109.43,110.17,110.17,109.15,10712,109.43,110.17,110.17,109.15,10712.0,0.21000000000000796,0.0019
2021-10-22,110.12,110.56,109.63,109.92,FI,13741.0,-0.30374304501770355,-0.30374304501770355,109.92,110.12,110.56,109.63,13741,109.92,110.12,110.56,109.63,13741.0,-0.04999999999999716,-0.0005
2021-10-25,111.08,111.55,109.74,110.475,FI,34759.0,-0.2976732422862924,-0.2976732422862924,110.475,111.08,111.55,109.74,34759,110.475,111.08,111.55,109.74,34759.0,0.9599999999999937,0.0087
2021-10-26,109.87,111.69,109.72,111.49,FI,24962.0,-0.3053237228123419,-0.3053237228123419,111.49,109.87,111.69,109.72,24962,111.49,109.87,111.69,109.72,24962.0,-1.2099999999999937,-0.0109
2021-10-27,98.91,105.33,95.48,105.08,FI,171896.0,-0.3746206373292868,-0.3746206373292868,105.08,98.91,105.33,95.48,171896,105.08,98.91,105.33,95.48,171896.0,-10.960000000000008,-0.0998
2021-10-28,98.52,99.075,94.42,99.0,FI,249341.0,-0.37708649468892264,-0.37708649468892264,99.0,98.52,99.075,94.42,249341,99.0,98.52,99.075,94.42,249341.0,-0.39000000000000057,-0.0039
2021-10-29,98.455,100.22,98.25,98.65,FI,34726.0,-0.3774974709155286,-0.3774974709155286,98.65,98.455,100.22,98.25,34726,98.65,98.455,100.22,98.25,34726.0,-0.06499999999999773,-0.0007
2021-11-01,102.0,102.25,98.33,98.33,FI,36205.0,-0.3550834597875569,-0.3550834597875569,98.33,102.0,102.25,98.33,36205,98.33,102.0,102.25,98.33,36205.0,3.5450000000000017,0.036
2021-11-02,99.38,101.5,95.81,101.41,FI,82263.0,-0.3716489630753667,-0.3716489630753667,101.41,99.38,101.5,95.81,82263,101.41,99.38,101.5,95.81,82263.0,-2.6200000000000045,-0.0257
2021-11-03,101.49,101.56,99.43,99.44,FI,48640.0,-0.35830804248861914,-0.35830804248861914,99.44,101.49,101.56,99.43,48640,99.44,101.49,101.56,99.43,48640.0,2.1099999999999994,0.0212
2021-11-05,100.45,103.53,99.84,103.3,FI,42736.0,-0.3648836621143146,-0.3648836621143146,103.3,100.45,103.53,99.84,42736,103.3,100.45,103.53,99.84,42736.0,-1.039999999999992,-0.0102
2021-11-08,100.03,100.68,99.61,100.47,FI,38074.0,-0.367539200809307,-0.367539200809307,100.47,100.03,100.68,99.61,38074,100.47,100.03,100.68,99.61,38074.0,-0.4200000000000017,-0.0042
2021-11-09,99.635,100.42,98.84,100.42,FI,45579.0,-0.37003667172483556,-0.37003667172483556,100.42,99.635,100.42,98.84,45579,100.42,99.635,100.42,98.84,45579.0,-0.394999999999996,-0.0039
2021-11-11,99.93,100.69,99.79,100.42,FI,60005.0,-0.3681714719271623,-0.3681714719271623,100.42,99.93,100.69,99.79,60005,100.42,99.93,100.69,99.79,60005.0,0.2950000000000017,0.003
2021-11-12,100.82,101.62,100.35,100.78,FI,25244.0,-0.3625442589782499,-0.3625442589782499,100.78,100.82,101.62,100.35,25244,100.78,100.82,101.62,100.35,25244.0,0.8899999999999864,0.0089
2021-11-15,101.79,102.31,101.3,101.48,FI,39483.0,-0.3564112291350531,-0.3564112291350531,101.48,101.79,102.31,101.3,39483,101.48,101.79,102.31,101.3,39483.0,0.9700000000000131,0.0096
2021-11-16,102.09,102.925,101.82,102.09,FI,43330.0,-0.35451441578148707,-0.35451441578148707,102.09,102.09,102.925,101.82,43330,102.09,102.09,102.925,101.82,43330.0,0.29999999999999716,0.0029
2021-11-17,100.89,101.35,98.27,101.08,FI,52151.0,-0.3621016691957511,-0.3621016691957511,101.08,100.89,101.35,98.27,52151,101.08,100.89,101.35,98.27,52151.0,-1.2000000000000028,-0.0118
2021-11-18,101.3,101.35,98.8,100.65,FI,51977.0,-0.35950935761254427,-0.35950935761254427,100.65,101.3,101.35,98.8,51977,100.65,101.3,101.35,98.8,51977.0,0.4099999999999966,0.0041
2021-11-19,100.08,101.25,99.71,100.41,FI,57304.0,-0.36722306525037934,-0.36722306525037934,100.41,100.08,101.25,99.71,57304,100.41,100.08,101.25,99.71,57304.0,-1.2199999999999989,-0.012
2021-11-22,95.75,99.87,95.47,99.87,FI,112516.0,-0.3946004046535154,-0.3946004046535154,99.87,95.75,99.87,95.47,112516,99.87,95.75,99.87,95.47,112516.0,-4.329999999999998,-0.0433
2021-11-23,96.1,96.45,92.4,94.33,FI,63417.0,-0.3923874557410218,-0.3923874557410218,94.33,96.1,96.45,92.4,63417,94.33,96.1,96.45,92.4,63417.0,0.3499999999999943,0.0037
2021-11-24,99.32,99.57,96.91,97.33,FI,28348.0,-0.37202832574607997,-0.37202832574607997,97.33,99.32,99.57,96.91,28348,97.33,99.32,99.57,96.91,28348.0,3.219999999999999,0.0335
2021-11-26,98.32,99.32,97.06,97.08,FI,29126.0,-0.3783510369246333,-0.3783510369246333,97.08,98.32,99.32,97.06,29126,97.08,98.32,99.32,97.06,29126.0,-1.0,-0.0101
2021-11-29,97.55,98.96,95.91,98.96,FI,29810.0,-0.3832195245321194,-0.3832195245321194,98.96,97.55,98.96,95.91,29810,98.96,97.55,98.96,95.91,29810.0,-0.769999999999996,-0.0078
2021-11-30,96.63,97.99,94.89,96.56,FI,59935.0,-0.3890364188163885,-0.3890364188163885,96.56,96.63,97.99,94.89,59935,96.56,96.63,97.99,94.89,59935.0,-0.9200000000000017,-0.0094
2021-12-01,95.54,98.5,95.54,98.25,FI,56485.0,-0.3959281740010116,-0.3959281740010116,98.25,95.54,98.5,95.54,56485,98.25,95.54,98.5,95.54,56485.0,-1.0899999999999892,-0.0113
2021-12-02,99.83,100.37,96.17,96.17,FI,109702.0,-0.3688037430450177,-0.3688037430450177,96.17,99.83,100.37,96.17,109702,96.17,99.83,100.37,96.17,109702.0,4.289999999999992,0.0449
2021-12-03,100.56,101.23,98.98,100.44,FI,65841.0,-0.36418816388467373,-0.36418816388467373,100.44,100.56,101.23,98.98,65841,100.44,100.56,101.23,98.98,65841.0,0.730000000000004,0.0073
2021-12-06,103.1,104.09,100.995,100.995,FI,38315.0,-0.3481284774911482,-0.3481284774911482,100.995,103.1,104.09,100.995,38315,100.995,103.1,104.09,100.995,38315.0,2.539999999999992,0.0253
2021-12-07,103.08,105.24,102.72,103.72,FI,46075.0,-0.3482549317147193,-0.3482549317147193,103.72,103.08,105.24,102.72,46075,103.72,103.08,105.24,102.72,46075.0,-0.01999999999999602,-0.0002
2021-12-08,103.96,104.46,103.02,103.26,FI,41729.0,-0.34269094587759236,-0.34269094587759236,103.26,103.96,104.46,103.02,41729,103.26,103.96,104.46,103.02,41729.0,0.8799999999999955,0.0085
2021-12-09,103.75,104.75,103.24,103.24,FI,37441.0,-0.3440187152250885,-0.3440187152250885,103.24,103.75,104.75,103.24,37441,103.24,103.75,104.75,103.24,37441.0,-0.20999999999999375,-0.002
2021-12-10,103.19,103.82,102.4,102.95,FI,27855.0,-0.3475594334850784,-0.3475594334850784,102.95,103.19,103.82,102.4,27855,102.95,103.19,103.82,102.4,27855.0,-0.5600000000000023,-0.0054
2021-12-13,104.225,104.87,103.015,103.5,FI,16708.0,-0.3410154274152757,-0.3410154274152757,103.5,104.225,104.87,103.015,16708,103.5,104.225,104.87,103.015,16708.0,1.0349999999999966,0.01
2021-12-14,104.08,105.58,103.08,103.54,FI,27511.0,-0.3419322205361659,-0.3419322205361659,103.54,104.08,105.58,103.08,27511,103.54,104.08,105.58,103.08,27511.0,-0.14499999999999602,-0.0014
2021-12-15,103.59,104.33,102.35,103.74,FI,40450.0,-0.34503034901365703,-0.34503034901365703,103.74,103.59,104.33,102.35,40450,103.74,103.59,104.33,102.35,40450.0,-0.4899999999999949,-0.0047
2021-12-16,104.74,106.09,104.29,105.21,FI,42143.0,-0.3377592311583207,-0.3377592311583207,105.21,104.74,106.09,104.29,42143,105.21,104.74,106.09,104.29,42143.0,1.1499999999999915,0.0111
2021-12-17,103.62,105.06,102.81,104.12,FI,38191.0,-0.3448406676783004,-0.3448406676783004,104.12,103.62,105.06,102.81,38191,104.12,103.62,105.06,102.81,38191.0,-1.1199999999999903,-0.0107
2021-12-21,105.23,105.29,101.41,101.41,FI,32654.0,-0.3346611026808295,-0.3346611026808295,101.41,105.23,105.29,101.41,32654,101.41,105.23,105.29,101.41,32654.0,1.6099999999999994,0.0155
2021-12-22,106.19,106.36,105.28,105.28,FI,22304.0,-0.3285912999494183,-0.3285912999494183,105.28,106.19,106.36,105.28,22304,105.28,106.19,106.36,105.28,22304.0,0.9599999999999937,0.0091
2021-12-23,105.5,106.14,105.29,105.29,FI,17366.0,-0.3329539706626201,-0.3329539706626201,105.29,105.5,106.14,105.29,17366,105.29,105.5,106.14,105.29,17366.0,-0.6899999999999977,-0.0065
2021-12-27,103.92,104.85,102.84,104.8,FI,24701.0,-0.3429438543247344,-0.3429438543247344,104.8,103.92,104.85,102.84,24701,104.8,103.92,104.85,102.84,24701.0,-1.5799999999999983,-0.015
2021-12-28,104.63,105.33,103.55,103.62,FI,12533.0,-0.33845472938796156,-0.33845472938796156,103.62,104.63,105.33,103.55,12533,103.62,104.63,105.33,103.55,12533.0,0.7099999999999937,0.0068
2021-12-29,104.255,104.55,103.94,103.97,FI,6633.0,-0.34082574607991906,-0.34082574607991906,103.97,104.255,104.55,103.94,6633,103.97,104.255,104.55,103.94,6633.0,-0.375,-0.0036
2021-12-30,104.5,105.29,104.5,105.01,FI,14683.0,-0.3392766818411735,-0.3392766818411735,105.01,104.5,105.29,104.5,14683,105.01,104.5,105.29,104.5,14683.0,0.24500000000000455,0.0024
2021-12-31,103.75,104.73,103.71,104.11,FI,15346.0,-0.3440187152250885,-0.3440187152250885,104.11,103.75,104.73,103.71,15346,104.11,103.75,104.73,103.71,15346.0,-0.75,-0.0072
2022-01-03,107.61,107.79,103.61,103.61,FI,22803.0,-0.31961305007587254,-0.31961305007587254,103.61,107.61,107.79,103.61,22803,103.61,107.61,107.79,103.61,22803.0,3.8599999999999994,0.0372
2022-01-04,109.07,110.15,107.97,107.97,FI,40048.0,-0.31038189175518466,-0.31038189175518466,107.97,109.07,110.15,107.97,40048,107.97,109.07,110.15,107.97,40048.0,1.4599999999999937,0.0136
2022-01-05,108.3,110.2,108.3,108.96,FI,24685.0,-0.3152503793626707,-0.3152503793626707,108.96,108.3,110.2,108.3,24685,108.96,108.3,110.2,108.3,24685.0,-0.769999999999996,-0.0071
2022-01-06,109.02,109.6,107.855,107.95,FI,19534.0,-0.3106980273141123,-0.3106980273141123,107.95,109.02,109.6,107.855,19534,107.95,109.02,109.6,107.855,19534.0,0.7199999999999989,0.0066
2022-01-07,108.89,109.56,107.83,108.15,FI,15429.0,-0.3115199797673242,-0.3115199797673242,108.15,108.89,109.56,107.83,15429,108.15,108.89,109.56,107.83,15429.0,-0.12999999999999545,-0.0012
2022-01-10,107.74,108.67,104.54,108.37,FI,30914.0,-0.3187910976226606,-0.3187910976226606,108.37,107.74,108.67,104.54,30914,108.37,107.74,108.67,104.54,30914.0,-1.1500000000000057,-0.0106
2022-01-11,109.39,109.48,107.06,107.72,FI,16155.0,-0.30835862417804755,-0.30835862417804755,107.72,109.39,109.48,107.06,16155,107.72,109.39,109.48,107.06,16155.0,1.6500000000000057,0.0153
2022-01-12,108.34,109.25,107.26,108.24,FI,48866.0,-0.31499747091552854,-0.31499747091552854,108.24,108.34,109.25,107.26,48866,108.24,108.34,109.25,107.26,48866.0,-1.0499999999999972,-0.0096
2022-01-13,108.93,110.74,108.2,108.24,FI,28007.0,-0.31126707132018205,-0.31126707132018205,108.24,108.93,110.74,108.2,28007,108.24,108.93,110.74,108.2,28007.0,0.5900000000000034,0.0054
2022-01-14,109.16,109.42,107.61,107.61,FI,32408.0,-0.30981284774911483,-0.30981284774911483,107.61,109.16,109.42,107.61,32408,107.61,109.16,109.42,107.61,32408.0,0.22999999999998977,0.0021
2022-01-18,106.33,108.64,106.12,108.64,FI,32441.0,-0.3277061203844208,-0.3277061203844208,108.64,106.33,108.64,106.12,32441,108.64,106.33,108.64,106.12,32441.0,-2.8299999999999983,-0.0259
2022-01-19,105.96,107.64,105.96,106.76,FI,39147.0,-0.3300455235204856,-0.3300455235204856,106.76,105.96,107.64,105.96,39147,106.76,105.96,107.64,105.96,39147.0,-0.37000000000000455,-0.0035
2022-01-20,106.21,109.59,106.19,106.49,FI,20986.0,-0.3284648457258473,-0.3284648457258473,106.49,106.21,109.59,106.19,20986,106.49,106.21,109.59,106.19,20986.0,0.25,0.0024
2022-01-21,104.86,107.39,104.79,106.23,FI,72719.0,-0.3370005058168943,-0.3370005058168943,106.23,104.86,107.39,104.79,72719,106.23,104.86,107.39,104.79,72719.0,-1.3499999999999943,-0.0127
2022-01-24,102.75,104.82,100.43,104.23,FI,95435.0,-0.35034142640364185,-0.35034142640364185,104.23,102.75,104.82,100.43,95435,104.23,102.75,104.82,100.43,95435.0,-2.1099999999999994,-0.0201
2022-01-25,101.055,102.25,98.87,101.71,FI,37829.0,-0.3610584218512898,-0.3610584218512898,101.71,101.055,102.25,98.87,37829,101.71,101.055,102.25,98.87,37829.0,-1.6949999999999932,-0.0165
2022-01-26,99.92,102.8,99.34,101.62,FI,47839.0,-0.3682346990389479,-0.3682346990389479,101.62,99.92,102.8,99.34,47839,101.62,99.92,102.8,99.34,47839.0,-1.1350000000000051,-0.0112
2022-01-27,100.36,101.99,99.37,100.34,FI,27789.0,-0.3654527061203844,-0.3654527061203844,100.34,100.36,101.99,99.37,27789,100.34,100.36,101.99,99.37,27789.0,0.4399999999999977,0.0044
2022-01-28,104.78,104.84,100.61,100.81,FI,14647.0,-0.33750632271117853,-0.33750632271117853,100.81,104.78,104.84,100.61,14647,100.81,104.78,104.84,100.61,14647.0,4.420000000000002,0.044
2022-01-31,105.67,105.96,104.31,104.74,FI,23764.0,-0.33187910976226603,-0.33187910976226603,104.74,105.67,105.96,104.31,23764,104.74,105.67,105.96,104.31,23764.0,0.8900000000000006,0.0085
2022-02-01,108.7,108.82,105.42,105.42,FI,17494.0,-0.31272129489124934,-0.31272129489124934,105.42,108.7,108.82,105.42,17494,105.42,108.7,108.82,105.42,17494.0,3.030000000000001,0.0287
2022-02-02,108.53,108.53,107.21,107.21,FI,7836.0,-0.3137961557916034,-0.3137961557916034,107.21,108.53,108.53,107.21,7836,107.21,108.53,108.53,107.21,7836.0,-0.1700000000000017,-0.0016
2022-02-03,106.3,108.23,106.2,108.2,FI,18768.0,-0.32789580171977745,-0.32789580171977745,108.2,106.3,108.23,106.2,18768,108.2,106.3,108.23,106.2,18768.0,-2.230000000000004,-0.0205
2022-02-04,104.98,105.23,102.58,104.38,FI,38586.0,-0.3362417804754678,-0.3362417804754678,104.38,104.98,105.23,102.58,38586,104.38,104.98,105.23,102.58,38586.0,-1.3199999999999932,-0.0124
2022-02-08,99.5,102.14,98.85,99.85,FI,77840.0,-0.3708902377339403,-0.3708902377339403,99.85,99.5,102.14,98.85,77840,99.85,99.5,102.14,98.85,77840.0,-5.480000000000004,-0.0522
2022-02-09,102.09,102.79,100.56,101.18,FI,53304.0,-0.35451441578148707,-0.35451441578148707,101.18,102.09,102.79,100.56,53304,101.18,102.09,102.79,100.56,53304.0,2.5900000000000034,0.026
2022-02-10,99.22,101.11,99.05,100.42,FI,48634.0,-0.37266059686393527,-0.37266059686393527,100.42,99.22,101.11,99.05,48634,100.42,99.22,101.11,99.05,48634.0,-2.8700000000000045,-0.0281
2022-02-11,97.49,99.81,97.09,99.3,FI,61265.0,-0.3835988872028326,-0.3835988872028326,99.3,97.49,99.81,97.09,61265,99.3,97.49,99.81,97.09,61265.0,-1.730000000000004,-0.0174
2022-02-14,97.95,98.14,96.82,97.64,FI,20024.0,-0.380690440060698,-0.380690440060698,97.64,97.95,98.14,96.82,20024,97.64,97.95,98.14,96.82,20024.0,0.46000000000000796,0.0047
2022-02-15,96.955,98.55,96.255,98.15,FI,23469.0,-0.38698153768335863,-0.38698153768335863,98.15,96.955,98.55,96.255,23469,98.15,96.955,98.55,96.255,23469.0,-0.9950000000000045,-0.0102
2022-02-16,96.79,97.09,94.71,96.68,FI,30517.0,-0.3880247850278199,-0.3880247850278199,96.68,96.79,97.09,94.71,30517,96.68,96.79,97.09,94.71,30517.0,-0.16499999999999204,-0.0017
2022-02-17,94.58,96.07,94.56,95.93,FI,14228.0,-0.4019979767324229,-0.4019979767324229,95.93,94.58,96.07,94.56,14228,95.93,94.58,96.07,94.56,14228.0,-2.210000000000008,-0.0228
2022-02-18,94.1,94.76,93.435,93.5,FI,13526.0,-0.4050328780981285,-0.4050328780981285,93.5,94.1,94.76,93.435,13526,93.5,94.1,94.76,93.435,13526.0,-0.480000000000004,-0.0051
2022-02-22,93.5,94.65,93.5,93.63,FI,17866.0,-0.4088265048052605,-0.4088265048052605,93.63,93.5,94.65,93.5,17866,93.63,93.5,94.65,93.5,17866.0,-0.5999999999999943,-0.0064
2022-02-23,92.58,95.04,92.51,94.2,FI,18864.0,-0.4146433990895296,-0.4146433990895296,94.2,92.58,95.04,92.51,18864,94.2,92.58,95.04,92.51,18864.0,-0.9200000000000017,-0.0098
2022-02-24,95.605,95.7,90.49,90.49,FI,47985.0,-0.39551719777440564,-0.39551719777440564,90.49,95.605,95.7,90.49,47985,90.49,95.605,95.7,90.49,47985.0,3.0250000000000057,0.0327
2022-02-25,98.02,98.92,95.93,95.98,FI,51163.0,-0.3802478502781993,-0.3802478502781993,95.98,98.02,98.92,95.93,51163,95.98,98.02,98.92,95.93,51163.0,2.414999999999992,0.0253
2022-03-01,97.115,98.21,96.67,97.8,FI,51408.0,-0.3859699038947901,-0.3859699038947901,97.8,97.115,98.21,96.67,51408,97.8,97.115,98.21,96.67,51408.0,-0.9050000000000011,-0.0092
2022-03-02,98.81,99.16,96.76,97.6,FI,25651.0,-0.3752529084471421,-0.3752529084471421,97.6,98.81,99.16,96.76,25651,97.6,98.81,99.16,96.76,25651.0,1.6950000000000074,0.0175
2022-03-07,94.97,97.325,94.81,97.02,FI,29507.0,-0.39953211937278704,-0.39953211937278704,97.02,94.97,97.325,94.81,29507,97.02,94.97,97.325,94.81,29507.0,-3.8400000000000034,-0.0389
2022-03-09,96.21,96.99,94.83,95.97,FI,30104.0,-0.3916919575113809,-0.3916919575113809,95.97,96.21,96.99,94.83,30104,95.97,96.21,96.99,94.83,30104.0,1.2399999999999949,0.0131
2022-03-10,95.09,95.55,94.18,94.65,FI,16915.0,-0.39877339403136064,-0.39877339403136064,94.65,95.09,95.55,94.18,16915,94.65,95.09,95.55,94.18,16915.0,-1.1199999999999903,-0.0116
2022-03-14,93.99,95.58,93.73,95.11,FI,8750.0,-0.40572837632776937,-0.40572837632776937,95.11,93.99,95.58,93.73,8750,95.11,93.99,95.58,93.73,8750.0,-1.1000000000000085,-0.0116
2022-03-15,95.47,95.9,94.46,95.14,FI,21110.0,-0.3963707637835104,-0.3963707637835104,95.14,95.47,95.9,94.46,21110,95.14,95.47,95.9,94.46,21110.0,1.480000000000004,0.0157
2022-03-16,98.27,98.27,95.83,96.795,FI,14613.0,-0.37866717248356097,-0.37866717248356097,96.795,98.27,98.27,95.83,14613,96.795,98.27,98.27,95.83,14613.0,2.799999999999997,0.0293
2022-03-17,99.95,100.07,98.59,98.69,FI,21386.0,-0.36804501770359127,-0.36804501770359127,98.69,99.95,100.07,98.59,21386,98.69,99.95,100.07,98.59,21386.0,1.6800000000000068,0.0171
2022-03-18,100.52,100.67,99.0,99.37,FI,10403.0,-0.3644410723318159,-0.3644410723318159,99.37,100.52,100.67,99.0,10403,99.37,100.52,100.67,99.0,10403.0,0.5699999999999932,0.0057
2022-03-21,99.46,100.13,98.92,100.09,FI,9352.0,-0.37114314618108246,-0.37114314618108246,100.09,99.46,100.13,98.92,9352,100.09,99.46,100.13,98.92,9352.0,-1.0600000000000023,-0.0105
2022-03-22,100.475,101.19,99.68,99.75,FI,12113.0,-0.3647255943348508,-0.3647255943348508,99.75,100.475,101.19,99.68,12113,99.75,100.475,101.19,99.68,12113.0,1.0150000000000006,0.0102
2022-03-23,98.85,100.0,98.76,100.0,FI,19032.0,-0.375,-0.375,100.0,98.85,100.0,98.76,19032,100.0,98.85,100.0,98.76,19032.0,-1.625,-0.0162
2022-03-24,98.7,99.26,98.41,98.69,FI,18130.0,-0.375948406676783,-0.375948406676783,98.69,98.7,99.26,98.41,18130,98.69,98.7,99.26,98.41,18130.0,-0.14999999999999147,-0.0015
2022-03-28,100.69,100.86,99.82,100.53,FI,8911.0,-0.3633662114314618,-0.3633662114314618,100.53,100.69,100.86,99.82,8911,100.53,100.69,100.86,99.82,8911.0,1.9899999999999949,0.0202
2022-03-29,103.07,103.46,101.97,102.02,FI,37929.0,-0.34831815882650485,-0.34831815882650485,102.02,103.07,103.46,101.97,37929,102.02,103.07,103.46,101.97,37929.0,2.3799999999999955,0.0236
2022-03-30,102.04,102.84,101.59,102.53,FI,11005.0,-0.3548305513404147,-0.3548305513404147,102.53,102.04,102.84,101.59,11005,102.53,102.04,102.84,101.59,11005.0,-1.029999999999987,-0.01
2022-03-31,101.42,102.66,101.42,101.7,FI,19227.0,-0.3587506322711178,-0.3587506322711178,101.7,101.42,102.66,101.42,19227,101.7,101.42,102.66,101.42,19227.0,-0.6200000000000045,-0.0061
2022-04-01,103.04,103.04,101.95,102.27,FI,7528.0,-0.34850784016186137,-0.34850784016186137,102.27,103.04,103.04,101.95,7528,102.27,103.04,103.04,101.95,7528.0,1.6200000000000045,0.016
2022-04-04,102.97,103.75,102.97,103.315,FI,4917.0,-0.34895042994436015,-0.34895042994436015,103.315,102.97,103.75,102.97,4917,103.315,102.97,103.75,102.97,4917.0,-0.07000000000000739,-0.0007
2022-04-05,103.28,104.585,103.12,104.12,FI,14326.0,-0.34699038947900857,-0.34699038947900857,104.12,103.28,104.585,103.12,14326,104.12,103.28,104.585,103.12,14326.0,0.3100000000000023,0.003
2022-04-06,102.62,103.59,101.98,101.98,FI,13722.0,-0.3511633788568538,-0.3511633788568538,101.98,102.62,103.59,101.98,13722,101.98,102.62,103.59,101.98,13722.0,-0.6599999999999966,-0.0064
2022-04-07,100.8,101.69,99.82,101.69,FI,13325.0,-0.3626707132018209,-0.3626707132018209,101.69,100.8,101.69,99.82,13325,101.69,100.8,101.69,99.82,13325.0,-1.8200000000000074,-0.0177
2022-04-08,100.42,101.76,99.095,100.16,FI,32958.0,-0.3650733434496712,-0.3650733434496712,100.16,100.42,101.76,99.095,32958,100.16,100.42,101.76,99.095,32958.0,-0.37999999999999545,-0.0038
2022-04-11,100.57,102.1,100.57,101.4,FI,11878.0,-0.36412493677288826,-0.36412493677288826,101.4,100.57,102.1,100.57,11878,101.4,100.57,102.1,100.57,11878.0,0.14999999999999147,0.0015
2022-04-12,99.08,100.26,99.02,100.21,FI,21727.0,-0.3735457764289327,-0.3735457764289327,100.21,99.08,100.26,99.02,21727,100.21,99.08,100.26,99.02,21727.0,-1.4899999999999949,-0.0148
2022-04-13,99.045,99.27,98.435,98.435,FI,13708.0,-0.37376707132018205,-0.37376707132018205,98.435,99.045,99.27,98.435,13708,98.435,99.045,99.27,98.435,13708.0,-0.03499999999999659,-0.0004
2022-04-14,99.635,100.56,99.23,99.23,FI,11913.0,-0.37003667172483556,-0.37003667172483556,99.23,99.635,100.56,99.23,11913,99.23,99.635,100.56,99.23,11913.0,0.5900000000000034,0.006
2022-04-18,99.85,100.23,99.055,99.73,FI,14521.0,-0.3686772888214467,-0.3686772888214467,99.73,99.85,100.23,99.055,14521,99.73,99.85,100.23,99.055,14521.0,0.2149999999999892,0.0022
2022-04-19,102.55,102.72,100.37,100.37,FI,18023.0,-0.35160596863935256,-0.35160596863935256,100.37,102.55,102.72,100.37,18023,100.37,102.55,102.72,100.37,18023.0,2.700000000000003,0.027
2022-04-20,101.29,103.72,101.29,103.48,FI,12443.0,-0.35957258472432974,-0.35957258472432974,103.48,101.29,103.72,101.29,12443,103.48,101.29,103.72,101.29,12443.0,-1.259999999999991,-0.0123
2022-04-21,101.51,102.85,100.99,102.73,FI,22502.0,-0.358181588265048,-0.358181588265048,102.73,101.51,102.85,100.99,22502,102.73,101.51,102.85,100.99,22502.0,0.21999999999999886,0.0022
2022-04-22,97.4,100.69,97.38,100.595,FI,33503.0,-0.3841679312089023,-0.3841679312089023,100.595,97.4,100.69,97.38,33503,100.595,97.4,100.69,97.38,33503.0,-4.109999999999999,-0.0405
2022-04-25,97.92,98.22,95.31,96.48,FI,25790.0,-0.3808801213960546,-0.3808801213960546,96.48,97.92,98.22,95.31,25790,96.48,97.92,98.22,95.31,25790.0,0.519999999999996,0.0053
2022-04-26,96.2,97.22,96.06,97.15,FI,18050.0,-0.3917551846231664,-0.3917551846231664,97.15,96.2,97.22,96.06,18050,97.15,96.2,97.22,96.06,18050.0,-1.7199999999999989,-0.0176
2022-04-27,101.07,101.845,95.77,97.74,FI,49863.0,-0.36096358118361155,-0.36096358118361155,97.74,101.07,101.845,95.77,49863,97.74,101.07,101.845,95.77,49863.0,4.86999999999999,0.0506
2022-04-28,104.72,105.23,101.97,102.18,FI,28234.0,-0.33788568538189173,-0.33788568538189173,102.18,104.72,105.23,101.97,28234,102.18,104.72,105.23,101.97,28234.0,3.6500000000000057,0.0361
2022-04-29,97.87,103.94,97.81,103.86,FI,38868.0,-0.38119625695498227,-0.38119625695498227,103.86,97.87,103.94,97.81,38868,103.86,97.87,103.94,97.81,38868.0,-6.849999999999994,-0.0654
2022-05-02,97.165,97.63,94.89,97.58,FI,30898.0,-0.38565376833586235,-0.38565376833586235,97.58,97.165,97.63,94.89,30898,97.58,97.165,97.63,94.89,30898.0,-0.7049999999999983,-0.0072
2022-05-03,99.44,100.5,97.71,97.71,FI,28608.0,-0.3712696004046535,-0.3712696004046535,97.71,99.44,100.5,97.71,28608,97.71,99.44,100.5,97.71,28608.0,2.2749999999999915,0.0234
2022-05-04,102.41,102.7,98.83,99.455,FI,28842.0,-0.35249114820435,-0.35249114820435,99.455,102.41,102.7,98.83,28842,99.455,102.41,102.7,98.83,28842.0,2.969999999999999,0.0299
2022-05-05,99.49,101.48,98.68,101.365,FI,30812.0,-0.3709534648457259,-0.3709534648457259,101.365,99.49,101.48,98.68,30812,101.365,99.49,101.48,98.68,30812.0,-2.9200000000000017,-0.0285
2022-05-06,95.71,97.82,94.91,97.82,FI,20898.0,-0.3948533131006576,-0.3948533131006576,97.82,95.71,97.82,94.91,20898,97.82,95.71,97.82,94.91,20898.0,-3.780000000000001,-0.038
2022-05-09,93.63,95.34,93.33,94.925,FI,39966.0,-0.4080045523520486,-0.4080045523520486,94.925,93.63,95.34,93.33,39966,94.925,93.63,95.34,93.33,39966.0,-2.0799999999999983,-0.0217
2022-05-10,92.835,95.06,92.01,95.06,FI,24768.0,-0.4130311077389985,-0.4130311077389985,95.06,92.835,95.06,92.01,24768,95.06,92.835,95.06,92.01,24768.0,-0.7950000000000017,-0.0085
2022-05-11,92.53,94.54,92.15,92.16,FI,33556.0,-0.41495953464845725,-0.41495953464845725,92.16,92.53,94.54,92.15,33556,92.16,92.53,94.54,92.15,33556.0,-0.3049999999999926,-0.0033
2022-05-12,93.47,93.49,91.45,92.17,FI,45247.0,-0.4090161861406171,-0.4090161861406171,92.17,93.47,93.49,91.45,45247,92.17,93.47,93.49,91.45,45247.0,0.9399999999999977,0.0102
2022-05-13,96.06,97.06,94.615,94.615,FI,20938.0,-0.39264036418816384,-0.39264036418816384,94.615,96.06,97.06,94.615,20938,94.615,96.06,97.06,94.615,20938.0,2.5900000000000034,0.0277
2022-05-16,96.27,96.52,94.94,95.69,FI,21924.0,-0.3913125948406677,-0.3913125948406677,95.69,96.27,96.52,94.94,21924,95.69,96.27,96.52,94.94,21924.0,0.20999999999999375,0.0022
2022-05-17,97.655,98.04,96.48,98.04,FI,39764.0,-0.38255563985837127,-0.38255563985837127,98.04,97.655,98.04,96.48,39764,98.04,97.655,98.04,96.48,39764.0,1.3850000000000051,0.0144
2022-05-18,94.1,97.38,93.95,96.63,FI,66360.0,-0.4050328780981285,-0.4050328780981285,96.63,94.1,97.38,93.95,66360,96.63,94.1,97.38,93.95,66360.0,-3.555000000000007,-0.0364
2022-05-19,94.39,95.61,92.99,93.34,FI,17940.0,-0.403199291856348,-0.403199291856348,93.34,94.39,95.61,92.99,17940,93.34,94.39,95.61,92.99,17940.0,0.29000000000000625,0.0031
2022-05-20,95.43,95.56,93.59,95.16,FI,15659.0,-0.3966236722306524,-0.3966236722306524,95.16,95.43,95.56,93.59,15659,95.16,95.43,95.56,93.59,15659.0,1.0400000000000063,0.011
2022-05-24,96.71,98.19,95.77,97.78,FI,46324.0,-0.3885306019221042,-0.3885306019221042,97.78,96.71,98.19,95.77,46324,97.78,96.71,98.19,95.77,46324.0,1.279999999999987,0.0134
2022-05-25,97.48,97.96,96.29,96.59,FI,55880.0,-0.38366211431461805,-0.38366211431461805,96.59,97.48,97.96,96.29,55880,96.59,97.48,97.96,96.29,55880.0,0.7700000000000102,0.008
2022-05-26,99.3,99.84,98.24,98.31,FI,38275.0,-0.372154779969651,-0.372154779969651,98.31,99.3,99.84,98.24,38275,98.31,99.3,99.84,98.24,38275.0,1.8199999999999932,0.0187
2022-05-27,101.27,101.35,99.46,99.94,FI,76626.0,-0.3596990389479009,-0.3596990389479009,99.94,101.27,101.35,99.46,76626,99.94,101.27,101.35,99.46,76626.0,1.9699999999999989,0.0198
2022-05-31,100.09,101.31,99.91,100.54,FI,22050.0,-0.3671598381385938,-0.3671598381385938,100.54,100.09,101.31,99.91,22050,100.54,100.09,101.31,99.91,22050.0,-1.1799999999999926,-0.0117
2022-06-01,99.09,100.6,98.74,100.22,FI,19545.0,-0.37348254931714714,-0.37348254931714714,100.22,99.09,100.6,98.74,19545,100.22,99.09,100.6,98.74,19545.0,-1.0,-0.01
2022-06-02,100.84,100.84,98.09,99.22,FI,13583.0,-0.3624178047546788,-0.3624178047546788,99.22,100.84,100.84,98.09,13583,99.22,100.84,100.84,98.09,13583.0,1.75,0.0177
2022-06-03,99.73,100.37,99.31,100.3,FI,12667.0,-0.369436014162873,-0.369436014162873,100.3,99.73,100.37,99.31,12667,100.3,99.73,100.37,99.31,12667.0,-1.1099999999999994,-0.011
2022-06-06,100.31,102.06,99.9,100.29,FI,20588.0,-0.36576884167931206,-0.36576884167931206,100.29,100.31,102.06,99.9,20588,100.29,100.31,102.06,99.9,20588.0,0.5799999999999983,0.0058
2022-06-07,101.22,101.45,99.28,99.68,FI,12087.0,-0.3600151745068285,-0.3600151745068285,99.68,101.22,101.45,99.28,12087,99.68,101.22,101.45,99.28,12087.0,0.9099999999999966,0.0091
2022-06-08,100.13,101.31,99.8,100.7,FI,21770.0,-0.3669069296914517,-0.3669069296914517,100.7,100.13,101.31,99.8,21770,100.7,100.13,101.31,99.8,21770.0,-1.0900000000000034,-0.0108
2022-06-10,94.38,95.2,93.18,93.73,FI,60885.0,-0.40326251896813353,-0.40326251896813353,93.73,94.38,95.2,93.18,60885,93.73,94.38,95.2,93.18,60885.0,-5.75,-0.0574
2022-06-14,89.89,91.18,89.01,90.45,FI,124409.0,-0.4316514921598381,-0.4316514921598381,90.45,89.89,91.18,89.01,124409,90.45,89.89,91.18,89.01,124409.0,-4.489999999999995,-0.0476
2022-06-15,91.47,93.06,90.12,91.73,FI,210477.0,-0.4216616084977238,-0.4216616084977238,91.73,91.47,93.06,90.12,210477,91.73,91.47,93.06,90.12,210477.0,1.5799999999999983,0.0176
2022-06-16,88.27,89.64,87.14,89.46,FI,117577.0,-0.4418942842690946,-0.4418942842690946,89.46,88.27,89.64,87.14,117577,89.46,88.27,89.64,87.14,117577.0,-3.200000000000003,-0.035
2022-06-17,89.145,89.66,87.82,89.01,FI,144193.0,-0.4363619119878604,-0.4363619119878604,89.01,89.145,89.66,87.82,144193,89.01,89.145,89.66,87.82,144193.0,0.875,0.0099
2022-06-21,89.15,90.43,89.08,90.24,FI,78660.0,-0.4363302984319676,-0.4363302984319676,90.24,89.15,90.43,89.08,78660,90.24,89.15,90.43,89.08,78660.0,0.005000000000009663,0.0001
2022-06-22,89.48,90.35,87.9,88.3,FI,80120.0,-0.434243803743045,-0.434243803743045,88.3,89.48,90.35,87.9,80120,88.3,89.48,90.35,87.9,80120.0,0.3299999999999983,0.0037
2022-06-24,94.09,94.09,90.56,90.56,FI,173202.0,-0.40509610520991396,-0.40509610520991396,90.56,94.09,94.09,90.56,173202,90.56,94.09,94.09,90.56,173202.0,4.609999999999999,0.0515
2022-06-29,91.01,91.02,89.36,90.16,FI,20106.0,-0.42457005563985833,-0.42457005563985833,90.16,91.01,91.02,89.36,20106,90.16,91.01,91.02,89.36,20106.0,-3.0799999999999983,-0.0327
2022-06-30,88.77,90.0,88.02,88.76,FI,24050.0,-0.43873292867981795,-0.43873292867981795,88.76,88.77,90.0,88.02,24050,88.76,88.77,90.0,88.02,24050.0,-2.240000000000009,-0.0246
2022-07-01,92.57,92.9,89.28,89.34,FI,37658.0,-0.41470662620131515,-0.41470662620131515,89.34,92.57,92.9,89.28,37658,89.34,92.57,92.9,89.28,37658.0,3.799999999999997,0.0428
2022-07-05,94.085,94.46,90.92,90.92,FI,41618.0,-0.40512771876580683,-0.40512771876580683,90.92,94.085,94.46,90.92,41618,90.92,94.085,94.46,90.92,41618.0,1.5150000000000006,0.0164
2022-07-06,93.87,94.73,93.2,93.9,FI,41353.0,-0.4064871016691957,-0.4064871016691957,93.9,93.87,94.73,93.2,41353,93.9,93.87,94.73,93.2,41353.0,-0.2149999999999892,-0.0023
2022-07-07,93.39,94.205,92.28,93.78,FI,28667.0,-0.4095220030349013,-0.4095220030349013,93.78,93.39,94.205,92.28,28667,93.78,93.39,94.205,92.28,28667.0,-0.480000000000004,-0.0051
2022-07-08,93.19,93.77,92.16,93.07,FI,15170.0,-0.41078654527061204,-0.41078654527061204,93.07,93.19,93.77,92.16,15170,93.07,93.19,93.77,92.16,15170.0,-0.20000000000000284,-0.0021
2022-07-11,92.58,92.77,91.94,92.54,FI,19673.0,-0.4146433990895296,-0.4146433990895296,92.54,92.58,92.77,91.94,19673,92.54,92.58,92.77,91.94,19673.0,-0.6099999999999994,-0.0065
2022-07-12,92.56,93.94,92.28,92.28,FI,17204.0,-0.4147698533131006,-0.4147698533131006,92.28,92.56,93.94,92.28,17204,92.28,92.56,93.94,92.28,17204.0,-0.01999999999999602,-0.0002
2022-07-13,91.94,92.44,90.55,91.12,FI,25050.0,-0.41868993424380374,-0.41868993424380374,91.12,91.94,92.44,90.55,25050,91.12,91.94,92.44,90.55,25050.0,-0.6200000000000045,-0.0067
2022-07-14,91.66,91.92,89.37,90.23,FI,28238.0,-0.4204602933737987,-0.4204602933737987,90.23,91.66,91.92,89.37,28238,90.23,91.66,91.92,89.37,28238.0,-0.28000000000000114,-0.003
2022-07-15,94.17,94.72,93.35,93.61,FI,41273.0,-0.4045902883156297,-0.4045902883156297,93.61,94.17,94.72,93.35,41273,93.61,94.17,94.72,93.35,41273.0,2.510000000000005,0.0274
2022-07-18,93.91,95.4,93.62,95.0,FI,91453.0,-0.4062341932220536,-0.4062341932220536,95.0,93.91,95.4,93.62,91453,95.0,93.91,95.4,93.62,91453.0,-0.2600000000000051,-0.0028
2022-07-19,97.58,97.74,95.09,95.4,FI,38138.0,-0.38302984319676275,-0.38302984319676275,95.4,97.58,97.74,95.09,38138,95.4,97.58,97.74,95.09,38138.0,3.6700000000000017,0.0391
2022-07-20,97.91,98.01,96.62,97.45,FI,21770.0,-0.3809433485078402,-0.3809433485078402,97.45,97.91,98.01,96.62,21770,97.45,97.91,98.01,96.62,21770.0,0.3299999999999983,0.0034
2022-07-21,99.14,99.23,97.76,98.225,FI,37891.0,-0.3731664137582195,-0.3731664137582195,98.225,99.14,99.23,97.76,37891,98.225,99.14,99.23,97.76,37891.0,1.230000000000004,0.0126
2022-07-22,99.85,100.78,99.05,100.22,FI,33334.0,-0.3686772888214467,-0.3686772888214467,100.22,99.85,100.78,99.05,33334,100.22,99.85,100.78,99.05,33334.0,0.7099999999999937,0.0072
2022-07-25,98.12,99.72,97.59,99.72,FI,24459.0,-0.37961557916034394,-0.37961557916034394,99.72,98.12,99.72,97.59,24459,99.72,98.12,99.72,97.59,24459.0,-1.7299999999999898,-0.0173
2022-07-26,102.17,103.9,98.96,99.02,FI,77063.0,-0.3540085988872028,-0.3540085988872028,99.02,102.17,103.9,98.96,77063,99.02,102.17,103.9,98.96,77063.0,4.049999999999997,0.0413
2022-07-27,104.44,105.31,102.93,102.93,FI,85486.0,-0.3396560445118867,-0.3396560445118867,102.93,104.44,105.31,102.93,85486,102.93,104.44,105.31,102.93,85486.0,2.269999999999996,0.0222
2022-07-28,105.67,105.86,103.53,104.63,FI,39462.0,-0.33187910976226603,-0.33187910976226603,104.63,105.67,105.86,103.53,39462,104.63,105.67,105.86,103.53,39462.0,1.230000000000004,0.0118
2022-07-29,105.65,106.22,104.9,106.0,FI,25452.0,-0.3320055639858371,-0.3320055639858371,106.0,105.65,106.22,104.9,25452,106.0,105.65,106.22,104.9,25452.0,-0.01999999999999602,-0.0002
2022-08-01,106.035,106.76,103.99,103.99,FI,14756.0,-0.32957132018209406,-0.32957132018209406,103.99,106.035,106.76,103.99,14756,103.99,106.035,106.76,103.99,14756.0,0.3849999999999909,0.0036
2022-08-02,106.19,106.45,104.67,105.63,FI,27989.0,-0.3285912999494183,-0.3285912999494183,105.63,106.19,106.45,104.67,27989,105.63,106.19,106.45,104.67,27989.0,0.15500000000000114,0.0015
2022-08-03,108.18,108.56,106.62,106.895,FI,20381.0,-0.31600910470409704,-0.31600910470409704,106.895,108.18,108.56,106.62,20381,106.895,108.18,108.56,106.62,20381.0,1.990000000000009,0.0187
2022-08-04,106.66,107.75,105.76,107.75,FI,38315.0,-0.32561962569549824,-0.32561962569549824,107.75,106.66,107.75,105.76,38315,107.75,106.66,107.75,105.76,38315.0,-1.5200000000000102,-0.0141
2022-08-05,106.04,106.44,104.57,104.57,FI,23194.0,-0.32953970662620125,-0.32953970662620125,104.57,106.04,106.44,104.57,23194,104.57,106.04,106.44,104.57,23194.0,-0.6199999999999903,-0.0058
2022-08-08,104.99,107.07,104.65,107.07,FI,30477.0,-0.33617855336368235,-0.33617855336368235,107.07,104.99,107.07,104.65,30477,107.07,104.99,107.07,104.65,30477.0,-1.0500000000000114,-0.0099
2022-08-09,105.85,105.97,104.7,104.7,FI,23137.0,-0.3307410217501265,-0.3307410217501265,104.7,105.85,105.97,104.7,23137,104.7,105.85,105.97,104.7,23137.0,0.8599999999999994,0.0082
2022-08-10,106.5,107.55,106.28,107.55,FI,24948.0,-0.32663125948406674,-0.32663125948406674,107.55,106.5,107.55,106.28,24948,107.55,106.5,107.55,106.28,24948.0,0.6500000000000057,0.0061
2022-08-11,107.94,108.7,107.5,107.97,FI,24774.0,-0.3175265553869499,-0.3175265553869499,107.97,107.94,108.7,107.5,24774,107.97,107.94,108.7,107.5,24774.0,1.4399999999999977,0.0135
2022-08-12,109.35,109.35,108.415,108.91,FI,14014.0,-0.3086115326251897,-0.3086115326251897,108.91,109.35,109.35,108.415,14014,108.91,109.35,109.35,108.415,14014.0,1.4099999999999966,0.0131
2022-08-15,110.145,110.68,109.53,109.53,FI,12915.0,-0.3035849772382398,-0.3035849772382398,109.53,110.145,110.68,109.53,12915,109.53,110.145,110.68,109.53,12915.0,0.7950000000000017,0.0073
2022-08-16,110.7,110.94,108.91,109.4,FI,149663.0,-0.3000758725341426,-0.3000758725341426,109.4,110.7,110.94,108.91,149663,109.4,110.7,110.94,108.91,149663.0,0.5550000000000068,0.005
2022-08-17,108.69,110.14,108.4,110.02,FI,133171.0,-0.3127845220030349,-0.3127845220030349,110.02,108.69,110.14,108.4,133171,110.02,108.69,110.14,108.4,133171.0,-2.010000000000005,-0.0182
2022-08-18,110.48,110.83,108.215,108.65,FI,135691.0,-0.30146686899342434,-0.30146686899342434,108.65,110.48,110.83,108.215,135691,108.65,110.48,110.83,108.215,135691.0,1.7900000000000063,0.0165
2022-08-19,109.51,110.46,109.48,109.6,FI,137803.0,-0.3075998988366211,-0.3075998988366211,109.6,109.51,110.46,109.48,137803,109.6,109.51,110.46,109.48,137803.0,-0.9699999999999989,-0.0088
2022-08-22,106.64,108.5,106.54,108.06,FI,183493.0,-0.3257460799190693,-0.3257460799190693,108.06,106.64,108.5,106.54,183493,108.06,106.64,108.5,106.54,183493.0,-2.8700000000000045,-0.0262
2022-08-23,106.04,107.54,106.0,106.42,FI,185932.0,-0.32953970662620125,-0.32953970662620125,106.42,106.04,107.54,106.0,185932,106.42,106.04,107.54,106.0,185932.0,-0.5999999999999943,-0.0056
2022-08-24,106.17,106.51,104.81,105.71,FI,140860.0,-0.3287177541729894,-0.3287177541729894,105.71,106.17,106.51,104.81,140860,105.71,106.17,106.51,104.81,140860.0,0.12999999999999545,0.0012
2022-08-25,107.27,107.27,105.8,106.67,FI,160911.0,-0.3217627718765807,-0.3217627718765807,106.67,107.27,107.27,105.8,160911,106.67,107.27,107.27,105.8,160911.0,1.0999999999999943,0.0104
2022-08-26,103.88,107.68,103.73,107.57,FI,170946.0,-0.3431967627718766,-0.3431967627718766,107.57,103.88,107.68,103.73,170946,107.57,103.88,107.68,103.73,170946.0,-3.3900000000000006,-0.0316
2022-08-29,103.29,103.95,102.84,102.94,FI,200778.0,-0.346927162367223,-0.346927162367223,102.94,103.29,103.95,102.84,200778,102.94,103.29,103.95,102.84,200778.0,-0.5899999999999892,-0.0057
2022-08-30,101.91,103.54,101.41,103.29,FI,177565.0,-0.35565250379362673,-0.35565250379362673,103.29,101.91,103.54,101.41,177565,103.29,101.91,103.54,101.41,177565.0,-1.3800000000000097,-0.0134
2022-08-31,101.25,102.87,100.68,102.84,FI,215116.0,-0.3598254931714719,-0.3598254931714719,102.84,101.25,102.87,100.68,215116,102.84,101.25,102.87,100.68,215116.0,-0.6599999999999966,-0.0065
2022-09-01,103.57,103.57,100.65,100.9,FI,274926.0,-0.34515680323722814,-0.34515680323722814,100.9,103.57,103.57,100.65,274926,100.9,103.57,103.57,100.65,274926.0,2.319999999999993,0.0229
2022-09-02,101.32,104.99,100.86,104.99,FI,198488.0,-0.3593829033889732,-0.3593829033889732,104.99,101.32,104.99,100.86,198488,104.99,101.32,104.99,100.86,198488.0,-2.25,-0.0217
2022-09-06,104.12,104.53,101.75,102.15,FI,322668.0,-0.34167931208902375,-0.34167931208902375,102.15,104.12,104.53,101.75,322668,102.15,104.12,104.53,101.75,322668.0,2.8000000000000114,0.0276
2022-09-07,105.74,106.06,104.3,104.3,FI,186355.0,-0.33143651997976736,-0.33143651997976736,104.3,105.74,106.06,104.3,186355,104.3,105.74,106.06,104.3,186355.0,1.6199999999999903,0.0156
2022-09-08,105.79,106.0,103.95,104.84,FI,162672.0,-0.3311203844208396,-0.3311203844208396,104.84,105.79,106.0,103.95,162672,104.84,105.79,106.0,103.95,162672.0,0.05000000000001137,0.0005
2022-09-09,106.46,106.67,105.33,105.61,FI,292498.0,-0.32688416793120895,-0.32688416793120895,105.61,106.46,106.67,105.33,292498,105.61,106.46,106.67,105.33,292498.0,0.6699999999999875,0.0063
2022-09-12,109.09,109.15,107.195,107.2,FI,336847.0,-0.3102554375316135,-0.3102554375316135,107.2,109.09,109.15,107.195,336847,107.2,109.09,109.15,107.195,336847.0,2.6300000000000097,0.0247
2022-09-13,105.93,108.25,105.73,106.62,FI,374606.0,-0.3302352048558421,-0.3302352048558421,106.62,105.93,108.25,105.73,374606,106.62,105.93,108.25,105.73,374606.0,-3.1599999999999966,-0.029
2022-09-14,105.97,106.98,104.97,106.23,FI,292316.0,-0.3299822964087,-0.3299822964087,106.23,105.97,106.98,104.97,292316,106.23,105.97,106.98,104.97,292316.0,0.03999999999999204,0.0004
2022-09-15,104.59,106.84,104.03,105.29,FI,327266.0,-0.33870763783510366,-0.33870763783510366,105.29,104.59,106.84,104.03,327266,105.29,104.59,106.84,104.03,327266.0,-1.3799999999999955,-0.013
2022-09-16,103.59,103.94,102.16,103.19,FI,360128.0,-0.34503034901365703,-0.34503034901365703,103.19,103.59,103.94,102.16,360128,103.19,103.59,103.94,102.16,360128.0,-1.0,-0.0096
2022-09-19,103.65,103.73,101.98,102.55,FI,206633.0,-0.3446509863429438,-0.3446509863429438,102.55,103.65,103.73,101.98,206633,102.55,103.65,103.73,101.98,206633.0,0.060000000000002274,0.0006
2022-09-20,102.18,102.94,101.49,102.94,FI,53762.0,-0.35394537177541724,-0.35394537177541724,102.94,102.18,102.94,101.49,53762,102.94,102.18,102.94,101.49,53762.0,-1.4699999999999989,-0.0142
2022-09-21,99.63,103.17,99.63,103.04,FI,142391.0,-0.3700682852807284,-0.3700682852807284,103.04,99.63,103.17,99.63,142391,103.04,99.63,103.17,99.63,142391.0,-2.5500000000000114,-0.025
2022-09-22,98.8,99.39,97.96,99.13,FI,116454.0,-0.3753161355589277,-0.3753161355589277,99.13,98.8,99.39,97.96,116454,99.13,98.8,99.39,97.96,116454.0,-0.8299999999999983,-0.0083
2022-09-23,97.98,98.22,96.77,98.1,FI,78724.0,-0.3805007587253414,-0.3805007587253414,98.1,97.98,98.22,96.77,78724,98.1,97.98,98.22,96.77,78724.0,-0.8199999999999932,-0.0083
2022-09-27,95.14,97.32,94.05,97.04,FI,75720.0,-0.39845725847243296,-0.39845725847243296,97.04,95.14,97.32,94.05,75720,97.04,95.14,97.32,94.05,75720.0,-2.8400000000000034,-0.029
2022-09-28,96.18,96.76,93.95,95.62,FI,109902.0,-0.39188163884673743,-0.39188163884673743,95.62,96.18,96.76,93.95,109902,95.62,96.18,96.76,93.95,109902.0,1.0400000000000063,0.0109
2022-09-29,94.89,95.84,93.98,95.84,FI,42701.0,-0.4000379362670713,-0.4000379362670713,95.84,94.89,95.84,93.98,42701,95.84,94.89,95.84,93.98,42701.0,-1.2900000000000063,-0.0134
2022-09-30,93.56,95.73,93.56,95.2,FI,63317.0,-0.40844714213454725,-0.40844714213454725,95.2,93.56,95.73,93.56,63317,95.2,93.56,95.73,93.56,63317.0,-1.3299999999999983,-0.014
2022-10-04,98.72,98.98,96.73,96.83,FI,52346.0,-0.3758219524532119,-0.3758219524532119,96.83,98.72,98.98,96.73,52346,96.83,98.72,98.98,96.73,52346.0,5.159999999999997,0.0552
2022-10-05,100.41,101.005,97.84,97.84,FI,52372.0,-0.36513657056145676,-0.36513657056145676,97.84,100.41,101.005,97.84,52372,97.84,100.41,101.005,97.84,52372.0,1.6899999999999977,0.0171
2022-10-06,99.07,100.77,98.9,100.05,FI,72815.0,-0.3736090035407183,-0.3736090035407183,100.05,99.07,100.77,98.9,72815,100.05,99.07,100.77,98.9,72815.0,-1.3400000000000034,-0.0133
2022-10-07,98.73,98.99,97.64,98.53,FI,48810.0,-0.37575872534142635,-0.37575872534142635,98.53,98.73,98.99,97.64,48810,98.53,98.73,98.99,97.64,48810.0,-0.3399999999999892,-0.0034
2022-10-10,98.43,99.03,97.21,98.7,FI,94912.0,-0.37765553869499235,-0.37765553869499235,98.7,98.43,99.03,97.21,94912,98.7,98.43,99.03,97.21,94912.0,-0.29999999999999716,-0.003
2022-10-11,95.41,98.03,94.63,97.99,FI,70353.0,-0.3967501264542236,-0.3967501264542236,97.99,95.41,98.03,94.63,70353,97.99,95.41,98.03,94.63,70353.0,-3.0200000000000102,-0.0307
2022-10-12,93.65,95.32,93.65,94.46,FI,40437.0,-0.4078780981284774,-0.4078780981284774,94.46,93.65,95.32,93.65,40437,94.46,93.65,95.32,93.65,40437.0,-1.759999999999991,-0.0184
2022-10-13,95.65,96.07,91.72,92.0,FI,104426.0,-0.3952326757713707,-0.3952326757713707,92.0,95.65,96.07,91.72,104426,92.0,95.65,96.07,91.72,104426.0,2.0,0.0214
2022-10-14,94.05,96.54,94.005,96.54,FI,40961.0,-0.40534901365705617,-0.40534901365705617,96.54,94.05,96.54,94.005,40961,96.54,94.05,96.54,94.005,40961.0,-1.6000000000000085,-0.0167
2022-10-17,97.32,97.44,96.3,96.63,FI,38459.0,-0.38467374810318666,-0.38467374810318666,96.63,97.32,97.44,96.3,38459,96.63,97.32,97.44,96.3,38459.0,3.269999999999996,0.0348
2022-10-18,97.1,99.04,96.04,99.04,FI,76554.0,-0.3860647445624684,-0.3860647445624684,99.04,97.1,99.04,96.04,76554,99.04,97.1,99.04,96.04,76554.0,-0.21999999999999886,-0.0023
2022-10-19,96.24,96.8,95.13,95.52,FI,93702.0,-0.3915022761760243,-0.3915022761760243,95.52,96.24,96.8,95.13,93702,95.52,96.24,96.8,95.13,93702.0,-0.8599999999999994,-0.0089
2022-10-20,95.09,96.6,94.52,96.57,FI,37883.0,-0.39877339403136064,-0.39877339403136064,96.57,95.09,96.6,94.52,37883,96.57,95.09,96.6,94.52,37883.0,-1.1499999999999915,-0.0119
2022-10-21,96.78,96.86,94.06,94.54,FI,57140.0,-0.3880880121396054,-0.3880880121396054,94.54,96.78,96.86,94.06,57140,94.54,96.78,96.86,94.06,57140.0,1.6899999999999977,0.0178
2022-10-25,100.04,100.6,98.065,98.13,FI,66208.0,-0.36747597369752144,-0.36747597369752144,98.13,100.04,100.6,98.065,66208,98.13,100.04,100.6,98.065,66208.0,3.260000000000005,0.0337
2022-10-26,101.76,102.64,101.12,101.15,FI,215124.0,-0.35660091047040965,-0.35660091047040965,101.15,101.76,102.64,101.12,215124,101.15,101.76,102.64,101.12,215124.0,1.7199999999999989,0.0172
2022-10-27,98.765,100.215,95.49,96.01,FI,102743.0,-0.375537430450177,-0.375537430450177,96.01,98.765,100.215,95.49,102743,96.01,98.765,100.215,95.49,102743.0,-2.9950000000000045,-0.0294
2022-10-28,102.59,103.45,99.68,99.68,FI,107693.0,-0.3513530601922104,-0.3513530601922104,99.68,102.59,103.45,99.68,107693,99.68,102.59,103.45,99.68,107693.0,3.825000000000003,0.0387
2022-10-31,102.78,103.46,100.98,102.63,FI,140532.0,-0.3501517450682853,-0.3501517450682853,102.63,102.78,103.46,100.98,140532,102.63,102.78,103.46,100.98,140532.0,0.18999999999999773,0.0019
2022-11-01,104.03,104.48,102.71,103.49,FI,145618.0,-0.3422483560950936,-0.3422483560950936,103.49,104.03,104.48,102.71,145618,103.49,104.03,104.48,102.71,145618.0,1.25,0.0122
2022-11-02,100.56,104.96,100.47,104.1,FI,63849.0,-0.36418816388467373,-0.36418816388467373,104.1,100.56,104.96,100.47,63849,104.1,100.56,104.96,100.47,63849.0,-3.469999999999999,-0.0334
2022-11-03,94.565,99.72,94.34,99.72,FI,162723.0,-0.40209281740010117,-0.40209281740010117,99.72,94.565,99.72,94.34,162723,99.72,94.565,99.72,94.34,162723.0,-5.9950000000000045,-0.0596
2022-11-04,94.31,95.82,92.88,95.77,FI,128171.0,-0.40370510875063226,-0.40370510875063226,95.77,94.31,95.82,92.88,128171,95.77,94.31,95.82,92.88,128171.0,-0.25499999999999545,-0.0027
2022-11-07,96.4,96.55,94.72,95.61,FI,85909.0,-0.3904906423874557,-0.3904906423874557,95.61,96.4,96.55,94.72,85909,95.61,96.4,96.55,94.72,85909.0,2.0900000000000034,0.0222
2022-11-08,98.445,99.94,96.03,96.57,FI,118015.0,-0.3775606980273141,-0.3775606980273141,96.57,98.445,99.94,96.03,118015,96.57,98.445,99.94,96.03,118015.0,2.0449999999999875,0.0212
2022-11-09,96.26,97.96,96.14,97.89,FI,33662.0,-0.3913758219524532,-0.3913758219524532,97.89,96.26,97.96,96.14,33662,97.89,96.26,97.96,96.14,33662.0,-2.184999999999988,-0.0222
2022-11-10,100.99,101.94,99.92,101.11,FI,65349.0,-0.3614693980778958,-0.3614693980778958,101.11,100.99,101.94,99.92,65349,101.11,100.99,101.94,99.92,65349.0,4.72999999999999,0.0491
2022-11-11,100.45,101.7,100.01,101.3,FI,46513.0,-0.3648836621143146,-0.3648836621143146,101.3,100.45,101.7,100.01,46513,101.3,100.45,101.7,100.01,46513.0,-0.539999999999992,-0.0053
2022-11-14,100.01,102.33,99.81,99.81,FI,32304.0,-0.36766565503287807,-0.36766565503287807,99.81,100.01,102.33,99.81,32304,99.81,100.01,102.33,99.81,32304.0,-0.4399999999999977,-0.0044
2022-11-15,100.38,102.375,99.47,102.36,FI,46960.0,-0.3653262518968134,-0.3653262518968134,102.36,100.38,102.375,99.47,46960,102.36,100.38,102.375,99.47,46960.0,0.36999999999999034,0.0037
2022-11-16,99.99,101.2,99.65,100.51,FI,30307.0,-0.3677921092564492,-0.3677921092564492,100.51,99.99,101.2,99.65,30307,100.51,99.99,101.2,99.65,30307.0,-0.39000000000000057,-0.0039
2022-11-17,98.55,99.04,97.96,98.53,FI,103042.0,-0.376896813353566,-0.376896813353566,98.53,98.55,99.04,97.96,103042,98.53,98.55,99.04,97.96,103042.0,-1.4399999999999977,-0.0144
2022-11-18,99.8,100.86,98.43,100.63,FI,47185.0,-0.3689934243803743,-0.3689934243803743,100.63,99.8,100.86,98.43,47185,100.63,99.8,100.86,98.43,47185.0,1.25,0.0127
2022-11-21,99.36,100.49,99.01,100.3,FI,42400.0,-0.37177541729893776,-0.37177541729893776,100.3,99.36,100.49,99.01,42400,100.3,99.36,100.49,99.01,42400.0,-0.4399999999999977,-0.0044
2022-11-22,101.0,101.11,99.01,100.1,FI,24002.0,-0.3614061709661103,-0.3614061709661103,100.1,101.0,101.11,99.01,24002,100.1,101.0,101.11,99.01,24002.0,1.6400000000000006,0.0165
2022-11-23,102.03,102.38,100.93,100.93,FI,22734.0,-0.35489377845220027,-0.35489377845220027,100.93,102.03,102.38,100.93,22734,100.93,102.03,102.38,100.93,22734.0,1.0300000000000011,0.0102
2022-11-25,102.5,103.46,102.17,102.3,FI,12935.0,-0.3519221041982802,-0.3519221041982802,102.3,102.5,103.46,102.17,12935,102.3,102.5,103.46,102.17,12935.0,0.46999999999999886,0.0046
2022-11-28,101.82,102.81,101.48,102.81,FI,60648.0,-0.35622154779969656,-0.35622154779969656,102.81,101.82,102.81,101.48,60648,102.81,101.82,102.81,101.48,60648.0,-0.6800000000000068,-0.0066
2022-11-29,101.48,102.73,101.24,101.84,FI,77945.0,-0.3583712696004046,-0.3583712696004046,101.84,101.48,102.73,101.24,77945,101.84,101.48,102.73,101.24,77945.0,-0.3399999999999892,-0.0033
2022-11-30,104.36,104.97,100.94,101.91,FI,112287.0,-0.34016186140617094,-0.34016186140617094,101.91,104.36,104.97,100.94,112287,101.91,104.36,104.97,100.94,112287.0,2.8799999999999955,0.0284
2022-12-02,105.44,105.78,103.57,103.88,FI,50333.0,-0.3333333333333333,-0.3333333333333333,103.88,105.44,105.78,103.57,50333,103.88,105.44,105.78,103.57,50333.0,1.0799999999999983,0.0103
2022-12-05,102.25,104.61,101.66,104.56,FI,42434.0,-0.35350278199291857,-0.35350278199291857,104.56,102.25,104.61,101.66,42434,104.56,102.25,104.61,101.66,42434.0,-3.1899999999999977,-0.0303
2022-12-06,100.28,102.47,100.05,102.47,FI,17086.0,-0.3659585230146687,-0.3659585230146687,102.47,100.28,102.47,100.05,17086,102.47,100.28,102.47,100.05,17086.0,-1.9699999999999989,-0.0193
2022-12-07,100.48,101.09,99.69,99.85,FI,31387.0,-0.364693980778958,-0.364693980778958,99.85,100.48,101.09,99.69,31387,99.85,100.48,101.09,99.69,31387.0,0.20000000000000284,0.002
2022-12-08,101.43,102.045,100.76,100.88,FI,20141.0,-0.3586874051593323,-0.3586874051593323,100.88,101.43,102.045,100.76,20141,100.88,101.43,102.045,100.76,20141.0,0.9500000000000028,0.0095
2022-12-09,100.625,101.71,100.59,101.64,FI,14768.0,-0.36377718765806777,-0.36377718765806777,101.64,100.625,101.71,100.59,14768,101.64,100.625,101.71,100.59,14768.0,-0.8050000000000068,-0.0079
2022-12-12,102.435,102.64,100.73,100.73,FI,20588.0,-0.35233308042488615,-0.35233308042488615,100.73,102.435,102.64,100.73,20588,100.73,102.435,102.64,100.73,20588.0,1.8100000000000023,0.018
2022-12-13,101.52,105.18,100.61,104.79,FI,45097.0,-0.3581183611532625,-0.3581183611532625,104.79,101.52,105.18,100.61,45097,104.79,101.52,105.18,100.61,45097.0,-0.9150000000000063,-0.0089
2022-12-14,101.965,103.78,101.01,102.23,FI,44932.0,-0.35530475467880623,-0.35530475467880623,102.23,101.965,103.78,101.01,44932,102.23,101.965,103.78,101.01,44932.0,0.4450000000000074,0.0044
2022-12-15,98.4,100.23,98.17,100.18,FI,29481.0,-0.377845220030349,-0.377845220030349,100.18,98.4,100.23,98.17,29481,100.18,98.4,100.23,98.17,29481.0,-3.5649999999999977,-0.035
2022-12-20,99.66,100.04,98.76,98.94,FI,70080.0,-0.3698786039453718,-0.3698786039453718,98.94,99.66,100.04,98.76,70080,98.94,99.66,100.04,98.76,70080.0,1.259999999999991,0.0128
2022-12-21,101.13,101.88,100.33,100.49,FI,72630.0,-0.36058421851289835,-0.36058421851289835,100.49,101.13,101.88,100.33,72630,100.49,101.13,101.88,100.33,72630.0,1.4699999999999989,0.0148
2022-12-22,99.5,101.07,97.84,101.01,FI,54380.0,-0.3708902377339403,-0.3708902377339403,101.01,99.5,101.07,97.84,54380,101.01,99.5,101.07,97.84,54380.0,-1.6299999999999955,-0.0161
2022-12-23,100.34,100.67,99.07,99.36,FI,45957.0,-0.36557916034395543,-0.36557916034395543,99.36,100.34,100.67,99.07,45957,99.36,100.34,100.67,99.07,45957.0,0.8400000000000034,0.0084
2022-12-27,100.83,101.15,100.1,100.8,FI,53451.0,-0.36248103186646435,-0.36248103186646435,100.8,100.83,101.15,100.1,53451,100.8,100.83,101.15,100.1,53451.0,0.4899999999999949,0.0049
2022-12-28,99.94,101.74,99.94,100.91,FI,47241.0,-0.36810824481537685,-0.36810824481537685,100.91,99.94,101.74,99.94,47241,100.91,99.94,101.74,99.94,47241.0,-0.8900000000000006,-0.0088
2022-12-29,101.57,102.01,100.22,100.325,FI,39815.0,-0.3578022255943349,-0.3578022255943349,100.325,101.57,102.01,100.22,39815,100.325,101.57,102.01,100.22,39815.0,1.6299999999999955,0.0163
2022-12-30,101.05,101.07,99.84,100.54,FI,14438.0,-0.3610900354071826,-0.3610900354071826,100.54,101.05,101.07,99.84,14438,100.54,101.05,101.07,99.84,14438.0,-0.519999999999996,-0.0051
2023-01-03,101.16,102.66,100.44,101.93,FI,54065.0,-0.3603945371775417,-0.3603945371775417,101.93,101.16,102.66,100.44,54065,101.93,101.16,102.66,100.44,54065.0,0.10999999999999943,0.0011
2023-01-04,102.045,102.99,101.28,102.05,FI,61107.0,-0.354798937784522,-0.354798937784522,102.05,102.045,102.99,101.28,61107,102.05,102.045,102.99,101.28,61107.0,0.8850000000000051,0.0087
2023-01-05,99.42,101.23,98.86,101.23,FI,98709.0,-0.37139605462822456,-0.37139605462822456,101.23,99.42,101.23,98.86,98709,101.23,99.42,101.23,98.86,98709.0,-2.625,-0.0257
2023-01-06,102.15,102.73,99.89,100.715,FI,62612.0,-0.35413505311077387,-0.35413505311077387,100.715,102.15,102.73,99.89,62612,100.715,102.15,102.73,99.89,62612.0,2.730000000000004,0.0275
2023-01-09,102.09,102.57,100.45,100.89,FI,67190.0,-0.35451441578148707,-0.35451441578148707,100.89,102.09,102.57,100.45,67190,100.89,102.09,102.57,100.45,67190.0,-0.060000000000002274,-0.0006
2023-01-10,100.975,102.09,100.18,101.28,FI,86527.0,-0.36156423874557414,-0.36156423874557414,101.28,100.975,102.09,100.18,86527,101.28,100.975,102.09,100.18,86527.0,-1.115000000000009,-0.0109
2023-01-11,101.515,101.515,100.18,101.29,FI,62241.0,-0.35814997470915527,-0.35814997470915527,101.29,101.515,101.515,100.18,62241,101.29,101.515,101.515,100.18,62241.0,0.5400000000000063,0.0053
2023-01-12,102.37,102.57,101.13,101.34,FI,60671.0,-0.3527440566514921,-0.3527440566514921,101.34,102.37,102.57,101.13,60671,101.34,102.37,102.57,101.13,60671.0,0.855000000000004,0.0084
2023-01-13,102.52,102.77,101.44,102.28,FI,75844.0,-0.3517956499747092,-0.3517956499747092,102.28,102.52,102.77,101.44,75844,102.28,102.52,102.77,101.44,75844.0,0.14999999999999147,0.0015
2023-01-17,103.95,104.08,102.92,103.18,FI,66873.0,-0.3427541729893778,-0.3427541729893778,103.18,103.95,104.08,102.92,66873,103.18,103.95,104.08,102.92,66873.0,1.4300000000000068,0.0139
2023-01-18,103.23,105.06,103.22,104.74,FI,58536.0,-0.34730652503793624,-0.34730652503793624,104.74,103.23,105.06,103.22,58536,104.74,103.23,105.06,103.22,58536.0,-0.7199999999999989,-0.0069
2023-01-20,104.01,104.15,101.68,102.04,FI,64506.0,-0.3423748103186646,-0.3423748103186646,102.04,104.01,104.15,101.68,64506,102.04,104.01,104.15,101.68,64506.0,0.7800000000000011,0.0076
2023-01-23,105.53,106.3,104.225,104.225,FI,65325.0,-0.3327642893272635,-0.3327642893272635,104.225,105.53,106.3,104.225,65325,104.225,105.53,106.3,104.225,65325.0,1.519999999999996,0.0146
2023-01-24,103.75,105.495,103.61,105.46,FI,55916.0,-0.3440187152250885,-0.3440187152250885,105.46,103.75,105.495,103.61,55916,105.46,103.75,105.495,103.61,55916.0,-1.7800000000000011,-0.0169
2023-01-25,104.39,104.5,101.76,102.48,FI,50795.0,-0.33997218007081437,-0.33997218007081437,102.48,104.39,104.5,101.76,50795,102.48,104.39,104.5,101.76,50795.0,0.6400000000000006,0.0062
2023-01-26,106.14,106.26,104.49,105.27,FI,56070.0,-0.32890743550834595,-0.32890743550834595,105.27,106.14,106.26,104.49,56070,105.27,106.14,106.26,104.49,56070.0,1.75,0.0168
2023-01-27,106.525,107.12,106.15,106.24,FI,60665.0,-0.32647319170460287,-0.32647319170460287,106.24,106.525,107.12,106.15,60665,106.24,106.525,107.12,106.15,60665.0,0.3850000000000051,0.0036
2023-01-30,105.72,106.72,105.45,105.73,FI,76322.0,-0.3315629742033384,-0.3315629742033384,105.73,105.72,106.72,105.45,76322,105.73,105.72,106.72,105.45,76322.0,-0.8050000000000068,-0.0076
2023-01-31,106.64,106.64,105.82,106.09,FI,49285.0,-0.3257460799190693,-0.3257460799190693,106.09,106.64,106.64,105.82,49285,106.09,106.64,106.64,105.82,49285.0,0.9200000000000017,0.0087
2023-02-01,108.14,108.56,105.74,106.27,FI,58684.0,-0.31626201315123925,-0.31626201315123925,106.27,108.14,108.56,105.74,58684,106.27,108.14,108.56,105.74,58684.0,1.5,0.0141
2023-02-02,107.59,110.0,107.36,108.64,FI,77876.0,-0.3197395042994436,-0.3197395042994436,108.64,107.59,110.0,107.36,77876,108.64,107.59,110.0,107.36,77876.0,-0.5499999999999972,-0.0051
2023-02-03,106.59,107.03,105.2,106.35,FI,76824.0,-0.3260622154779969,-0.3260622154779969,106.35,106.59,107.03,105.2,76824,106.35,106.59,107.03,105.2,76824.0,-1.0,-0.0093
2023-02-06,106.4,106.59,105.63,106.01,FI,80781.0,-0.32726353060192204,-0.32726353060192204,106.01,106.4,106.59,105.63,80781,106.01,106.4,106.59,105.63,80781.0,-0.18999999999999773,-0.0018
2023-02-07,115.43,115.43,109.59,109.59,FI,126591.0,-0.2701694486595852,-0.2701694486595852,109.59,115.43,115.43,109.59,126591,109.59,115.43,115.43,109.59,126591.0,9.030000000000001,0.0849
2023-02-08,115.91,116.96,114.97,115.44,FI,83769.0,-0.26713454729387964,-0.26713454729387964,115.44,115.91,116.96,114.97,83769,115.44,115.91,116.96,114.97,83769.0,0.47999999999998977,0.0042
2023-02-09,116.525,117.4,115.78,116.95,FI,92143.0,-0.26324607991906923,-0.26324607991906923,116.95,116.525,117.4,115.78,92143,116.95,116.525,117.4,115.78,92143.0,0.6150000000000091,0.0053
2023-02-10,115.62,116.57,114.86,116.56,FI,65418.0,-0.26896813353566007,-0.26896813353566007,116.56,115.62,116.57,114.86,65418,116.56,115.62,116.57,114.86,65418.0,-0.9050000000000011,-0.0078
2023-02-13,116.48,116.64,114.26,114.26,FI,48703.0,-0.26353060192210415,-0.26353060192210415,114.26,116.48,116.64,114.26,48703,114.26,116.48,116.64,114.26,48703.0,0.8599999999999994,0.0074
2023-02-14,116.01,117.13,115.28,115.28,FI,54058.0,-0.26650227617602423,-0.26650227617602423,115.28,116.01,117.13,115.28,54058,115.28,116.01,117.13,115.28,54058.0,-0.46999999999999886,-0.004
2023-02-15,117.69,118.0,115.23,115.23,FI,56076.0,-0.25588012139605465,-0.25588012139605465,115.23,117.69,118.0,115.23,56076,115.23,117.69,118.0,115.23,56076.0,1.6799999999999926,0.0145
2023-02-16,115.87,118.02,115.87,116.19,FI,34047.0,-0.2673874557410217,-0.2673874557410217,116.19,115.87,118.02,115.87,34047,116.19,115.87,118.02,115.87,34047.0,-1.8199999999999932,-0.0155
2023-02-17,115.33,115.87,114.74,115.5,FI,338037.0,-0.27080171977744055,-0.27080171977744055,115.5,115.33,115.87,114.74,338037,115.5,115.33,115.87,114.74,338037.0,-0.5400000000000063,-0.0047
2023-02-21,113.77,115.31,113.755,114.59,FI,390280.0,-0.28066514921598384,-0.28066514921598384,114.59,113.77,115.31,113.755,390280,114.59,113.77,115.31,113.755,390280.0,-1.5600000000000023,-0.0135
2023-02-22,113.05,114.29,112.77,114.14,FI,393027.0,-0.28521750126454226,-0.28521750126454226,114.14,113.05,114.29,112.77,393027,114.14,113.05,114.29,112.77,393027.0,-0.7199999999999989,-0.0063
2023-02-23,116.545,116.99,114.19,114.77,FI,453357.0,-0.2631196256954982,-0.2631196256954982,114.77,116.545,116.99,114.19,453357,114.77,116.545,116.99,114.19,453357.0,3.4950000000000045,0.0309
2023-02-24,114.405,115.22,114.23,114.75,FI,391165.0,-0.2766502276176024,-0.2766502276176024,114.75,114.405,115.22,114.23,391165,114.75,114.405,115.22,114.23,391165.0,-2.1400000000000006,-0.0184
2023-02-27,114.73,115.61,114.44,115.21,FI,44723.0,-0.27459534648457257,-0.27459534648457257,115.21,114.73,115.61,114.44,44723,115.21,114.73,115.61,114.44,44723.0,0.32500000000000284,0.0028
2023-02-28,115.155,116.1,114.91,114.97,FI,25367.0,-0.2719081942336874,-0.2719081942336874,114.97,115.155,116.1,114.91,25367,114.97,115.155,116.1,114.91,25367.0,0.42499999999999716,0.0037
2023-03-01,115.8,115.84,113.95,115.26,FI,42482.0,-0.26783004552352047,-0.26783004552352047,115.26,115.8,115.84,113.95,42482,115.26,115.8,115.84,113.95,42482.0,0.644999999999996,0.0056
2023-03-02,117.035,117.56,115.54,116.3,FI,70193.0,-0.2600214972180071,-0.2600214972180071,116.3,117.035,117.56,115.54,70193,116.3,117.035,117.56,115.54,70193.0,1.2349999999999994,0.0107
2023-03-03,118.25,118.25,117.14,117.36,FI,29197.0,-0.25233940313606473,-0.25233940313606473,117.36,118.25,118.25,117.14,29197,117.36,118.25,118.25,117.14,29197.0,1.2150000000000034,0.0104
2023-03-06,118.08,119.36,118.01,118.5,FI,23051.0,-0.2534142640364188,-0.2534142640364188,118.5,118.08,119.36,118.01,23051,118.5,118.08,119.36,118.01,23051.0,-0.1700000000000017,-0.0014
2023-03-07,117.24,118.58,116.94,118.1,FI,13898.0,-0.25872534142640363,-0.25872534142640363,118.1,117.24,118.58,116.94,13898,118.1,117.24,118.58,116.94,13898.0,-0.8400000000000034,-0.0071
2023-03-08,117.04,117.565,116.81,117.33,FI,16944.0,-0.2599898836621143,-0.2599898836621143,117.33,117.04,117.565,116.81,16944,117.33,117.04,117.565,116.81,16944.0,-0.19999999999998863,-0.0017
2023-03-09,115.43,118.3,115.41,117.83,FI,20218.0,-0.2701694486595852,-0.2701694486595852,117.83,115.43,118.3,115.41,20218,117.83,115.43,118.3,115.41,20218.0,-1.6099999999999994,-0.0138
2023-03-10,111.76,114.64,110.94,114.56,FI,112897.0,-0.293373798684876,-0.293373798684876,114.56,111.76,114.64,110.94,112897,114.56,111.76,114.64,110.94,112897.0,-3.6700000000000017,-0.0318
2023-03-13,104.24,110.03,103.99,109.86,FI,156115.0,-0.3409205867475974,-0.3409205867475974,109.86,104.24,110.03,103.99,156115,109.86,104.24,110.03,103.99,156115.0,-7.52000000000001,-0.0673
2023-03-14,110.53,112.27,108.37,108.37,FI,85285.0,-0.30115073343449666,-0.30115073343449666,108.37,110.53,112.27,108.37,85285,108.37,110.53,112.27,108.37,85285.0,6.290000000000006,0.0603
2023-03-15,109.03,109.62,107.29,107.62,FI,112387.0,-0.31063480020232676,-0.31063480020232676,107.62,109.03,109.62,107.29,112387,107.62,109.03,109.62,107.29,112387.0,-1.5,-0.0136
2023-03-16,109.44,109.73,106.56,108.08,FI,96365.0,-0.30804248861911987,-0.30804248861911987,108.08,109.44,109.73,106.56,96365,108.08,109.44,109.73,106.56,96365.0,0.4099999999999966,0.0038
2023-03-17,108.16,110.05,107.92,108.68,FI,49753.0,-0.3161355589276682,-0.3161355589276682,108.68,108.16,110.05,107.92,49753,108.68,108.16,110.05,107.92,49753.0,-1.2800000000000011,-0.0117
2023-03-20,110.685,111.06,108.445,108.445,FI,57458.0,-0.3001707132018209,-0.3001707132018209,108.445,110.685,111.06,108.445,57458,108.445,110.685,111.06,108.445,57458.0,2.5250000000000057,0.0233
2023-03-21,112.95,113.89,111.76,113.89,FI,77320.0,-0.28584977238239756,-0.28584977238239756,113.89,112.95,113.89,111.76,77320,113.89,112.95,113.89,111.76,77320.0,2.2650000000000006,0.0205
2023-03-22,111.36,114.295,111.34,112.59,FI,34424.0,-0.2959028831562974,-0.2959028831562974,112.59,111.36,114.295,111.34,34424,112.59,111.36,114.295,111.34,34424.0,-1.5900000000000034,-0.0141
2023-03-23,111.15,113.31,110.45,111.33,FI,52240.0,-0.2972306525037936,-0.2972306525037936,111.33,111.15,113.31,110.45,52240,111.33,111.15,113.31,110.45,52240.0,-0.20999999999999375,-0.0019
2023-03-24,112.55,112.635,109.61,109.93,FI,54104.0,-0.2883788568538189,-0.2883788568538189,109.93,112.55,112.635,109.61,54104,109.93,112.55,112.635,109.61,54104.0,1.3999999999999915,0.0126
2023-03-27,111.7,113.82,111.67,113.82,FI,45144.0,-0.29375316135558927,-0.29375316135558927,113.82,111.7,113.82,111.67,45144,113.82,111.7,113.82,111.67,45144.0,-0.8499999999999943,-0.0076
2023-03-28,111.24,111.51,110.7,111.15,FI,59695.0,-0.2966616084977238,-0.2966616084977238,111.15,111.24,111.51,110.7,59695,111.15,111.24,111.51,110.7,59695.0,-0.46000000000000796,-0.0041
2023-03-29,111.81,112.32,111.25,111.62,FI,25764.0,-0.2930576631259484,-0.2930576631259484,111.62,111.81,112.32,111.25,25764,111.62,111.81,112.32,111.25,25764.0,0.5700000000000074,0.0051
2023-03-30,112.995,113.64,112.55,112.75,FI,37397.0,-0.28556525037936265,-0.28556525037936265,112.75,112.995,113.64,112.55,37397,112.75,112.995,113.64,112.55,37397.0,1.1850000000000023,0.0106
2023-03-31,113.07,113.77,112.62,113.77,FI,124972.0,-0.2850910470409712,-0.2850910470409712,113.77,113.07,113.77,112.62,124972,113.77,113.07,113.77,112.62,124972.0,0.07499999999998863,0.0007
2023-04-03,112.81,113.09,111.93,112.68,FI,63883.0,-0.286734951947395,-0.286734951947395,112.68,112.81,113.09,111.93,63883,112.68,112.81,113.09,111.93,63883.0,-0.2599999999999909,-0.0023
2023-04-04,111.525,113.27,111.17,113.2,FI,27241.0,-0.29485963581183605,-0.29485963581183605,113.2,111.525,113.27,111.17,27241,113.2,111.525,113.27,111.17,27241.0,-1.2849999999999966,-0.0114
2023-04-05,112.38,112.41,111.55,111.55,FI,28078.0,-0.289453717754173,-0.289453717754173,111.55,112.38,112.41,111.55,28078,111.55,112.38,112.41,111.55,28078.0,0.8549999999999898,0.0077
2023-04-06,112.975,113.35,112.19,112.19,FI,29226.0,-0.28569170460293375,-0.28569170460293375,112.19,112.975,113.35,112.19,29226,112.19,112.975,113.35,112.19,29226.0,0.5949999999999989,0.0053
2023-04-10,113.54,113.71,112.39,113.12,FI,15163.0,-0.282119372787051,-0.282119372787051,113.12,113.54,113.71,112.39,15163,113.12,113.54,113.71,112.39,15163.0,0.5650000000000119,0.005
2023-04-11,114.84,115.26,114.0,114.0,FI,77623.0,-0.2738998482549317,-0.2738998482549317,114.0,114.84,115.26,114.0,77623,114.0,114.84,115.26,114.0,77623.0,1.2999999999999972,0.0114
2023-04-12,114.45,115.4,113.76,115.27,FI,34984.0,-0.27636570561456747,-0.27636570561456747,115.27,114.45,115.4,113.76,34984,115.27,114.45,115.4,113.76,34984.0,-0.39000000000000057,-0.0034
2023-04-13,115.71,115.94,114.54,114.54,FI,25342.0,-0.2683990895295903,-0.2683990895295903,114.54,115.71,115.94,114.54,25342,114.54,115.71,115.94,114.54,25342.0,1.259999999999991,0.011
2023-04-14,115.61,116.51,114.41,115.88,FI,74583.0,-0.2690313606474456,-0.2690313606474456,115.88,115.61,116.51,114.41,74583,115.88,115.61,116.51,114.41,74583.0,-0.09999999999999432,-0.0009
2023-04-17,117.115,117.18,115.78,116.16,FI,24508.0,-0.25951568032372285,-0.25951568032372285,116.16,117.115,117.18,115.78,24508,116.16,117.115,117.18,115.78,24508.0,1.5049999999999955,0.013
2023-04-18,117.24,117.6,116.68,117.6,FI,23802.0,-0.25872534142640363,-0.25872534142640363,117.6,117.24,117.6,116.68,23802,117.6,117.24,117.6,116.68,23802.0,0.125,0.0011
2023-04-19,116.97,117.52,116.37,116.49,FI,16126.0,-0.26043247344461307,-0.26043247344461307,116.49,116.97,117.52,116.37,16126,116.49,116.97,117.52,116.37,16126.0,-0.269999999999996,-0.0023
2023-04-20,116.8,117.37,116.52,116.76,FI,43102.0,-0.26150733434496715,-0.26150733434496715,116.76,116.8,117.37,116.52,43102,116.76,116.8,117.37,116.52,43102.0,-0.1700000000000017,-0.0015
2023-04-21,116.97,117.1,116.45,116.47,FI,16974.0,-0.26043247344461307,-0.26043247344461307,116.47,116.97,117.1,116.45,16974,116.47,116.97,117.1,116.45,16974.0,0.1700000000000017,0.0015
2023-04-24,117.39,118.17,117.11,117.55,FI,59785.0,-0.2577769347496206,-0.2577769347496206,117.55,117.39,118.17,117.11,59785,117.55,117.39,118.17,117.11,59785.0,0.4200000000000017,0.0036
2023-04-25,120.11,122.13,118.28,118.28,FI,82681.0,-0.24057916034395546,-0.24057916034395546,118.28,120.11,122.13,118.28,82681,118.28,120.11,122.13,118.28,82681.0,2.719999999999999,0.0232
2023-04-26,118.4,120.87,117.84,119.42,FI,55400.0,-0.2513909964592817,-0.2513909964592817,119.42,118.4,120.87,117.84,55400,119.42,118.4,120.87,117.84,55400.0,-1.7099999999999937,-0.0142
2023-04-27,119.57,120.0,118.74,119.09,FI,31060.0,-0.24399342438037433,-0.24399342438037433,119.09,119.57,120.0,118.74,31060,119.09,119.57,120.0,118.74,31060.0,1.1699999999999875,0.0099
2023-04-28,122.075,122.14,119.73,119.73,FI,20280.0,-0.2281550328780981,-0.2281550328780981,119.73,122.075,122.14,119.73,20280,119.73,122.075,122.14,119.73,20280.0,2.5050000000000097,0.021
2023-05-01,121.51,122.34,121.36,121.615,FI,19576.0,-0.23172736469398073,-0.23172736469398073,121.615,121.51,122.34,121.36,19576,121.615,121.51,122.34,121.36,19576.0,-0.5649999999999977,-0.0046
2023-05-02,119.29,121.65,118.43,121.65,FI,20547.0,-0.24576378351036918,-0.24576378351036918,121.65,119.29,121.65,118.43,20547,121.65,119.29,121.65,118.43,20547.0,-2.219999999999999,-0.0183
2023-05-03,119.385,120.89,119.08,119.62,FI,22974.0,-0.24516312594840664,-0.24516312594840664,119.62,119.385,120.89,119.08,22974,119.62,119.385,120.89,119.08,22974.0,0.09499999999999886,0.0008
2023-05-04,117.68,119.6,117.0,119.27,FI,38195.0,-0.2559433485078401,-0.2559433485078401,119.27,117.68,119.6,117.0,38195,119.27,117.68,119.6,117.0,38195.0,-1.7049999999999983,-0.0143
2023-05-05,120.26,120.61,119.0,119.0,FI,31804.0,-0.23963075366717243,-0.23963075366717243,119.0,120.26,120.61,119.0,31804,119.0,120.26,120.61,119.0,31804.0,2.5799999999999983,0.0219
2023-05-08,119.44,120.06,119.14,119.22,FI,19700.0,-0.24481537683358623,-0.24481537683358623,119.22,119.44,120.06,119.14,19700,119.22,119.44,120.06,119.14,19700.0,-0.8200000000000074,-0.0068
2023-05-09,119.22,119.61,118.58,118.81,FI,23874.0,-0.24620637329286799,-0.24620637329286799,118.81,119.22,119.61,118.58,23874,118.81,119.22,119.61,118.58,23874.0,-0.21999999999999886,-0.0018
2023-05-10,118.33,120.14,117.44,120.14,FI,34220.0,-0.2518335862417805,-0.2518335862417805,120.14,118.33,120.14,117.44,34220,120.14,118.33,120.14,117.44,34220.0,-0.8900000000000006,-0.0075
2023-05-11,119.33,119.7,117.52,117.52,FI,18489.0,-0.2455108750632271,-0.2455108750632271,117.52,119.33,119.7,117.52,18489,117.52,119.33,119.7,117.52,18489.0,1.0,0.0085
2023-05-12,119.395,120.23,118.74,119.89,FI,23850.0,-0.24509989883662114,-0.24509989883662114,119.89,119.395,120.23,118.74,23850,119.89,119.395,120.23,118.74,23850.0,0.06499999999999773,0.0005
2023-05-15,119.72,119.81,119.11,119.29,FI,20208.0,-0.2430450177035913,-0.2430450177035913,119.29,119.72,119.81,119.11,20208,119.29,119.72,119.81,119.11,20208.0,0.32500000000000284,0.0027
2023-05-16,118.68,119.71,118.61,119.71,FI,30443.0,-0.24962063732928674,-0.24962063732928674,119.71,118.68,119.71,118.61,30443,119.71,118.68,119.71,118.61,30443.0,-1.039999999999992,-0.0087
2023-05-17,119.58,120.18,118.84,118.99,FI,33226.0,-0.24393019726858878,-0.24393019726858878,118.99,119.58,120.18,118.84,33226,118.99,119.58,120.18,118.84,33226.0,0.8999999999999915,0.0076
2023-05-18,120.15,120.17,118.93,119.38,FI,38618.0,-0.2403262518968133,-0.2403262518968133,119.38,120.15,120.17,118.93,38618,119.38,120.15,120.17,118.93,38618.0,0.5700000000000074,0.0048
2023-05-19,119.49,120.48,119.45,120.39,FI,20363.0,-0.24449924127465858,-0.24449924127465858,120.39,119.49,120.48,119.45,20363,120.39,119.49,120.48,119.45,20363.0,-0.6600000000000108,-0.0055
2023-05-22,119.47,120.06,119.37,119.78,FI,32460.0,-0.24462569549822963,-0.24462569549822963,119.78,119.47,120.06,119.37,32460,119.78,119.47,120.06,119.37,32460.0,-0.01999999999999602,-0.0002
2023-05-24,116.4,116.89,116.0,116.8,FI,18877.0,-0.2640364188163884,-0.2640364188163884,116.8,116.4,116.89,116.0,18877,116.8,116.4,116.89,116.0,18877.0,-3.069999999999993,-0.0257
2023-05-25,112.81,115.93,112.55,114.83,FI,83716.0,-0.286734951947395,-0.286734951947395,114.83,112.81,115.93,112.55,83716,114.83,112.81,115.93,112.55,83716.0,-3.5900000000000034,-0.0308
2023-05-26,113.78,113.95,112.57,112.75,FI,31037.0,-0.28060192210419826,-0.28060192210419826,112.75,113.78,113.95,112.57,31037,112.75,113.78,113.95,112.57,31037.0,0.9699999999999989,0.0086
2023-05-30,113.0,113.34,111.52,113.34,FI,39655.0,-0.2855336368234699,-0.2855336368234699,113.34,113.0,113.34,111.52,39655,113.34,113.0,113.34,111.52,39655.0,-0.7800000000000011,-0.0069
2023-05-31,112.26,112.92,110.35,111.925,FI,58493.0,-0.29021244309559935,-0.29021244309559935,111.925,112.26,112.92,110.35,58493,111.925,112.26,112.92,110.35,58493.0,-0.7399999999999949,-0.0065
2023-06-01,112.74,113.21,111.67,112.18,FI,50682.0,-0.2871775417298938,-0.2871775417298938,112.18,112.74,113.21,111.67,50682,112.18,112.74,113.21,111.67,50682.0,0.47999999999998977,0.0043
2023-06-02,113.9,114.23,113.04,113.55,FI,63087.0,-0.2798431967627718,-0.2798431967627718,113.55,113.9,114.23,113.04,63087,113.55,113.9,114.23,113.04,63087.0,1.1600000000000108,0.0103
2023-06-05,112.235,113.17,111.825,113.0,FI,55498.0,-0.2903705108750632,-0.2903705108750632,113.0,112.235,113.17,111.825,55498,113.0,112.235,113.17,111.825,55498.0,-1.6650000000000063,-0.0146
2023-06-06,114.16,116.01,112.72,112.79,FI,160803.0,-0.278199291856348,-0.278199291856348,112.79,114.16,116.01,112.72,160803,112.79,114.16,116.01,112.72,160803.0,1.9249999999999972,0.0172
2023-06-07,115.78,116.0,113.57,115.5,FI,3075854.0,-0.2679564997470915,-0.2679564997470915,115.5,115.78,116.0,113.57,3075854,115.5,115.78,116.0,113.57,3075854.0,1.6200000000000045,0.0142
2023-06-08,115.29,116.29,115.06,115.87,FI,2963534.0,-0.27105462822458265,-0.27105462822458265,115.87,115.29,116.29,115.06,2963534,115.87,115.29,116.29,115.06,2963534.0,-0.4899999999999949,-0.0042
2023-06-09,116.82,117.25,115.02,115.81,FI,2635904.0,-0.2613808801213961,-0.2613808801213961,115.81,116.82,117.25,115.02,2635904,115.81,116.82,117.25,115.02,2635904.0,1.529999999999987,0.0133
2023-06-12,117.63,117.77,116.64,117.05,FI,3573019.0,-0.25625948406676785,-0.25625948406676785,117.05,117.63,117.77,116.64,3573019,117.05,117.63,117.77,116.64,3573019.0,0.8100000000000023,0.0069
2023-06-13,118.76,119.01,117.67,117.91,FI,3709600.0,-0.2491148204350025,-0.2491148204350025,117.91,118.76,119.01,117.67,3709600,117.91,118.76,119.01,117.67,3709600.0,1.1300000000000097,0.0096
2023-06-14,120.0,121.49,119.33,119.45,FI,4561626.0,-0.24127465857359634,-0.24127465857359634,119.45,120.0,121.49,119.33,4561626,119.45,120.0,121.49,119.33,4561626.0,1.2399999999999949,0.0104
2023-06-15,120.35,120.94,118.45,118.86,FI,3082944.0,-0.2390617096611027,-0.2390617096611027,118.86,120.35,120.94,118.45,3082944,118.86,120.35,120.94,118.45,3082944.0,0.3499999999999943,0.0029
2023-06-16,119.96,120.86,119.4,120.73,FI,6420131.0,-0.24152756702073852,-0.24152756702073852,120.73,119.96,120.86,119.4,6420131,120.73,119.96,120.86,119.4,6420131.0,-0.39000000000000057,-0.0032
2023-06-20,119.57,120.29,118.9,118.91,FI,2530348.0,-0.24399342438037433,-0.24399342438037433,118.91,119.57,120.29,118.9,2530348,118.91,119.57,120.29,118.9,2530348.0,-0.39000000000000057,-0.0033
2023-06-21,120.03,120.53,118.39,119.01,FI,2227042.0,-0.24108497723823974,-0.24108497723823974,119.01,120.03,120.53,118.39,2227042,119.01,120.03,120.53,118.39,2227042.0,0.46000000000000796,0.0038
2023-06-22,120.54,120.55,119.15,119.8,FI,1666300.0,-0.23786039453717747,-0.23786039453717747,119.8,120.54,120.55,119.15,1666300,119.8,120.54,120.55,119.15,1666300.0,0.5100000000000051,0.0042
2023-06-23,120.49,120.9,119.0,120.01,FI,4278353.0,-0.23817653009610523,-0.23817653009610523,120.01,120.49,120.9,119.0,4278353,120.01,120.49,120.9,119.0,4278353.0,-0.05000000000001137,-0.0004
2023-06-26,120.16,121.72,119.69,120.03,FI,2302114.0,-0.2402630247850278,-0.2402630247850278,120.03,120.16,121.72,119.69,2302114,120.03,120.16,121.72,119.69,2302114.0,-0.3299999999999983,-0.0027
2023-06-27,122.4,122.43,120.15,120.51,FI,2593491.0,-0.22610015174506823,-0.22610015174506823,120.51,122.4,122.43,120.15,2593491,120.51,122.4,122.43,120.15,2593491.0,2.240000000000009,0.0186
2023-06-28,122.95,123.81,122.5,122.72,FI,2940213.0,-0.2226226605968639,-0.2226226605968639,122.72,122.95,123.81,122.5,2940213,122.72,122.95,123.81,122.5,2940213.0,0.5499999999999972,0.0045
2023-06-29,124.05,124.15,123.01,123.01,FI,2561626.0,-0.21566767830045525,-0.21566767830045525,123.01,124.05,124.15,123.01,2561626,123.01,124.05,124.15,123.01,2561626.0,1.0999999999999943,0.0089
2023-06-30,126.15,126.55,124.67,124.91,FI,3083942.0,-0.2023899848254931,-0.2023899848254931,124.91,126.15,126.55,124.67,3083942,124.91,126.15,126.55,124.67,3083942.0,2.1000000000000085,0.0169
2023-07-03,125.95,126.16,125.28,125.69,FI,1395604.0,-0.20365452706120382,-0.20365452706120382,125.69,125.95,126.16,125.28,1395604,125.69,125.95,126.16,125.28,1395604.0,-0.20000000000000284,-0.0016
2023-07-05,124.9,125.94,124.16,125.28,FI,3508961.0,-0.21029337379868482,-0.21029337379868482,125.28,124.9,125.94,124.16,3508961,125.28,124.9,125.94,124.16,3508961.0,-1.0499999999999972,-0.0083
2023-07-06,125.39,125.75,123.44,123.99,FI,2260349.0,-0.2071952453211937,-0.2071952453211937,123.99,125.39,125.75,123.44,2260349,123.99,125.39,125.75,123.44,2260349.0,0.4899999999999949,0.0039
2023-07-07,125.2,125.83,124.52,124.66,FI,2004562.0,-0.20839656044511884,-0.20839656044511884,124.66,125.2,125.83,124.52,2004562,124.66,125.2,125.83,124.52,2004562.0,-0.18999999999999773,-0.0015
2023-07-10,126.89,127.09,125.11,125.51,FI,2588908.0,-0.19771117855336365,-0.19771117855336365,125.51,126.89,127.09,125.11,2588908,125.51,126.89,127.09,125.11,2588908.0,1.6899999999999977,0.0135
2023-07-11,126.99,127.66,126.53,126.93,FI,1903518.0,-0.19707890743550835,-0.19707890743550835,126.93,126.99,127.66,126.53,1903518,126.93,126.99,127.66,126.53,1903518.0,0.09999999999999432,0.0008
2023-07-12,127.57,128.03,126.99,128.0,FI,2212260.0,-0.1934117349519474,-0.1934117349519474,128.0,127.57,128.03,126.99,2212260,128.0,127.57,128.03,126.99,2212260.0,0.5799999999999983,0.0046
2023-07-13,128.68,128.85,127.39,127.39,FI,2366089.0,-0.1863935255437531,-0.1863935255437531,127.39,128.68,128.85,127.39,2366089,127.39,128.68,128.85,127.39,2366089.0,1.1100000000000136,0.0087
2023-07-14,128.0,128.69,127.53,128.48,FI,1829522.0,-0.19069296914516942,-0.19069296914516942,128.48,128.0,128.69,127.53,1829522,128.48,128.0,128.69,127.53,1829522.0,-0.6800000000000068,-0.0053
2023-07-17,128.51,129.15,127.28,127.9,FI,1822651.0,-0.18746838644410727,-0.18746838644410727,127.9,128.51,129.15,127.28,1822651,127.9,128.51,129.15,127.28,1822651.0,0.5099999999999909,0.004
2023-07-18,129.32,129.5,127.03,128.22,FI,2063011.0,-0.18234699038947905,-0.18234699038947905,128.22,129.32,129.5,127.03,2063011,128.22,129.32,129.5,127.03,2063011.0,0.8100000000000023,0.0063
2023-07-19,127.63,129.39,127.6,129.24,FI,3417689.0,-0.1930323722812342,-0.1930323722812342,129.24,127.63,129.39,127.6,3417689,129.24,127.63,129.39,127.6,3417689.0,-1.6899999999999977,-0.0131
2023-07-20,129.38,129.56,127.6,128.11,FI,2625665.0,-0.18196762771876582,-0.18196762771876582,128.11,129.38,129.56,127.6,2625665,128.11,129.38,129.56,127.6,2625665.0,1.75,0.0137
2023-07-21,128.53,130.25,128.5,129.74,FI,2409008.0,-0.18734193222053613,-0.18734193222053613,129.74,128.53,130.25,128.5,2409008,129.74,128.53,130.25,128.5,2409008.0,-0.8499999999999943,-0.0066
2023-07-24,129.75,130.16,128.91,129.36,FI,2706807.0,-0.17962822458270106,-0.17962822458270106,129.36,129.75,130.16,128.91,2706807,129.36,129.75,130.16,128.91,2706807.0,1.2199999999999989,0.0095
2023-07-25,130.06,130.74,128.82,129.42,FI,3114403.0,-0.1776681841173495,-0.1776681841173495,129.42,130.06,130.74,128.82,3114403,129.42,130.06,130.74,128.82,3114403.0,0.3100000000000023,0.0024
2023-07-26,127.3,128.39,122.6,124.74,FI,4829349.0,-0.1951188669701568,-0.1951188669701568,124.74,127.3,128.39,122.6,4829349,124.74,127.3,128.39,122.6,4829349.0,-2.760000000000005,-0.0212
2023-07-27,123.51,128.07,122.93,128.07,FI,3923897.0,-0.219081942336874,-0.219081942336874,128.07,123.51,128.07,122.93,3923897,128.07,123.51,128.07,122.93,3923897.0,-3.789999999999992,-0.0298
2023-07-28,124.99,125.13,123.75,124.67,FI,3294139.0,-0.2097243297926151,-0.2097243297926151,124.67,124.99,125.13,123.75,3294139,124.67,124.99,125.13,123.75,3294139.0,1.4799999999999898,0.012
2023-07-31,126.21,126.54,125.36,125.66,FI,2811193.0,-0.20201062215478,-0.20201062215478,125.66,126.21,126.54,125.36,2811193,125.66,126.21,126.54,125.36,2811193.0,1.2199999999999989,0.0098
2023-08-01,126.97,127.23,125.3,125.96,FI,2064410.0,-0.1972053616590794,-0.1972053616590794,125.96,126.97,127.23,125.3,2064410,125.96,126.97,127.23,125.3,2064410.0,0.7600000000000051,0.006
2023-08-02,124.56,126.89,124.43,126.2,FI,2205958.0,-0.21244309559939298,-0.21244309559939298,126.2,124.56,126.89,124.43,2205958,126.2,124.56,126.89,124.43,2205958.0,-2.4099999999999966,-0.019
2023-08-03,125.18,125.56,123.95,124.25,FI,1784057.0,-0.2085230146686899,-0.2085230146686899,124.25,125.18,125.56,123.95,1784057,124.25,125.18,125.56,123.95,1784057.0,0.6200000000000045,0.005
2023-08-04,124.82,125.69,124.1,124.98,FI,1788810.0,-0.21079919069296918,-0.21079919069296918,124.98,124.82,125.69,124.1,1788810,124.98,124.82,125.69,124.1,1788810.0,-0.36000000000001364,-0.0029
2023-08-07,125.88,126.18,125.08,125.58,FI,1493158.0,-0.2040971168437026,-0.2040971168437026,125.58,125.88,126.18,125.08,1493158,125.58,125.88,126.18,125.08,1493158.0,1.0600000000000023,0.0085
2023-08-08,125.2,125.49,124.31,124.82,FI,1553101.0,-0.20839656044511884,-0.20839656044511884,124.82,125.2,125.49,124.31,1553101,124.82,125.2,125.49,124.31,1553101.0,-0.6799999999999926,-0.0054
2023-08-09,125.05,126.32,124.95,125.58,FI,1681358.0,-0.20934496712190187,-0.20934496712190187,125.58,125.05,126.32,124.95,1681358,125.58,125.05,126.32,124.95,1681358.0,-0.15000000000000568,-0.0012
2023-08-10,126.01,126.95,125.72,126.01,FI,1880053.0,-0.2032751643904906,-0.2032751643904906,126.01,126.01,126.95,125.72,1880053,126.01,126.01,126.95,125.72,1880053.0,0.960000000000008,0.0077
2023-08-11,125.59,126.17,124.98,126.01,FI,1338470.0,-0.20593070308548303,-0.20593070308548303,126.01,125.59,126.17,124.98,1338470,126.01,125.59,126.17,124.98,1338470.0,-0.4200000000000017,-0.0033
2023-08-14,124.47,126.3,124.21,125.5,FI,2168838.0,-0.2130121396054628,-0.2130121396054628,125.5,124.47,126.3,124.21,2168838,125.5,124.47,126.3,124.21,2168838.0,-1.1200000000000045,-0.0089
2023-08-15,123.17,124.55,122.94,123.89,FI,1950707.0,-0.22123166413758216,-0.22123166413758216,123.89,123.17,124.55,122.94,1950707,123.89,123.17,124.55,122.94,1950707.0,-1.2999999999999972,-0.0104
2023-08-16,121.78,123.48,121.61,123.48,FI,1994802.0,-0.23002023267577135,-0.23002023267577135,123.48,121.78,123.48,121.61,1994802,123.48,121.78,123.48,121.61,1994802.0,-1.3900000000000006,-0.0113
2023-08-17,120.33,122.29,120.18,122.13,FI,2428210.0,-0.23918816388467373,-0.23918816388467373,122.13,120.33,122.29,120.18,2428210,122.13,120.33,122.29,120.18,2428210.0,-1.4500000000000028,-0.0119
2023-08-18,120.08,120.8,119.32,119.32,FI,2223651.0,-0.2407688416793121,-0.2407688416793121,119.32,120.08,120.8,119.32,2223651,119.32,120.08,120.8,119.32,2223651.0,-0.25,-0.0021
2023-08-21,119.09,120.44,118.57,120.09,FI,1767736.0,-0.24702832574607989,-0.24702832574607989,120.09,119.09,120.44,118.57,1767736,120.09,119.09,120.44,118.57,1767736.0,-0.9899999999999949,-0.0082
2023-08-22,119.26,119.7,118.9,119.6,FI,1631834.0,-0.2459534648457258,-0.2459534648457258,119.6,119.26,119.7,118.9,1631834,119.6,119.26,119.7,118.9,1631834.0,0.1700000000000017,0.0014
2023-08-23,120.41,121.02,119.09,119.8,FI,1673826.0,-0.23868234699038948,-0.23868234699038948,119.8,120.41,121.02,119.09,1673826,119.8,120.41,121.02,119.09,1673826.0,1.1499999999999915,0.0096
2023-08-24,120.66,121.3,120.21,120.42,FI,2085928.0,-0.23710166919575115,-0.23710166919575115,120.42,120.66,121.3,120.21,2085928,120.42,120.66,121.3,120.21,2085928.0,0.25,0.0021
2023-08-25,121.48,122.01,120.55,121.34,FI,1894510.0,-0.23191704602933733,-0.23191704602933733,121.34,121.48,122.01,120.55,1894510,121.34,121.48,122.01,120.55,1894510.0,0.8200000000000074,0.0068
2023-08-28,122.74,122.83,121.79,122.06,FI,1354164.0,-0.22395042994436015,-0.22395042994436015,122.06,122.74,122.83,121.79,1354164,122.06,122.74,122.83,121.79,1354164.0,1.259999999999991,0.0104
2023-08-29,122.73,123.24,122.12,122.63,FI,1457764.0,-0.22401365705614562,-0.22401365705614562,122.63,122.73,123.24,122.12,1457764,122.63,122.73,123.24,122.12,1457764.0,-0.009999999999990905,-0.0001
2023-08-30,122.59,122.97,121.88,122.51,FI,1765652.0,-0.2248988366211431,-0.2248988366211431,122.51,122.59,122.97,121.88,1765652,122.51,122.59,122.97,121.88,1765652.0,-0.14000000000000057,-0.0011
2023-08-31,121.39,122.97,120.98,122.75,FI,2869748.0,-0.23248609003540716,-0.23248609003540716,122.75,121.39,122.97,120.98,2869748,122.75,121.39,122.97,120.98,2869748.0,-1.2000000000000028,-0.0098
2023-09-01,122.81,123.03,121.51,122.22,FI,1777223.0,-0.22350784016186137,-0.22350784016186137,122.22,122.81,123.03,121.51,1777223,122.22,122.81,123.03,121.51,1777223.0,1.4200000000000017,0.0117
2023-09-05,121.81,123.63,121.62,122.78,FI,2119529.0,-0.22983055134041475,-0.22983055134041475,122.78,121.81,123.63,121.62,2119529,122.78,121.81,123.63,121.62,2119529.0,-1.0,-0.0081
2023-09-06,122.5,122.97,121.72,121.9,FI,1892621.0,-0.22546788062721293,-0.22546788062721293,121.9,122.5,122.97,121.72,1892621,121.9,122.5,122.97,121.72,1892621.0,0.6899999999999977,0.0057
2023-09-07,123.1,123.35,122.15,122.58,FI,2346152.0,-0.22167425392008094,-0.22167425392008094,122.58,123.1,123.35,122.15,2346152,122.58,123.1,123.35,122.15,2346152.0,0.5999999999999943,0.0049
2023-09-08,121.6,123.74,121.25,123.26,FI,2263789.0,-0.231158320687911,-0.231158320687911,123.26,121.6,123.74,121.25,2263789,123.26,121.6,123.74,121.25,2263789.0,-1.5,-0.0122
2023-09-11,121.68,122.45,121.35,121.74,FI,2075907.0,-0.23065250379362665,-0.23065250379362665,121.74,121.68,122.45,121.35,2075907,121.74,121.68,122.45,121.35,2075907.0,0.0800000000000125,0.0007
2023-09-12,121.65,122.36,120.95,121.51,FI,2290655.0,-0.23084218512898325,-0.23084218512898325,121.51,121.65,122.36,120.95,2290655,121.51,121.65,122.36,120.95,2290655.0,-0.030000000000001137,-0.0002
2023-09-13,121.3,121.68,120.48,121.41,FI,2596242.0,-0.23305513404147699,-0.23305513404147699,121.41,121.3,121.68,120.48,2596242,121.41,121.3,121.68,120.48,2596242.0,-0.3500000000000085,-0.0029
2023-09-14,122.2,122.59,121.26,121.96,FI,1930850.0,-0.22736469398077894,-0.22736469398077894,121.96,122.2,122.59,121.26,1930850,121.96,122.2,122.59,121.26,1930850.0,0.9000000000000057,0.0074
2023-09-15,121.05,122.61,120.92,121.32,FI,5501837.0,-0.23463581183611532,-0.23463581183611532,121.32,121.05,122.61,120.92,5501837,121.32,121.05,122.61,120.92,5501837.0,-1.1500000000000057,-0.0094
2023-09-18,121.2,121.36,120.17,121.05,FI,2077138.0,-0.23368740515933228,-0.23368740515933228,121.05,121.2,121.36,120.17,2077138,121.05,121.2,121.36,120.17,2077138.0,0.15000000000000568,0.0012
2023-09-19,120.69,121.34,120.13,121.14,FI,1702837.0,-0.23691198786039452,-0.23691198786039452,121.14,120.69,121.34,120.13,1702837,121.14,120.69,121.34,120.13,1702837.0,-0.5100000000000051,-0.0042
2023-09-20,119.69,121.26,119.57,120.76,FI,1444442.0,-0.2432346990389479,-0.2432346990389479,120.76,119.69,121.26,119.57,1444442,120.76,119.69,121.26,119.57,1444442.0,-1.0,-0.0083
2023-09-21,116.72,119.13,116.66,119.04,FI,3260464.0,-0.2620131512392514,-0.2620131512392514,119.04,116.72,119.13,116.66,3260464,119.04,116.72,119.13,116.66,3260464.0,-2.969999999999999,-0.0248
2023-09-22,116.08,116.95,115.64,116.74,FI,2238646.0,-0.26605968639352556,-0.26605968639352556,116.74,116.08,116.95,115.64,2238646,116.74,116.08,116.95,115.64,2238646.0,-0.6400000000000006,-0.0055
2023-09-25,116.09,116.38,115.46,115.64,FI,1513187.0,-0.26599645928174,-0.26599645928174,115.64,116.09,116.38,115.46,1513187,115.64,116.09,116.38,115.46,1513187.0,0.010000000000005116,0.0001
2023-09-26,114.56,115.96,114.5,115.28,FI,2147850.0,-0.27567020738492665,-0.27567020738492665,115.28,114.56,115.96,114.5,2147850,115.28,114.56,115.96,114.5,2147850.0,-1.5300000000000011,-0.0132
2023-09-27,113.19,115.41,112.4,114.86,FI,3084264.0,-0.28433232169954475,-0.28433232169954475,114.86,113.19,115.41,112.4,3084264,114.86,113.19,115.41,112.4,3084264.0,-1.3700000000000045,-0.012
2023-09-28,113.55,113.91,113.01,113.25,FI,2599729.0,-0.28205614567526555,-0.28205614567526555,113.25,113.55,113.91,113.01,2599729,113.25,113.55,113.91,113.01,2599729.0,0.35999999999999943,0.0032
2023-09-29,112.96,114.32,112.53,114.0,FI,2376600.0,-0.28578654527061204,-0.28578654527061204,114.0,112.96,114.32,112.53,2376600,114.0,112.96,114.32,112.53,2376600.0,-0.5900000000000034,-0.0052
2023-10-02,112.85,113.36,111.79,112.09,FI,2289754.0,-0.2864820435002529,-0.2864820435002529,112.09,112.85,113.36,111.79,2289754,112.09,112.85,113.36,111.79,2289754.0,-0.10999999999999943,-0.001
2023-10-03,111.05,112.17,110.16,111.94,FI,2696886.0,-0.29786292362164896,-0.29786292362164896,111.94,111.05,112.17,110.16,2696886,111.94,111.05,112.17,110.16,2696886.0,-1.7999999999999972,-0.016
2023-10-04,112.97,113.09,110.42,111.28,FI,3170607.0,-0.2857233181588265,-0.2857233181588265,111.28,112.97,113.09,110.42,3170607,111.28,112.97,113.09,110.42,3170607.0,1.9200000000000017,0.0173
2023-10-05,113.15,113.34,111.78,112.73,FI,2613326.0,-0.28458523014668685,-0.28458523014668685,112.73,113.15,113.34,111.78,2613326,112.73,113.15,113.34,111.78,2613326.0,0.18000000000000682,0.0016
2023-10-06,114.06,114.95,112.76,113.25,FI,2044546.0,-0.2788315629742033,-0.2788315629742033,113.25,114.06,114.95,112.76,2044546,113.25,114.06,114.95,112.76,2044546.0,0.9099999999999966,0.008
2023-10-09,114.36,114.83,112.64,112.64,FI,2041070.0,-0.2769347496206373,-0.2769347496206373,112.64,114.36,114.83,112.64,2041070,112.64,114.36,114.83,112.64,2041070.0,0.29999999999999716,0.0026
2023-10-10,114.65,115.18,113.92,114.52,FI,1673693.0,-0.2751011633788568,-0.2751011633788568,114.52,114.65,115.18,113.92,1673693,114.52,114.65,115.18,113.92,1673693.0,0.29000000000000625,0.0025
2023-10-11,113.55,115.48,112.67,114.87,FI,2313948.0,-0.28205614567526555,-0.28205614567526555,114.87,113.55,115.48,112.67,2313948,114.87,113.55,115.48,112.67,2313948.0,-1.1000000000000085,-0.0096
2023-10-12,112.68,113.96,111.95,113.28,FI,1740482.0,-0.28755690440060694,-0.28755690440060694,113.28,112.68,113.96,111.95,1740482,113.28,112.68,113.96,111.95,1740482.0,-0.8699999999999903,-0.0077
2023-10-13,112.48,113.35,111.87,112.47,FI,2067872.0,-0.2888214466363176,-0.2888214466363176,112.47,112.48,113.35,111.87,2067872,112.47,112.48,113.35,111.87,2067872.0,-0.20000000000000284,-0.0018
2023-10-16,113.58,114.12,112.85,113.92,FI,2247695.0,-0.281866464339909,-0.281866464339909,113.92,113.58,114.12,112.85,2247695,113.92,113.58,114.12,112.85,2247695.0,1.0999999999999943,0.0098
2023-10-17,114.99,115.38,112.81,113.06,FI,3163992.0,-0.2729514415781487,-0.2729514415781487,113.06,114.99,115.38,112.81,3163992,113.06,114.99,115.38,112.81,3163992.0,1.4099999999999966,0.0124
2023-10-18,113.08,114.88,112.9,114.85,FI,1990187.0,-0.28502781992918563,-0.28502781992918563,114.85,113.08,114.88,112.9,1990187,114.85,113.08,114.88,112.9,1990187.0,-1.9099999999999966,-0.0166
2023-10-19,111.97,113.83,111.58,112.9,FI,2760859.0,-0.2920460293373799,-0.2920460293373799,112.9,111.97,113.83,111.58,2760859,112.9,111.97,113.83,111.58,2760859.0,-1.1099999999999994,-0.0098
2023-10-20,110.5,113.23,110.26,112.86,FI,3295083.0,-0.3013404147698533,-0.3013404147698533,112.86,110.5,113.23,110.26,3295083,112.86,110.5,113.23,110.26,3295083.0,-1.4699999999999989,-0.0131
2023-10-23,109.61,110.98,109.11,109.9,FI,4488292.0,-0.3069676277187658,-0.3069676277187658,109.9,109.61,110.98,109.11,4488292,109.9,109.61,110.98,109.11,4488292.0,-0.8900000000000006,-0.0081
2023-10-24,115.45,116.79,112.41,113.14,FI,6064130.0,-0.27004299443601415,-0.27004299443601415,113.14,115.45,116.79,112.41,6064130,113.14,115.45,116.79,112.41,6064130.0,5.840000000000003,0.0533
2023-10-25,114.12,117.14,113.92,114.85,FI,5210790.0,-0.2784522003034901,-0.2784522003034901,114.85,114.12,117.14,113.92,5210790,114.85,114.12,117.14,113.92,5210790.0,-1.3299999999999983,-0.0115
2023-10-26,114.26,115.3,113.0,114.09,FI,4179866.0,-0.2775670207384926,-0.2775670207384926,114.09,114.26,115.3,113.0,4179866,114.09,114.26,115.3,113.0,4179866.0,0.14000000000000057,0.0012
2023-10-27,112.46,114.9,112.17,114.14,FI,2953092.0,-0.28894790085988875,-0.28894790085988875,114.14,112.46,114.9,112.17,2953092,114.14,112.46,114.9,112.17,2953092.0,-1.8000000000000114,-0.0158
2023-10-30,112.94,113.61,111.53,113.27,FI,2655664.0,-0.2859129994941831,-0.2859129994941831,113.27,112.94,113.61,111.53,2655664,113.27,112.94,113.61,111.53,2655664.0,0.480000000000004,0.0043
2023-10-31,113.75,114.92,113.11,113.64,FI,2978876.0,-0.2807916034395549,-0.2807916034395549,113.64,113.75,114.92,113.11,2978876,113.64,113.75,114.92,113.11,2978876.0,0.8100000000000023,0.0072
2023-11-01,114.93,115.22,113.59,114.08,FI,2387273.0,-0.27333080424886186,-0.27333080424886186,114.08,114.93,115.22,113.59,2387273,114.08,114.93,115.22,113.59,2387273.0,1.1800000000000068,0.0104
2023-11-02,117.81,117.87,114.32,115.88,FI,2807481.0,-0.2551213960546282,-0.2551213960546282,115.88,117.81,117.87,114.32,2807481,115.88,117.81,117.87,114.32,2807481.0,2.8799999999999955,0.0251
2023-11-03,119.54,120.11,118.77,119.31,FI,2724830.0,-0.24418310571573085,-0.24418310571573085,119.31,119.54,120.11,118.77,2724830,119.31,119.54,120.11,118.77,2724830.0,1.730000000000004,0.0147
2023-11-06,119.64,119.98,118.78,119.42,FI,1947439.0,-0.24355083459787555,-0.24355083459787555,119.42,119.64,119.98,118.78,1947439,119.42,119.64,119.98,118.78,1947439.0,0.09999999999999432,0.0008
2023-11-07,119.21,119.94,118.98,119.78,FI,2340303.0,-0.24626960040465354,-0.24626960040465354,119.78,119.21,119.94,118.98,2340303,119.78,119.21,119.94,118.98,2340303.0,-0.4300000000000068,-0.0036
2023-11-08,120.13,120.72,118.66,119.23,FI,2737203.0,-0.24045270612038444,-0.24045270612038444,119.23,120.13,120.72,118.66,2737203,119.23,120.13,120.72,118.66,2737203.0,0.9200000000000017,0.0077
2023-11-09,119.38,119.92,118.42,119.66,FI,2697592.0,-0.24519473950429946,-0.24519473950429946,119.66,119.38,119.92,118.42,2697592,119.66,119.38,119.92,118.42,2697592.0,-0.75,-0.0062
2023-11-10,121.51,121.84,119.51,119.95,FI,2093765.0,-0.23172736469398073,-0.23172736469398073,119.95,121.51,121.84,119.51,2093765,119.95,121.51,121.84,119.51,2093765.0,2.1300000000000097,0.0178
2023-11-13,121.56,122.2,121.07,121.34,FI,2403562.0,-0.23141122913505308,-0.23141122913505308,121.34,121.56,122.2,121.07,2403562,121.34,121.56,122.2,121.07,2403562.0,0.04999999999999716,0.0004
2023-11-14,122.16,123.12,122.0,122.41,FI,2674103.0,-0.2276176024279211,-0.2276176024279211,122.41,122.16,123.12,122.0,2674103,122.41,122.16,123.12,122.0,2674103.0,0.5999999999999943,0.0049
2023-11-15,125.24,125.67,122.15,123.18,FI,4259325.0,-0.20814365199797674,-0.20814365199797674,123.18,125.24,125.67,122.15,4259325,123.18,125.24,125.67,122.15,4259325.0,3.0799999999999983,0.0252
2023-11-16,124.83,127.94,124.11,126.64,FI,4478332.0,-0.2107359635811836,-0.2107359635811836,126.64,124.83,127.94,124.11,4478332,126.64,124.83,127.94,124.11,4478332.0,-0.4099999999999966,-0.0033
2023-11-17,124.08,125.51,123.68,125.27,FI,5007185.0,-0.21547799696509862,-0.21547799696509862,125.27,124.08,125.51,123.68,5007185,125.27,124.08,125.51,123.68,5007185.0,-0.75,-0.006
2023-11-20,124.08,124.44,121.86,123.98,FI,3367107.0,-0.21547799696509862,-0.21547799696509862,123.98,124.08,124.44,121.86,3367107,123.98,124.08,124.44,121.86,3367107.0,0.0,0.0
2023-11-21,125.09,125.33,124.11,124.5,FI,2795324.0,-0.2090920586747597,-0.2090920586747597,124.5,125.09,125.33,124.11,2795324,124.5,125.09,125.33,124.11,2795324.0,1.0100000000000051,0.0081
2023-11-22,125.45,125.89,125.05,125.53,FI,1843262.0,-0.20681588265048048,-0.20681588265048048,125.53,125.45,125.89,125.05,1843262,125.53,125.45,125.89,125.05,1843262.0,0.35999999999999943,0.0029
2023-11-24,125.8,126.27,125.48,125.5,FI,1111237.0,-0.20460293373798685,-0.20460293373798685,125.5,125.8,126.27,125.48,1111237,125.5,125.8,126.27,125.48,1111237.0,0.3499999999999943,0.0028
2023-11-27,126.53,126.63,125.42,125.42,FI,2334825.0,-0.19998735457764286,-0.19998735457764286,125.42,126.53,126.63,125.42,2334825,125.42,126.53,126.63,125.42,2334825.0,0.730000000000004,0.0058
2023-11-28,127.47,127.97,126.68,127.02,FI,3003077.0,-0.1940440060698027,-0.1940440060698027,127.02,127.47,127.97,126.68,3003077,127.02,127.47,127.97,126.68,3003077.0,0.9399999999999977,0.0074
2023-11-29,129.36,129.76,127.8,127.97,FI,3277455.0,-0.18209408194233678,-0.18209408194233678,127.97,129.36,129.76,127.8,3277455,127.97,129.36,129.76,127.8,3277455.0,1.8900000000000148,0.0148
2023-11-30,130.61,130.7,128.43,129.22,FI,4734054.0,-0.17419069296914508,-0.17419069296914508,129.22,130.61,130.7,128.43,4734054,129.22,130.61,130.7,128.43,4734054.0,1.25,0.0097
2023-12-01,130.61,131.25,129.64,129.97,FI,2516384.0,-0.17419069296914508,-0.17419069296914508,129.97,130.61,131.25,129.64,2516384,129.97,130.61,131.25,129.64,2516384.0,0.0,0.0
2023-12-04,130.35,131.46,129.83,130.11,FI,2466672.0,-0.17583459787556907,-0.17583459787556907,130.11,130.35,131.46,129.83,2466672,130.11,130.35,131.46,129.83,2466672.0,-0.2600000000000193,-0.002
2023-12-05,130.45,130.99,129.6,130.76,FI,2291860.0,-0.17520232675771377,-0.17520232675771377,130.76,130.45,130.99,129.6,2291860,130.76,130.45,130.99,129.6,2291860.0,0.09999999999999432,0.0008
2023-12-06,131.09,131.72,130.09,131.0,FI,2613480.0,-0.17115579160343952,-0.17115579160343952,131.0,131.09,131.72,130.09,2613480,131.0,131.09,131.72,130.09,2613480.0,0.6400000000000148,0.0049
2023-12-07,131.42,131.55,130.27,131.5,FI,2634404.0,-0.169069296914517,-0.169069296914517,131.5,131.42,131.55,130.27,2634404,131.5,131.42,131.55,130.27,2634404.0,0.3299999999999841,0.0025
2023-12-08,132.36,132.58,131.46,131.5,FI,2364472.0,-0.16312594840667669,-0.16312594840667669,131.5,132.36,132.58,131.46,2364472,131.5,132.36,132.58,131.46,2364472.0,0.9400000000000261,0.0072
2023-12-11,133.92,134.66,132.45,133.0,FI,3122231.0,-0.1532625189681336,-0.1532625189681336,133.0,133.92,134.66,132.45,3122231,133.0,133.92,134.66,132.45,3122231.0,1.5599999999999739,0.0118
2023-12-12,134.49,134.68,133.57,134.01,FI,3076470.0,-0.14965857359635804,-0.14965857359635804,134.01,134.49,134.68,133.57,3076470,134.01,134.49,134.68,133.57,3076470.0,0.5700000000000216,0.0043
2023-12-13,135.22,135.36,133.38,134.15,FI,3265767.0,-0.14504299443601415,-0.14504299443601415,134.15,135.22,135.36,133.38,3265767,134.15,135.22,135.36,133.38,3265767.0,0.7299999999999898,0.0054
2023-12-14,135.01,136.49,134.26,135.29,FI,5353179.0,-0.1463707637835104,-0.1463707637835104,135.29,135.01,136.49,134.26,5353179,135.29,135.01,136.49,134.26,5353179.0,-0.21000000000000796,-0.0016
2023-12-15,133.01,134.33,132.35,133.65,FI,7200131.0,-0.15901618614061713,-0.15901618614061713,133.65,133.01,134.33,132.35,7200131,133.65,133.01,134.33,132.35,7200131.0,-2.0,-0.0148
2023-12-18,134.49,135.27,132.59,133.6,FI,4164973.0,-0.14965857359635804,-0.14965857359635804,133.6,134.49,135.27,132.59,4164973,133.6,134.49,135.27,132.59,4164973.0,1.4800000000000182,0.0111
2023-12-19,134.18,134.77,133.56,134.08,FI,4221796.0,-0.1516186140617096,-0.1516186140617096,134.08,134.18,134.77,133.56,4221796,134.08,134.18,134.77,133.56,4221796.0,-0.3100000000000023,-0.0023
2023-12-20,132.74,134.8,132.68,133.46,FI,2780573.0,-0.16072331815882643,-0.16072331815882643,133.46,132.74,134.8,132.68,2780573,133.46,132.74,134.8,132.68,2780573.0,-1.4399999999999977,-0.0107
2023-12-21,133.21,134.11,132.75,133.14,FI,2036598.0,-0.15775164390490637,-0.15775164390490637,133.14,133.21,134.11,132.75,2036598,133.14,133.21,134.11,132.75,2036598.0,0.46999999999999886,0.0035
2023-12-22,133.61,134.2,133.12,134.0,FI,2360064.0,-0.15522255943348498,-0.15522255943348498,134.0,133.61,134.2,133.12,2360064,134.0,133.61,134.2,133.12,2360064.0,0.4000000000000057,0.003
2023-12-26,132.59,133.58,132.36,133.43,FI,2149521.0,-0.16167172483560946,-0.16167172483560946,133.43,132.59,133.58,132.36,2149521,133.43,132.59,133.58,132.36,2149521.0,-1.0200000000000102,-0.0076
2023-12-27,133.01,133.25,132.47,132.47,FI,1762876.0,-0.15901618614061713,-0.15901618614061713,132.47,133.01,133.25,132.47,1762876,132.47,133.01,133.25,132.47,1762876.0,0.4199999999999875,0.0032
2023-12-28,133.38,133.84,132.65,132.65,FI,1636069.0,-0.15667678300455237,-0.15667678300455237,132.65,133.38,133.84,132.65,1636069,132.65,133.38,133.84,132.65,1636069.0,0.37000000000000455,0.0028
2023-12-29,132.84,133.81,132.22,133.41,FI,2021783.0,-0.16009104704097113,-0.16009104704097113,133.41,132.84,133.81,132.22,2021783,133.41,132.84,133.81,132.22,2021783.0,-0.539999999999992,-0.004
2024-01-02,133.08,133.67,131.94,132.33,FI,3227824.0,-0.15857359635811827,-0.15857359635811827,132.33,133.08,133.67,131.94,3227824,132.33,133.08,133.67,131.94,3227824.0,0.2400000000000091,0.0018
2024-01-03,131.75,133.01,131.41,133.01,FI,3710743.0,-0.1669828022255943,-0.1669828022255943,133.01,131.75,133.01,131.41,3710743,133.01,131.75,133.01,131.41,3710743.0,-1.3300000000000125,-0.01
2024-01-04,133.0,133.28,131.95,132.16,FI,2839159.0,-0.1590794132524026,-0.1590794132524026,132.16,133.0,133.28,131.95,2839159,132.16,133.0,133.28,131.95,2839159.0,1.25,0.0095
2024-01-05,132.57,133.7,132.15,133.21,FI,2564880.0,-0.1617981790591806,-0.1617981790591806,133.21,132.57,133.7,132.15,2564880,133.21,132.57,133.7,132.15,2564880.0,-0.4300000000000068,-0.0032
2024-01-08,135.23,135.27,133.66,134.3,FI,2453496.0,-0.14497976732422868,-0.14497976732422868,134.3,135.23,135.27,133.66,2453496,134.3,135.23,135.27,133.66,2453496.0,2.6599999999999966,0.0201
2024-01-09,135.1,135.28,134.34,134.34,FI,2322699.0,-0.14580171977744058,-0.14580171977744058,134.34,135.1,135.28,134.34,2322699,134.34,135.1,135.28,134.34,2322699.0,-0.12999999999999545,-0.001
2024-01-10,135.4,136.48,134.94,136.0,FI,2008954.0,-0.1439049064238745,-0.1439049064238745,136.0,135.4,136.48,134.94,2008954,136.0,135.4,136.48,134.94,2008954.0,0.30000000000001137,0.0022
2024-01-11,136.39,136.5,135.13,136.5,FI,2105152.0,-0.1376454223571068,-0.1376454223571068,136.5,136.39,136.5,135.13,2105152,136.5,136.39,136.5,135.13,2105152.0,0.9899999999999807,0.0073
2024-01-12,136.92,137.15,136.25,136.99,FI,1963174.0,-0.13429438543247352,-0.13429438543247352,136.99,136.92,137.15,136.25,1963174,136.99,136.92,137.15,136.25,1963174.0,0.5300000000000011,0.0039
2024-01-16,137.0,137.25,135.97,136.3,FI,2702907.0,-0.13378856853818916,-0.13378856853818916,136.3,137.0,137.25,135.97,2702907,136.3,137.0,137.25,135.97,2702907.0,0.0800000000000125,0.0006
2024-01-17,137.44,137.99,136.48,137.0,FI,3139533.0,-0.1310065756196257,-0.1310065756196257,137.0,137.44,137.99,136.48,3139533,137.0,137.44,137.99,136.48,3139533.0,0.4399999999999977,0.0032
2024-01-18,137.81,138.71,136.93,138.0,FI,2882857.0,-0.1286671724835609,-0.1286671724835609,138.0,137.81,138.71,136.93,2882857,138.0,137.81,138.71,136.93,2882857.0,0.37000000000000455,0.0027
2024-01-19,139.02,139.35,137.65,138.21,FI,3053996.0,-0.1210166919575113,-0.1210166919575113,138.21,139.02,139.35,137.65,3053996,138.21,139.02,139.35,137.65,3053996.0,1.210000000000008,0.0088
2024-01-22,140.52,140.64,139.53,139.53,FI,2082085.0,-0.11153262518968125,-0.11153262518968125,139.53,140.52,140.64,139.53,2082085,139.53,140.52,140.64,139.53,2082085.0,1.5,0.0108
2024-01-23,140.6,141.01,140.21,140.78,FI,2242499.0,-0.11102680829539709,-0.11102680829539709,140.78,140.6,141.01,140.21,2242499,140.78,140.6,141.01,140.21,2242499.0,0.07999999999998408,0.0006
2024-01-24,140.0,141.69,139.74,141.06,FI,2455250.0,-0.11482043500252906,-0.11482043500252906,141.06,140.0,141.69,139.74,2455250,141.06,140.0,141.69,139.74,2455250.0,-0.5999999999999943,-0.0043
2024-01-25,140.66,141.09,139.79,140.89,FI,2130788.0,-0.11064744562468387,-0.11064744562468387,140.89,140.66,141.09,139.79,2130788,140.89,140.66,141.09,139.79,2130788.0,0.6599999999999966,0.0047
2024-01-26,141.34,141.75,140.17,140.56,FI,1972696.0,-0.10634800202326754,-0.10634800202326754,140.56,141.34,141.75,140.17,1972696,140.56,141.34,141.75,140.17,1972696.0,0.6800000000000068,0.0048
2024-01-29,142.91,143.12,140.68,140.69,FI,2080233.0,-0.0964213454729388,-0.0964213454729388,140.69,142.91,143.12,140.68,2080233,140.69,142.91,143.12,140.68,2080233.0,1.5699999999999932,0.0111
2024-01-30,144.05,144.2,142.62,143.35,FI,2301876.0,-0.08921345472938787,-0.08921345472938787,143.35,144.05,144.2,142.62,2301876,143.35,144.05,144.2,142.62,2301876.0,1.1400000000000148,0.008
2024-01-31,141.87,144.82,141.85,144.41,FI,3091883.0,-0.10299696509863425,-0.10299696509863425,144.41,141.87,144.82,141.85,3091883,144.41,141.87,144.82,141.85,3091883.0,-2.180000000000007,-0.0151
2024-02-01,143.94,143.98,141.83,142.17,FI,2337318.0,-0.08990895295902883,-0.08990895295902883,142.17,143.94,143.98,141.83,2337318,142.17,143.94,143.98,141.83,2337318.0,2.069999999999993,0.0146
2024-02-02,144.9,145.87,143.49,144.27,FI,2565294.0,-0.08383915022761755,-0.08383915022761755,144.27,144.9,145.87,143.49,2565294,144.27,144.9,145.87,143.49,2565294.0,0.960000000000008,0.0067
2024-02-05,144.15,145.28,143.6,144.46,FI,3297390.0,-0.08858118361153257,-0.08858118361153257,144.46,144.15,145.28,143.6,3297390,144.46,144.15,145.28,143.6,3297390.0,-0.75,-0.0052
2024-02-06,141.09,141.89,137.13,141.62,FI,5105375.0,-0.10792867981790588,-0.10792867981790588,141.62,141.09,141.89,137.13,5105375,141.62,141.09,141.89,137.13,5105375.0,-3.0600000000000023,-0.0212
2024-02-07,142.71,143.77,140.26,141.11,FI,2906444.0,-0.0976858877086494,-0.0976858877086494,141.11,142.71,143.77,140.26,2906444,141.11,142.71,143.77,140.26,2906444.0,1.6200000000000045,0.0115
2024-02-08,143.55,143.66,142.14,142.25,FI,2283661.0,-0.09237481031866455,-0.09237481031866455,142.25,143.55,143.66,142.14,2283661,142.25,143.55,143.66,142.14,2283661.0,0.8400000000000034,0.0059
2024-02-09,144.23,144.34,142.74,143.38,FI,2095015.0,-0.0880753667172484,-0.0880753667172484,143.38,144.23,144.34,142.74,2095015,143.38,144.23,144.34,142.74,2095015.0,0.6799999999999784,0.0047
2024-02-12,144.23,144.86,143.7,144.31,FI,1689617.0,-0.0880753667172484,-0.0880753667172484,144.31,144.23,144.86,143.7,1689617,144.31,144.23,144.86,143.7,1689617.0,0.0,0.0
2024-02-13,143.58,144.35,142.47,143.7,FI,2116018.0,-0.09218512898330794,-0.09218512898330794,143.7,143.58,144.35,142.47,2116018,143.7,143.58,144.35,142.47,2116018.0,-0.6499999999999773,-0.0045
2024-02-14,144.98,145.21,142.98,144.16,FI,2234226.0,-0.08333333333333338,-0.08333333333333338,144.16,144.98,145.21,142.98,2234226,144.16,144.98,145.21,142.98,2234226.0,1.3999999999999773,0.0098
2024-02-15,148.01,148.07,145.44,145.73,FI,2216246.0,-0.06417551846231667,-0.06417551846231667,145.73,148.01,148.07,145.44,2216246,145.73,148.01,148.07,145.44,2216246.0,3.030000000000001,0.0209
2024-02-16,148.04,148.65,147.31,148.32,FI,2207483.0,-0.06398583712696007,-0.06398583712696007,148.32,148.04,148.65,147.31,2207483,148.32,148.04,148.65,147.31,2207483.0,0.030000000000001137,0.0002
2024-02-20,147.93,149.16,147.59,147.95,FI,2542032.0,-0.06468133535660085,-0.06468133535660085,147.95,147.93,149.16,147.59,2542032,147.95,147.93,149.16,147.59,2542032.0,-0.10999999999998522,-0.0007
2024-02-21,147.64,147.88,146.34,147.63,FI,2162549.0,-0.06651492159838145,-0.06651492159838145,147.63,147.64,147.88,146.34,2162549,147.63,147.64,147.88,146.34,2162549.0,-0.29000000000002046,-0.002
2024-02-22,150.11,150.44,148.57,148.95,FI,1868975.0,-0.05089782498735447,-0.05089782498735447,148.95,150.11,150.44,148.57,1868975,148.95,150.11,150.44,148.57,1868975.0,2.4700000000000273,0.0167
2024-02-23,150.76,151.56,149.6,150.19,FI,2178724.0,-0.046788062721294925,-0.046788062721294925,150.19,150.76,151.56,149.6,2178724,150.19,150.76,151.56,149.6,2178724.0,0.6499999999999773,0.0043
2024-02-26,150.96,151.72,149.65,149.93,FI,2487669.0,-0.04552352048558415,-0.04552352048558415,149.93,150.96,151.72,149.65,2487669,149.93,150.96,151.72,149.65,2487669.0,0.20000000000001705,0.0013
2024-02-27,150.65,151.08,149.67,150.44,FI,1858949.0,-0.047483560950935706,-0.047483560950935706,150.44,150.65,151.08,149.67,1858949,150.44,150.65,151.08,149.67,1858949.0,-0.3100000000000023,-0.0021
2024-02-28,147.95,151.97,146.01,150.79,FI,5774622.0,-0.0645548811330299,-0.0645548811330299,150.79,147.95,151.97,146.01,5774622,150.79,147.95,151.97,146.01,5774622.0,-2.700000000000017,-0.0179
2024-02-29,149.27,149.97,147.47,148.59,FI,4807471.0,-0.05620890237733932,-0.05620890237733932,148.59,149.27,149.97,147.47,4807471,148.59,149.27,149.97,147.47,4807471.0,1.3200000000000216,0.0089
2024-03-01,150.35,151.14,149.38,149.6,FI,2169656.0,-0.04938037430450178,-0.04938037430450178,149.6,150.35,151.14,149.38,2169656,149.6,150.35,151.14,149.38,2169656.0,1.079999999999984,0.0072
2024-03-04,149.99,150.89,149.11,150.13,FI,2162686.0,-0.0516565503287809,-0.0516565503287809,150.13,149.99,150.89,149.11,2162686,150.13,149.99,150.89,149.11,2162686.0,-0.3599999999999852,-0.0024
2024-03-05,149.95,151.36,149.66,150.21,FI,2255443.0,-0.051909458775923165,-0.051909458775923165,150.21,149.95,151.36,149.66,2255443,150.21,149.95,151.36,149.66,2255443.0,-0.040000000000020464,-0.0003
2024-03-06,150.64,151.5,149.91,150.51,FI,1918085.0,-0.04754678806272136,-0.04754678806272136,150.51,150.64,151.5,149.91,1918085,150.51,150.64,151.5,149.91,1918085.0,0.6899999999999977,0.0046
2024-03-07,150.27,152.19,149.86,151.37,FI,2106200.0,-0.049886191198785956,-0.049886191198785956,151.37,150.27,152.19,149.86,2106200,151.37,150.27,152.19,149.86,2106200.0,-0.3699999999999761,-0.0025
2024-03-08,151.24,151.8,149.95,150.21,FI,1919126.0,-0.043753161355589196,-0.043753161355589196,150.21,151.24,151.8,149.95,1919126,150.21,151.24,151.8,149.95,1919126.0,0.9699999999999989,0.0065
2024-03-11,149.74,151.82,149.13,151.45,FI,2879494.0,-0.053237228123419245,-0.053237228123419245,151.45,149.74,151.82,149.13,2879494,151.45,149.74,151.82,149.13,2879494.0,-1.5,-0.0099
2024-03-12,150.65,151.26,149.78,150.08,FI,1937668.0,-0.047483560950935706,-0.047483560950935706,150.08,150.65,151.26,149.78,1937668,150.08,150.65,151.26,149.78,1937668.0,0.9099999999999966,0.0061
2024-03-13,151.05,151.72,149.75,150.3,FI,2784825.0,-0.044954476479514324,-0.044954476479514324,150.3,151.05,151.72,149.75,2784825,150.3,151.05,151.72,149.75,2784825.0,0.4000000000000057,0.0027
2024-03-14,149.94,151.97,149.26,151.66,FI,2703398.0,-0.05197268588770864,-0.05197268588770864,151.66,149.94,151.97,149.26,2703398,151.66,149.94,151.97,149.26,2703398.0,-1.1100000000000136,-0.0073
2024-03-15,149.63,150.76,148.19,148.3,FI,3408153.0,-0.0539327263530602,-0.0539327263530602,148.3,149.63,150.76,148.19,3408153,148.3,149.63,150.76,148.19,3408153.0,-0.3100000000000023,-0.0021
2024-03-18,152.15,152.42,150.07,150.07,FI,2211136.0,-0.03799949418310566,-0.03799949418310566,150.07,152.15,152.42,150.07,2211136,150.07,152.15,152.42,150.07,2211136.0,2.5200000000000102,0.0168
2024-03-19,154.31,154.52,152.0,152.38,FI,3068890.0,-0.024342438037430414,-0.024342438037430414,152.38,154.31,154.52,152.0,3068890,152.38,154.31,154.52,152.0,3068890.0,2.1599999999999966,0.0142
2024-03-20,155.49,155.62,153.43,154.0,FI,2296227.0,-0.016881638846737403,-0.016881638846737403,154.0,155.49,155.62,153.43,2296227,154.0,155.49,155.62,153.43,2296227.0,1.1800000000000068,0.0076
2024-03-21,156.36,156.86,155.48,155.98,FI,3021175.0,-0.011380880121395947,-0.011380880121395947,155.98,156.36,156.86,155.48,3021175,155.98,156.36,156.86,155.48,3021175.0,0.8700000000000045,0.0056
2024-03-22,156.29,157.33,155.96,156.5,FI,2532995.0,-0.01182346990389482,-0.01182346990389482,156.5,156.29,157.33,155.96,2532995,156.5,156.29,157.33,155.96,2532995.0,-0.0700000000000216,-0.0004
2024-03-25,156.78,156.91,155.66,156.24,FI,2272226.0,-0.008725341426403613,-0.008725341426403613,156.24,156.78,156.91,155.66,2272226,156.24,156.78,156.91,155.66,2272226.0,0.4900000000000091,0.0031
2024-03-26,158.67,158.78,157.1,157.26,FI,3465147.0,0.003224582701062158,0.003224582701062158,157.26,158.67,158.78,157.1,3465147,157.26,158.67,158.78,157.1,3465147.0,1.8899999999999864,0.0121
2024-03-27,159.33,159.9,157.8,159.25,FI,2382919.0,0.007397572078907537,0.007397572078907537,159.25,159.33,159.9,157.8,2382919,159.25,159.33,159.9,157.8,2382919.0,0.660000000000025,0.0042
2024-03-28,159.82,159.99,158.88,159.67,FI,2751422.0,0.010495700556398563,0.010495700556398563,159.67,159.82,159.99,158.88,2751422,159.67,159.82,159.99,158.88,2751422.0,0.4899999999999807,0.0031
2024-04-01,158.57,159.92,158.41,159.74,FI,1865992.0,0.0025923115832068577,0.0025923115832068577,159.74,158.57,159.92,158.41,1865992,159.74,158.57,159.92,158.41,1865992.0,-1.25,-0.0078
2024-04-02,158.27,159.75,157.53,158.57,FI,1920350.0,0.0006954982296409563,0.0006954982296409563,158.57,158.27,159.75,157.53,1920350,158.57,158.27,159.75,157.53,1920350.0,-0.29999999999998295,-0.0019
2024-04-03,157.68,159.35,157.68,158.48,FI,2067053.0,-0.00303490136570555,-0.00303490136570555,158.48,157.68,159.35,157.68,2067053,158.48,157.68,159.35,157.68,2067053.0,-0.5900000000000034,-0.0037
2024-04-04,154.91,159.13,154.77,158.6,FI,2600090.0,-0.02054881133029843,-0.02054881133029843,158.6,154.91,159.13,154.77,2600090,158.6,154.91,159.13,154.77,2600090.0,-2.7700000000000102,-0.0176
2024-04-05,157.38,157.84,155.13,155.86,FI,1691821.0,-0.004931714719271631,-0.004931714719271631,155.86,157.38,157.84,155.13,1691821,155.86,157.38,157.84,155.13,1691821.0,2.469999999999999,0.0159
2024-04-08,157.85,158.27,156.72,157.34,FI,1998603.0,-0.0019600404653515573,-0.0019600404653515573,157.34,157.85,158.27,156.72,1998603,157.34,157.85,158.27,156.72,1998603.0,0.46999999999999886,0.003
2024-04-09,155.38,158.39,154.36,158.23,FI,1889121.0,-0.017577137076378358,-0.017577137076378358,158.23,155.38,158.39,154.36,1889121,158.23,155.38,158.39,154.36,1889121.0,-2.469999999999999,-0.0156
2024-04-10,153.78,155.13,153.51,153.71,FI,1733804.0,-0.027693474962063706,-0.027693474962063706,153.71,153.78,155.13,153.51,1733804,153.71,153.78,155.13,153.51,1733804.0,-1.5999999999999943,-0.0103
2024-04-11,153.59,154.45,152.01,153.6,FI,1763365.0,-0.02889479008598883,-0.02889479008598883,153.6,153.59,154.45,152.01,1763365,153.6,153.59,154.45,152.01,1763365.0,-0.18999999999999773,-0.0012
2024-04-12,151.2,153.35,150.66,152.44,FI,2118392.0,-0.04400606980273146,-0.04400606980273146,152.44,151.2,153.35,150.66,2118392,152.44,151.2,153.35,150.66,2118392.0,-2.390000000000015,-0.0156
2024-04-15,148.19,153.01,148.16,152.72,FI,2275670.0,-0.06303743045017703,-0.06303743045017703,152.72,148.19,153.01,148.16,2275670,152.72,148.19,153.01,148.16,2275670.0,-3.009999999999991,-0.0199
2024-04-16,146.4,149.16,146.06,148.61,FI,3294098.0,-0.0743550834597875,-0.0743550834597875,148.61,146.4,149.16,146.06,3294098,148.61,146.4,149.16,146.06,3294098.0,-1.789999999999992,-0.0121
2024-04-17,147.1,148.74,146.93,147.6,FI,2949247.0,-0.06992918563480022,-0.06992918563480022,147.6,147.1,148.74,146.93,2949247,147.6,147.1,148.74,146.93,2949247.0,0.6999999999999886,0.0048
2024-04-18,146.91,147.88,146.31,146.5,FI,1989629.0,-0.07113050075872535,-0.07113050075872535,146.5,146.91,147.88,146.31,1989629,146.5,146.91,147.88,146.31,1989629.0,-0.18999999999999773,-0.0013
2024-04-19,148.62,148.66,145.98,147.01,FI,2515820.0,-0.06031866464339904,-0.06031866464339904,147.01,148.62,148.66,145.98,2515820,147.01,148.62,148.66,145.98,2515820.0,1.710000000000008,0.0116
2024-04-22,148.8,149.77,148.0,149.28,FI,2773124.0,-0.05918057663125939,-0.05918057663125939,149.28,148.8,149.77,148.0,2773124,149.28,148.8,149.77,148.0,2773124.0,0.18000000000000682,0.0012
2024-04-23,155.39,159.56,153.52,159.23,FI,5334751.0,-0.017513909964592882,-0.017513909964592882,159.23,155.39,159.56,153.52,5334751,159.23,155.39,159.56,153.52,5334751.0,6.589999999999975,0.0443
2024-04-24,152.25,155.88,151.9,155.44,FI,2487304.0,-0.03736722306525036,-0.03736722306525036,155.44,152.25,155.88,151.9,2487304,155.44,152.25,155.88,151.9,2487304.0,-3.1399999999999864,-0.0202
2024-04-25,153.29,153.52,150.32,151.64,FI,3049955.0,-0.03079160343955491,-0.03079160343955491,151.64,153.29,153.52,150.32,3049955,151.64,153.29,153.52,150.32,3049955.0,1.039999999999992,0.0068
2024-04-26,155.89,156.92,152.72,153.1,FI,3196489.0,-0.0143525543753162,-0.0143525543753162,153.1,155.89,156.92,152.72,3196489,153.1,155.89,156.92,152.72,3196489.0,2.5999999999999943,0.017
2024-04-29,154.32,156.38,153.44,156.0,FI,1940779.0,-0.024279210925644938,-0.024279210925644938,156.0,154.32,156.38,153.44,1940779,156.0,154.32,156.38,153.44,1940779.0,-1.5699999999999932,-0.0101
2024-04-30,152.67,153.95,152.18,153.36,FI,2730169.0,-0.034711684370258025,-0.034711684370258025,153.36,152.67,153.95,152.18,2730169,153.36,152.67,153.95,152.18,2730169.0,-1.6500000000000057,-0.0107
2024-05-01,148.86,152.66,148.75,152.1,FI,3248496.0,-0.058801213960546175,-0.058801213960546175,152.1,148.86,152.66,148.75,3248496,152.1,148.86,152.66,148.75,3248496.0,-3.809999999999974,-0.025
2024-05-02,149.17,149.85,148.43,149.85,FI,2572284.0,-0.0568411734951948,-0.0568411734951948,149.85,149.17,149.85,148.43,2572284,149.85,149.17,149.85,148.43,2572284.0,0.30999999999997385,0.0021
2024-05-03,149.22,149.51,147.72,149.01,FI,2942846.0,-0.05652503793626706,-0.05652503793626706,149.01,149.22,149.51,147.72,2942846,149.01,149.22,149.51,147.72,2942846.0,0.05000000000001137,0.0003
2024-05-06,150.59,150.66,149.35,149.6,FI,2132449.0,-0.04786292362164892,-0.04786292362164892,149.6,150.59,150.66,149.35,2132449,149.6,150.59,150.66,149.35,2132449.0,1.3700000000000045,0.0092
2024-05-07,153.04,153.14,150.61,150.71,FI,1964416.0,-0.03237228123419325,-0.03237228123419325,150.71,153.04,153.14,150.61,1964416,150.71,153.04,153.14,150.61,1964416.0,2.4499999999999886,0.0163
2024-05-08,153.29,153.61,152.03,152.9,FI,2221493.0,-0.03079160343955491,-0.03079160343955491,152.9,153.29,153.61,152.03,2221493,152.9,153.29,153.61,152.03,2221493.0,0.25,0.0016
2024-05-09,154.67,154.78,153.13,153.19,FI,2408084.0,-0.022066262013151296,-0.022066262013151296,153.19,154.67,154.78,153.13,2408084,153.19,154.67,154.78,153.13,2408084.0,1.3799999999999955,0.009
2024-05-10,154.22,155.53,154.2,155.38,FI,2055296.0,-0.02491148204350024,-0.02491148204350024,155.38,154.22,155.53,154.2,2055296,155.38,154.22,155.53,154.2,2055296.0,-0.44999999999998863,-0.0029
