date,close,high,low,open,symbol,volume,changeOverTime,marketChangeOverTime,uOpen,uClose,uHigh,uLow,uVolume,fOpen,fClose,fHigh,fLow,fVolume,change,changePercent
2006-12-29,12.3788,12.4875,12.35,12.3988,NKE,6665599.999999998,0.0,0.0,99.19,99.03,99.9,98.8,833200,10.2936,10.277,10.3673,10.2531,6665599.999999998,0.0,0.0
2007-01-03,24.42,24.93,24.2,24.5,NKE,10579256.0,0.9727275664846352,0.9727275664846352,98.0,97.67,99.71,96.81,2162400,20.03,19.96,20.38,19.79,10579256.0,12.041200000000002,0.9727
2007-01-04,24.67,24.74,24.21,24.42,NKE,9225538.0,0.9929233851423402,0.9929233851423402,97.67,98.67,98.97,96.86,1885700,19.96,20.17,20.23,19.8,9225538.0,0.25,0.0102
2007-01-05,24.71,24.85,24.43,24.52,NKE,9171233.0,0.996154716127573,0.996154716127573,98.1,98.83,99.41,97.7,1874600,20.05,20.2,20.32,19.97,9171233.0,0.03999999999999915,0.0016
2007-01-08,24.63,24.75,24.41,24.63,NKE,6182485.0,0.9896920541571073,0.9896920541571073,98.5,98.53,98.99,97.63,1263700,20.13,20.14,20.23,19.96,6182485.0,-0.08000000000000185,-0.0032
2007-01-09,24.94,24.98,24.59,24.63,NKE,9275440.0,1.0147348692926617,1.0147348692926617,98.53,99.76,99.94,98.36,1895900,20.14,20.39,20.43,20.1,9275440.0,0.3100000000000023,0.0126
2007-01-10,24.94,24.96,24.73,24.81,NKE,7957926.0,1.0147348692926617,1.0147348692926617,99.24,99.76,99.85,98.9,1626600,20.28,20.39,20.41,20.22,7957926.0,0.0,0.0
2007-01-11,25.0,25.09,24.86,24.98,NKE,8754892.0,1.019581865770511,1.019581865770511,99.9,99.98,100.35,99.43,1789500,20.42,20.44,20.51,20.32,8754892.0,0.05999999999999872,0.0024
2007-01-12,24.94,25.0,24.83,24.89,NKE,5685421.0,1.0147348692926617,1.0147348692926617,99.55,99.76,100.02,99.32,1162100,20.35,20.39,20.44,20.3,5685421.0,-0.05999999999999872,-0.0024
2007-01-16,24.99,25.0,24.8,24.88,NKE,5665851.0,1.0187740330242026,1.0187740330242026,99.5,99.97,99.99,99.21,1158100,20.34,20.43,20.44,20.28,5665851.0,0.04999999999999716,0.002
2007-01-17,24.95,24.98,24.76,24.95,NKE,6581703.0,1.0155427020389698,1.0155427020389698,99.8,99.82,99.9,99.05,1345300,20.4,20.4,20.42,20.25,6581703.0,-0.03999999999999915,-0.0016
2007-01-18,24.92,25.06,24.75,24.93,NKE,9999511.0,1.0131192038000454,1.0131192038000454,99.71,99.67,100.25,99.0,2043900,20.38,20.37,20.49,20.24,9999511.0,-0.029999999999997584,-0.0012
2007-01-19,24.98,25.05,24.87,25.0,NKE,6802348.0,1.0179662002778944,1.0179662002778944,100.0,99.94,100.19,99.48,1390400,20.44,20.43,20.48,20.33,6802348.0,0.05999999999999872,0.0024
2007-01-22,24.43,25.04,24.36,25.04,NKE,11933953.0,0.9735353992309432,0.9735353992309432,100.15,97.7,100.15,97.45,2439300,20.47,19.97,20.47,19.92,11933953.0,-0.5500000000000007,-0.022
2007-01-23,24.19,24.57,24.05,24.43,NKE,8313601.0,0.9541474133195464,0.9541474133195464,97.7,96.76,98.3,96.21,1699300,19.97,19.78,20.09,19.67,8313601.0,-0.23999999999999844,-0.0098
2007-01-24,24.21,24.32,24.15,24.2,NKE,5425147.0,0.9557630788121628,0.9557630788121628,96.8,96.84,97.28,96.59,1108900,19.79,19.79,19.88,19.74,5425147.0,0.019999999999999574,0.0008
2007-01-25,23.96,24.42,23.96,24.23,NKE,6202055.0,0.9355672601544577,0.9355672601544577,96.9,95.84,97.67,95.83,1267700,19.81,19.59,19.96,19.59,6202055.0,-0.25,-0.0103
2007-01-26,23.8,24.16,23.73,24.0,NKE,6715753.0,0.9226419362135264,0.9226419362135264,96.0,95.2,96.66,94.92,1372700,19.62,19.46,19.76,19.4,6715753.0,-0.16000000000000014,-0.0067
2007-01-29,24.08,24.16,23.84,23.84,NKE,9973092.0,0.945261253110156,0.945261253110156,95.36,96.32,96.62,95.35,2038500,19.49,19.69,19.75,19.49,9973092.0,0.2799999999999976,0.0118
2007-01-30,24.44,24.45,24.13,24.13,NKE,12079746.0,0.9743432319772515,0.9743432319772515,96.5,97.75,97.79,96.5,2469100,19.72,19.98,19.99,19.72,12079746.0,0.360000000000003,0.015
2007-01-31,24.7,24.81,24.38,24.44,NKE,10528865.0,0.9953468833812646,0.9953468833812646,97.75,98.81,99.25,97.5,2152100,19.98,20.2,20.29,19.93,10528865.0,0.259999999999998,0.0106
2007-02-01,25.17,25.26,24.61,24.66,NKE,15127691.0,1.0333150224577505,1.0333150224577505,98.62,100.68,101.03,98.44,3092100,20.16,20.58,20.65,20.12,15127691.0,0.4700000000000024,0.019
2007-02-02,25.05,25.36,24.95,25.25,NKE,6692759.0,1.023621029502052,1.023621029502052,101.0,100.2,101.42,99.81,1368000,20.64,20.48,20.73,20.4,6692759.0,-0.120000000000001,-0.0048
2007-02-05,24.86,25.08,24.61,24.9,NKE,7207926.0,1.008272207322196,1.008272207322196,99.6,99.42,100.32,98.45,1473300,20.36,20.32,20.51,20.12,7207926.0,-0.19000000000000128,-0.0076
2007-02-06,25.29,25.32,24.86,24.86,NKE,7027397.0,1.0430090154134488,1.0430090154134488,99.42,101.17,101.28,99.42,1436400,20.32,20.68,20.7,20.32,7027397.0,0.4299999999999997,0.0173
2007-02-07,25.73,25.75,25.36,25.46,NKE,12287182.0,1.0785536562510099,1.0785536562510099,101.86,102.9,103.0,101.42,2511500,20.82,21.03,21.05,20.73,12287182.0,0.4400000000000013,0.0174
2007-02-08,25.85,25.93,25.56,25.68,NKE,9481409.0,1.0882476492067084,1.0882476492067084,102.7,103.39,103.7,102.24,1938000,20.99,21.13,21.2,20.9,9481409.0,0.120000000000001,0.0047
2007-02-09,25.9,26.03,25.77,25.77,NKE,10138943.0,1.0922868129382493,1.0922868129382493,103.07,103.6,104.13,103.07,2072400,21.07,21.18,21.28,21.07,10138943.0,0.04999999999999716,0.0019
2007-02-12,26.09,26.11,25.81,25.9,NKE,12248943.0,1.1076356351181051,1.1076356351181051,103.61,104.37,104.42,103.23,2503684,21.18,21.33,21.34,21.1,12248943.0,0.19000000000000128,0.0073
2007-02-13,26.3,26.39,25.86,25.86,NKE,11132803.0,1.1246001227905775,1.1246001227905775,103.43,105.2,105.57,103.43,2275545,21.14,21.5,21.58,21.14,11132803.0,0.21000000000000085,0.008
2007-02-14,26.34,26.45,26.24,26.3,NKE,8168801.0,1.1278314537758103,1.1278314537758103,105.2,105.38,105.78,104.95,1669703,21.5,21.54,21.62,21.45,8168801.0,0.03999999999999915,0.0015
2007-02-15,26.38,26.43,26.2,26.31,NKE,6935910.0,1.131062784761043,1.131062784761043,105.24,105.51,105.7,104.8,1417700,21.51,21.57,21.61,21.42,6935910.0,0.03999999999999915,0.0015
2007-02-16,26.57,26.88,26.42,26.63,NKE,9279354.0,1.146411606940899,1.146411606940899,106.5,106.3,107.51,105.68,1896700,21.77,21.73,21.98,21.6,9279354.0,0.19000000000000128,0.0072
2007-02-20,26.7,26.77,26.41,26.57,NKE,8965753.0,1.1569134326429056,1.1569134326429056,106.3,106.81,107.1,105.64,1832600,21.73,21.83,21.89,21.59,8965753.0,0.129999999999999,0.0049
2007-02-21,26.78,26.84,26.63,26.7,NKE,6767123.0,1.1633760946133713,1.1633760946133713,106.79,107.11,107.37,106.51,1383200,21.83,21.89,21.95,21.77,6767123.0,0.08000000000000185,0.003
2007-02-22,27.06,27.07,26.66,26.73,NKE,7002935.0,1.1859954115100009,1.1859954115100009,106.9,108.23,108.3,106.64,1431400,21.85,22.12,22.14,21.8,7002935.0,0.2799999999999976,0.0105
2007-02-23,27.01,27.06,26.8,27.06,NKE,4367417.0,1.18195624777846,1.18195624777846,108.23,108.04,108.23,107.18,892700,22.12,22.08,22.12,21.91,4367417.0,-0.04999999999999716,-0.0018
2007-02-26,26.96,27.23,26.8,27.23,NKE,8102285.0,1.177917084046919,1.177917084046919,108.9,107.83,108.9,107.2,1656107,22.26,22.04,22.26,21.91,8102285.0,-0.05000000000000071,-0.0019
2007-02-27,25.99,26.96,25.81,26.86,NKE,11523973.0,1.099557307655023,1.099557307655023,107.44,103.97,107.84,103.25,2355500,21.96,21.25,22.04,21.1,11523973.0,-0.9700000000000024,-0.036
2007-02-28,26.12,26.28,25.82,26.19,NKE,10929550.0,1.1100591333570298,1.1100591333570298,104.75,104.47,105.11,103.29,2234000,21.41,21.35,21.48,21.11,10929550.0,0.13000000000000256,0.005
2007-03-01,26.32,26.49,25.54,26.12,NKE,10357681.0,1.1262157882831938,1.1262157882831938,104.47,105.29,105.97,102.17,2117110,21.35,21.52,21.66,20.88,10357681.0,0.1999999999999993,0.0077
2007-03-02,25.96,26.47,25.96,26.32,NKE,6925636.0,1.0971338094160985,1.0971338094160985,105.3,103.86,105.89,103.86,1415600,21.52,21.23,21.64,21.23,6925636.0,-0.35999999999999943,-0.0137
2007-03-05,25.61,26.07,25.61,25.97,NKE,7323386.0,1.0688596632953113,1.0688596632953113,103.87,102.46,104.26,102.46,1496900,21.23,20.94,21.31,20.94,7323386.0,-0.3500000000000014,-0.0135
2007-03-06,26.27,26.38,25.7,25.74,NKE,7866438.0,1.1221766245516527,1.1221766245516527,102.95,105.1,105.5,102.81,1607900,21.04,21.48,21.56,21.01,7866438.0,0.6600000000000001,0.0258
2007-03-07,26.15,26.38,25.89,26.23,NKE,11552299.0,1.1124826315959542,1.1124826315959542,104.91,104.59,105.51,103.54,2361290,21.44,21.38,21.57,21.16,11552299.0,-0.120000000000001,-0.0046
2007-03-08,26.15,26.6,26.13,26.3,NKE,1597800.0,1.1124826315959542,1.1124826315959542,105.2,104.6,106.39,104.5,1597800,21.58,21.45,21.82,21.43,1597800.0,0.0,0.0
2007-03-09,26.46,26.57,26.23,26.34,NKE,1323600.0,1.1375254467315088,1.1375254467315088,105.35,105.85,106.28,104.9,1323600,21.61,21.71,21.8,21.51,1323600.0,0.3100000000000023,0.0119
2007-03-12,26.4,26.52,26.3,26.46,NKE,1099300.0,1.1326784502536593,1.1326784502536593,105.85,105.6,106.1,105.2,1099300,21.71,21.66,21.76,21.58,1099300.0,-0.060000000000002274,-0.0023
2007-03-13,26.15,26.35,25.73,26.25,NKE,1394400.0,1.1124826315959542,1.1124826315959542,105.01,104.6,105.4,102.91,1394400,21.54,21.45,21.62,21.11,1394400.0,-0.25,-0.0095
2007-03-14,26.2,26.29,25.69,26.15,NKE,1690100.0,1.1165217953274953,1.1165217953274953,104.61,104.82,105.14,102.75,1690100,21.46,21.5,21.56,21.07,1690100.0,0.05000000000000071,0.0019
2007-03-15,26.41,26.57,26.19,26.19,NKE,1468900.0,1.1334862829999677,1.1334862829999677,104.75,105.66,106.26,104.75,1468900,21.48,21.67,21.79,21.48,1468900.0,0.21000000000000085,0.008
2007-03-16,26.87,26.93,26.41,26.45,NKE,2411600.0,1.1706465893301452,1.1706465893301452,105.8,107.47,107.71,105.66,2411600,21.7,22.04,22.09,21.67,2411600.0,0.46000000000000085,0.0174
2007-03-19,27.08,27.15,26.86,26.87,NKE,1443600.0,1.1876110770026171,1.1876110770026171,107.47,108.32,108.61,107.46,1443600,22.04,22.22,22.28,22.04,1443600.0,0.2099999999999973,0.0078
2007-03-20,27.31,27.34,27.0,27.08,NKE,1093400.0,1.206191230167706,1.206191230167706,108.32,109.25,109.34,107.99,1093400,22.22,22.41,22.43,22.15,1093400.0,0.23000000000000043,0.0085
2007-03-21,27.21,27.52,27.04,27.31,NKE,1914552.0,1.198112902704624,1.198112902704624,109.24,108.85,110.1,108.16,1914552,22.41,22.33,22.58,22.18,1914552.0,-0.09999999999999787,-0.0037
2007-03-22,27.15,27.25,26.71,27.2,NKE,3212200.0,1.1932659062267748,1.1932659062267748,108.79,108.6,108.98,106.83,3212200,22.31,22.27,22.35,21.91,3212200.0,-0.060000000000002274,-0.0022
2007-03-23,27.26,27.32,26.25,26.86,NKE,4377281.0,1.2021520664361651,1.2021520664361651,107.42,109.05,109.27,105.01,4377281,22.03,22.37,22.41,21.54,4377281.0,0.11000000000000298,0.0041
2007-03-26,27.2,27.35,26.86,27.26,NKE,1449935.0,1.1973050699583159,1.1973050699583159,109.04,108.79,109.4,107.42,1449935,22.36,22.31,22.44,22.03,1449935.0,-0.060000000000002274,-0.0022
2007-03-27,26.64,27.13,26.59,27.2,NKE,2231900.0,1.1520664361650563,1.1520664361650563,108.79,106.57,108.51,106.36,2231900,22.31,21.86,22.26,21.81,2231900.0,-0.5599999999999987,-0.0206
2007-03-28,26.28,26.6,26.22,26.6,NKE,2254700.0,1.122984457297961,1.122984457297961,106.4,105.13,106.41,104.89,2254700,21.82,21.56,21.82,21.51,2254700.0,-0.35999999999999943,-0.0135
2007-03-29,26.24,26.44,26.13,26.27,NKE,1646700.0,1.119753126312728,1.119753126312728,105.1,104.97,105.75,104.5,1646700,21.56,21.53,21.69,21.43,1646700.0,-0.0400000000000027,-0.0015
2007-03-30,26.57,26.67,26.19,26.3,NKE,1558100.0,1.146411606940899,1.146411606940899,105.2,106.26,106.69,104.76,1558100,21.58,21.79,21.88,21.49,1558100.0,0.33000000000000185,0.0126
2007-04-02,26.61,26.8,26.48,26.57,NKE,1128900.0,1.1496429379261317,1.1496429379261317,106.26,106.43,107.18,105.91,1128900,21.79,21.83,21.98,21.72,1128900.0,0.03999999999999915,0.0015
2007-04-03,13.3,13.45,13.26,13.31,NKE,2691200.0,0.07441755258991184,0.07441755258991184,53.25,53.2,53.8,53.05,2691200,10.92,10.91,11.03,10.88,2691200.0,-13.309999999999999,-0.5002
2007-04-04,13.4,13.5,13.3,13.4,NKE,2977100.0,0.08249588005299385,0.08249588005299385,53.59,53.59,54.0,53.2,2977100,10.99,10.99,11.08,10.91,2977100.0,0.09999999999999964,0.0075
2007-04-05,13.37,13.46,13.31,13.4,NKE,2283500.0,0.08007238181406914,0.08007238181406914,53.59,53.48,53.83,53.24,2283500,10.99,10.97,11.04,10.92,2283500.0,-0.030000000000001137,-0.0022
2007-04-09,13.47,13.52,13.35,13.35,NKE,2907700.0,0.08815070927715131,0.08815070927715131,53.41,53.9,54.09,53.41,2907700,10.95,11.05,11.09,10.95,2907700.0,0.10000000000000142,0.0075
2007-04-10,13.5,13.52,13.34,13.43,NKE,3438000.0,0.09057420751607587,0.09057420751607587,53.73,54.01,54.06,53.34,3438000,11.02,11.08,11.09,10.94,3438000.0,0.02999999999999936,0.0022
2007-04-11,13.5,13.7,13.45,13.58,NKE,2671622.0,0.09057420751607587,0.09057420751607587,54.32,53.99,54.81,53.81,2671622,11.14,11.07,11.24,11.04,2671622.0,0.0,0.0
2007-04-12,13.56,13.58,13.35,13.46,NKE,2013100.0,0.09542120399392513,0.09542120399392513,53.83,54.23,54.32,53.4,2013100,11.04,11.12,11.14,10.95,2013100.0,0.0600000000000005,0.0044
2007-04-13,13.41,13.78,13.35,13.78,NKE,2143200.0,0.08330371279930204,0.08330371279930204,55.1,53.65,55.1,53.4,2143200,11.3,11.0,11.3,10.95,2143200.0,-0.15000000000000036,-0.0111
2007-04-16,13.59,13.63,13.41,13.41,NKE,2451600.0,0.0978447022328497,0.0978447022328497,53.65,54.37,54.5,53.66,2451600,11.0,11.15,11.18,11.01,2451600.0,0.17999999999999972,0.0134
2007-04-17,13.54,13.6,13.39,13.6,NKE,2152500.0,0.09380553850130861,0.09380553850130861,54.39,54.15,54.4,53.58,2152500,11.16,11.11,11.16,10.99,2152500.0,-0.05000000000000071,-0.0037
2007-04-18,13.47,13.53,13.41,13.52,NKE,2072900.0,0.08815070927715131,0.08815070927715131,54.08,53.89,54.1,53.64,2072900,11.09,11.05,11.1,11.0,2072900.0,-0.06999999999999851,-0.0052
2007-04-19,13.37,13.63,13.34,13.63,NKE,2289710.0,0.08007238181406914,0.08007238181406914,54.5,53.48,54.5,53.34,2289710,11.18,10.97,11.18,10.94,2289710.0,-0.10000000000000142,-0.0074
2007-04-20,13.38,13.43,13.27,13.37,NKE,3614500.0,0.08088021456037749,0.08088021456037749,53.48,53.53,53.73,53.08,3614500,10.97,10.98,11.02,10.89,3614500.0,0.010000000000001563,0.0007
2007-04-23,13.39,13.56,13.36,13.38,NKE,2484800.0,0.08168804730668566,0.08168804730668566,53.53,53.56,54.24,53.44,2484800,10.98,10.99,11.12,10.96,2484800.0,0.009999999999999787,0.0007
2007-04-24,13.38,13.47,13.2,13.46,NKE,2429300.0,0.08088021456037749,0.08088021456037749,53.85,53.51,53.88,52.8,2429300,11.04,10.97,11.05,10.83,2429300.0,-0.009999999999999787,-0.0007
2007-04-25,13.4,13.5,13.35,13.38,NKE,2376370.0,0.08249588005299385,0.08249588005299385,53.51,53.62,54.0,53.4,2376370,10.97,11.0,11.08,10.95,2376370.0,0.019999999999999574,0.0015
2007-04-26,13.46,13.51,13.33,13.4,NKE,3088800.0,0.08734287653084312,0.08734287653084312,53.6,53.84,54.03,53.33,3088800,10.99,11.04,11.08,10.94,3088800.0,0.0600000000000005,0.0045
2007-04-27,13.53,13.58,13.38,13.46,NKE,1962090.0,0.09299770575500044,0.09299770575500044,53.84,54.12,54.31,53.5,1962090,11.04,11.1,11.14,10.97,1962090.0,0.06999999999999851,0.0052
2007-04-30,13.46,13.75,13.46,13.56,NKE,2560643.0,0.08734287653084312,0.08734287653084312,54.25,53.86,55.0,53.82,2560643,11.13,11.05,11.28,11.04,2560643.0,-0.06999999999999851,-0.0052
2007-05-01,13.25,13.46,13.09,13.46,NKE,3024700.0,0.07037838885837076,0.07037838885837076,53.86,52.99,53.86,52.34,3024700,11.05,10.87,11.05,10.73,3024700.0,-0.21000000000000085,-0.0156
2007-05-02,13.37,13.46,13.27,13.29,NKE,2371300.0,0.08007238181406914,0.08007238181406914,53.17,53.48,53.86,53.07,2371300,10.91,10.97,11.05,10.88,2371300.0,0.11999999999999922,0.0091
2007-05-03,13.32,13.47,13.27,13.39,NKE,1497300.0,0.07603321808252822,0.07603321808252822,53.55,53.28,53.9,53.09,1497300,10.98,10.93,11.05,10.89,1497300.0,-0.049999999999998934,-0.0037
2007-05-04,13.32,13.46,13.3,13.35,NKE,1921800.0,0.07603321808252822,0.07603321808252822,53.41,53.29,53.83,53.2,1921800,10.95,10.93,11.04,10.91,1921800.0,0.0,0.0
2007-05-07,13.47,13.53,13.32,13.32,NKE,2553704.0,0.08815070927715131,0.08815070927715131,53.29,53.87,54.12,53.28,2553704,10.93,11.05,11.1,10.93,2553704.0,0.15000000000000036,0.0113
2007-05-08,13.44,13.62,13.43,13.49,NKE,2549100.0,0.0857272110382266,0.0857272110382266,53.95,53.75,54.48,53.72,2549100,11.07,11.02,11.17,11.02,2549100.0,-0.030000000000001137,-0.0022
2007-05-09,13.48,13.55,13.42,13.45,NKE,3070568.0,0.0889585420234595,0.0889585420234595,53.8,53.92,54.22,53.68,3070568,11.03,11.06,11.12,11.01,3070568.0,0.040000000000000924,0.003
2007-05-10,13.33,13.51,13.32,13.39,NKE,2728600.0,0.0768410508288364,0.0768410508288364,53.55,53.31,54.02,53.29,2728600,10.98,10.93,11.08,10.93,2728600.0,-0.15000000000000036,-0.0111
2007-05-11,13.26,13.33,13.16,13.32,NKE,3499200.0,0.07118622160467895,0.07118622160467895,53.3,53.03,53.32,52.65,3499200,10.93,10.88,10.94,10.8,3499200.0,-0.07000000000000028,-0.0053
2007-05-14,13.22,13.38,13.19,13.32,NKE,3671600.0,0.06795489061944619,0.06795489061944619,53.28,52.87,53.53,52.76,3671600,10.93,10.84,10.98,10.82,3671600.0,-0.03999999999999915,-0.003
2007-05-15,13.14,13.31,13.13,13.25,NKE,3479000.0,0.06149222864898056,0.06149222864898056,53.0,52.58,53.25,52.5,3479000,10.87,10.78,10.92,10.77,3479000.0,-0.08000000000000007,-0.0061
2007-05-16,13.25,13.34,13.17,13.17,NKE,2669360.0,0.07037838885837076,0.07037838885837076,52.69,52.99,53.34,52.67,2669360,10.81,10.87,10.94,10.8,2669360.0,0.10999999999999943,0.0084
2007-05-17,13.24,13.32,13.17,13.2,NKE,2111625.0,0.06957055611206257,0.06957055611206257,52.8,52.95,53.29,52.67,2111625,10.83,10.86,10.93,10.8,2111625.0,-0.009999999999999787,-0.0008
2007-05-18,13.31,13.31,13.14,13.24,NKE,2416222.0,0.07522538533622003,0.07522538533622003,52.95,53.25,53.25,52.58,2416222,10.86,10.92,10.92,10.78,2416222.0,0.07000000000000028,0.0053
2007-05-21,13.67,13.73,13.38,13.4,NKE,4097940.0,0.10430736420331534,0.10430736420331534,53.6,54.68,54.94,53.5,4097940,10.99,11.21,11.27,10.97,4097940.0,0.35999999999999943,0.027
2007-05-22,13.78,13.84,13.63,13.67,NKE,3760500.0,0.11319352441270554,0.11319352441270554,54.69,55.13,55.37,54.5,3760500,11.22,11.31,11.36,11.18,3760500.0,0.10999999999999943,0.008
2007-05-23,13.71,13.85,13.66,13.89,NKE,2247700.0,0.10753869518854824,0.10753869518854824,55.55,54.82,55.4,54.64,2247700,11.39,11.24,11.36,11.21,2247700.0,-0.06999999999999851,-0.0051
2007-05-24,13.62,13.85,13.58,13.76,NKE,2815601.0,0.10026820047177426,0.10026820047177426,55.03,54.47,55.39,54.32,2815601,11.29,11.17,11.36,11.14,2815601.0,-0.09000000000000163,-0.0066
2007-05-25,13.57,13.63,13.53,13.61,NKE,2278800.0,0.09622903674023332,0.09622903674023332,54.42,54.28,54.5,54.12,2278800,11.16,11.13,11.18,11.1,2278800.0,-0.049999999999998934,-0.0037
2007-05-29,13.68,13.81,13.6,13.65,NKE,3171941.0,0.10511519694962353,0.10511519694962353,54.6,54.72,55.25,54.4,3171941,11.2,11.22,11.33,11.16,3171941.0,0.10999999999999943,0.0081
2007-05-30,13.93,13.94,13.56,13.68,NKE,3659700.0,0.12531101560732863,0.12531101560732863,54.7,55.73,55.74,54.24,3659700,11.22,11.43,11.43,11.12,3659700.0,0.25,0.0183
2007-05-31,14.19,14.28,13.94,13.93,NKE,5293900.0,0.14631466701134194,0.14631466701134194,55.73,56.75,57.12,55.77,5293900,11.43,11.64,11.72,11.44,5293900.0,0.2599999999999998,0.0187
2007-06-01,14.17,14.27,14.12,14.19,NKE,4191300.0,0.14469900151872556,0.14469900151872556,56.75,56.69,57.09,56.48,4191300,11.64,11.63,11.71,11.58,4191300.0,-0.019999999999999574,-0.0014
2007-06-04,14.31,14.39,14.1,14.39,NKE,2354600.0,0.15600865996704047,0.15600865996704047,57.58,57.23,57.58,56.4,2354600,11.81,11.74,11.81,11.57,2354600.0,0.14000000000000057,0.0099
2007-06-05,14.22,14.38,14.19,14.31,NKE,3024000.0,0.14873816525026665,0.14873816525026665,57.24,56.89,57.5,56.74,3024000,11.74,11.67,11.79,11.64,3024000.0,-0.08999999999999986,-0.0063
2007-06-06,13.93,14.22,13.93,14.22,NKE,4213890.0,0.12531101560732863,0.12531101560732863,56.9,55.71,56.9,55.71,4213890,11.67,11.43,11.67,11.43,4213890.0,-0.2900000000000009,-0.0204
2007-06-07,13.53,13.9,13.53,13.9,NKE,6523400.0,0.09299770575500044,0.09299770575500044,55.62,54.1,55.62,54.1,6523400,11.44,11.13,11.44,11.13,6523400.0,-0.40000000000000036,-0.0287
2007-06-08,13.24,13.34,12.97,13.39,NKE,8892176.0,0.06957055611206257,0.06957055611206257,53.55,52.96,53.34,51.87,8892176,11.02,10.89,10.97,10.67,8892176.0,-0.28999999999999915,-0.0214
2007-06-11,13.35,13.51,13.32,13.24,NKE,5000016.0,0.07845671632145278,0.07845671632145278,52.96,53.4,54.03,53.3,5000016,10.89,10.98,11.11,10.96,5000016.0,0.10999999999999943,0.0083
2007-06-12,13.3,13.45,13.24,13.35,NKE,5872076.0,0.07441755258991184,0.07441755258991184,53.4,53.19,53.8,52.96,5872076,10.98,10.94,11.07,10.89,5872076.0,-0.049999999999998934,-0.0037
2007-06-13,13.37,13.51,13.27,13.35,NKE,3206500.0,0.08007238181406914,0.08007238181406914,53.4,53.48,54.02,53.06,3206500,10.98,11.0,11.11,10.91,3206500.0,0.06999999999999851,0.0053
2007-06-14,13.42,13.48,13.31,13.44,NKE,4021090.0,0.08411154554561023,0.08411154554561023,53.75,53.68,53.94,53.26,4021090,11.06,11.04,11.1,10.96,4021090.0,0.05000000000000071,0.0037
2007-06-15,13.36,13.47,13.35,13.47,NKE,3140600.0,0.07926454906776097,0.07926454906776097,53.9,53.42,53.89,53.39,3140600,11.09,10.99,11.09,10.98,3140600.0,-0.0600000000000005,-0.0045
2007-06-18,13.41,13.49,13.36,13.46,NKE,1881000.0,0.08330371279930204,0.08330371279930204,53.86,53.63,53.97,53.43,1881000,11.08,11.03,11.1,10.99,1881000.0,0.05000000000000071,0.0037
2007-06-19,13.63,13.66,13.31,13.35,NKE,3023000.0,0.10107603321808259,0.10107603321808259,53.4,54.5,54.64,53.25,3023000,10.98,11.21,11.24,10.95,3023000.0,0.22000000000000064,0.0164
2007-06-20,13.41,13.75,13.4,13.68,NKE,2551200.0,0.08330371279930204,0.08330371279930204,54.7,53.63,54.99,53.6,2551200,11.25,11.03,11.31,11.03,2551200.0,-0.22000000000000064,-0.0161
2007-06-21,13.39,13.54,13.29,13.41,NKE,2872850.0,0.08168804730668566,0.08168804730668566,53.63,53.58,54.15,53.14,2872850,11.03,11.02,11.14,10.93,2872850.0,-0.019999999999999574,-0.0015
2007-06-22,13.24,13.43,13.22,13.39,NKE,3943300.0,0.06957055611206257,0.06957055611206257,53.58,52.95,53.71,52.89,3943300,11.02,10.89,11.05,10.88,3943300.0,-0.15000000000000036,-0.0112
2007-06-25,13.45,13.74,13.3,13.4,NKE,4941499.0,0.08653504378453479,0.08653504378453479,53.6,53.81,54.98,53.2,4941499,11.03,11.07,11.31,10.94,4941499.0,0.20999999999999908,0.0159
2007-06-26,13.46,13.75,13.4,13.68,NKE,5450100.0,0.08734287653084312,0.08734287653084312,54.73,53.82,55.0,53.61,5450100,11.26,11.07,11.31,11.03,5450100.0,0.010000000000001563,0.0007
2007-06-27,14.57,14.68,13.87,14.16,NKE,14125746.0,0.17701231137105375,0.17701231137105375,56.64,58.29,58.7,55.49,14125746,11.65,11.99,12.07,11.41,14125746.0,1.1099999999999994,0.0825
2007-06-28,14.57,14.81,14.44,14.54,NKE,5125854.0,0.17701231137105375,0.17701231137105375,58.16,58.29,59.26,57.77,5125854,11.96,11.99,12.19,11.88,5125854.0,0.0,0.0
2007-06-29,14.57,14.73,14.38,14.57,NKE,2917400.0,0.17701231137105375,0.17701231137105375,58.29,58.29,58.92,57.5,2917400,11.99,11.99,12.12,11.83,2917400.0,0.0,0.0
2007-07-02,14.6,14.85,14.6,14.57,NKE,3539457.0,0.17943580960997832,0.17943580960997832,58.29,58.4,59.4,58.39,3539457,11.99,12.01,12.22,12.01,3539457.0,0.02999999999999936,0.0021
2007-07-03,14.74,14.79,14.57,14.61,NKE,2366800.0,0.19074546805829323,0.19074546805829323,58.43,58.98,59.16,58.3,2366800,12.02,12.13,12.17,11.99,2366800.0,0.14000000000000057,0.0096
2007-07-05,14.84,14.85,14.53,14.74,NKE,3048658.0,0.19882379552137525,0.19882379552137525,58.98,59.35,59.4,58.1,3048658,12.13,12.21,12.22,11.95,3048658.0,0.09999999999999964,0.0068
2007-07-06,14.92,14.99,14.75,14.84,NKE,2119020.0,0.20528645749184088,0.20528645749184088,59.35,59.67,59.97,59.01,2119020,12.21,12.27,12.34,12.14,2119020.0,0.08000000000000007,0.0054
2007-07-09,14.77,14.91,14.66,14.92,NKE,2744118.0,0.19316896629721778,0.19316896629721778,59.67,59.08,59.63,58.63,2744118,12.27,12.15,12.27,12.06,2744118.0,-0.15000000000000036,-0.0101
2007-07-10,14.61,14.82,14.58,14.69,NKE,2896900.0,0.1802436423562865,0.1802436423562865,58.75,58.45,59.28,58.33,2896900,12.08,12.02,12.19,12.0,2896900.0,-0.16000000000000014,-0.0108
2007-07-11,14.61,14.69,14.43,14.53,NKE,3851300.0,0.1802436423562865,0.1802436423562865,58.1,58.45,58.75,57.73,3851300,11.95,12.02,12.08,11.88,3851300.0,0.0,0.0
2007-07-12,14.87,14.88,14.6,14.61,NKE,3025500.0,0.2012472937602998,0.2012472937602998,58.42,59.46,59.53,58.4,3025500,12.02,12.23,12.25,12.01,3025500.0,0.2599999999999998,0.0178
2007-07-13,14.75,14.81,14.68,14.79,NKE,2108800.0,0.19155330080460142,0.19155330080460142,59.15,59.01,59.26,58.73,2108800,12.17,12.14,12.19,12.08,2108800.0,-0.11999999999999922,-0.0081
2007-07-16,14.7,14.76,14.57,14.68,NKE,2085900.0,0.18751413707306033,0.18751413707306033,58.71,58.78,59.04,58.3,2085900,12.08,12.09,12.14,11.99,2085900.0,-0.05000000000000071,-0.0034
2007-07-17,14.86,14.9,14.55,14.7,NKE,3160600.0,0.20043946101399163,0.20043946101399163,58.78,59.45,59.59,58.19,3160600,12.09,12.23,12.26,11.97,3160600.0,0.16000000000000014,0.0109
2007-07-18,14.92,14.94,14.68,14.64,NKE,3593550.0,0.20528645749184088,0.20528645749184088,58.58,59.68,59.75,58.72,3593550,12.05,12.28,12.29,12.08,3593550.0,0.0600000000000005,0.004
2007-07-19,14.96,15.09,14.89,14.96,NKE,4089700.0,0.20851778847707378,0.20851778847707378,59.85,59.83,60.35,59.55,4089700,12.31,12.31,12.41,12.25,4089700.0,0.040000000000000924,0.0027
2007-07-20,14.63,14.97,14.61,14.84,NKE,4807103.0,0.18185930784890303,0.18185930784890303,59.36,58.52,59.9,58.42,4807103,12.21,12.04,12.32,12.02,4807103.0,-0.33000000000000007,-0.0221
2007-07-23,14.85,14.95,14.72,14.77,NKE,3567400.0,0.19963162826768344,0.19963162826768344,59.06,59.4,59.81,58.9,3567400,12.15,12.22,12.3,12.12,3567400.0,0.21999999999999886,0.015
2007-07-24,14.59,14.85,14.54,14.71,NKE,4802854.0,0.17862797686367013,0.17862797686367013,58.86,58.35,59.4,58.17,4802854,12.11,12.0,12.22,11.97,4802854.0,-0.2599999999999998,-0.0175
2007-07-25,14.46,14.64,14.28,14.59,NKE,4538642.0,0.16812615116166355,0.16812615116166355,58.35,57.83,58.56,57.13,4538642,12.0,11.9,12.05,11.75,4538642.0,-0.129999999999999,-0.0089
2007-07-26,14.22,14.32,13.93,14.18,NKE,8690217.0,0.14873816525026665,0.14873816525026665,56.7,56.9,57.27,55.73,8690217,11.66,11.7,11.78,11.46,8690217.0,-0.2400000000000002,-0.0166
2007-07-27,13.86,14.26,13.86,14.11,NKE,5348710.0,0.11965618638317117,0.11965618638317117,56.45,55.44,57.04,55.44,5348710,11.61,11.4,11.73,11.4,5348710.0,-0.3600000000000012,-0.0253
2007-07-30,14.21,14.23,13.9,13.93,NKE,4733365.0,0.14793033250395846,0.14793033250395846,55.73,56.84,56.93,55.6,4733365,11.46,11.69,11.71,11.44,4733365.0,0.3500000000000014,0.0253
2007-07-31,14.11,14.41,14.02,14.02,NKE,4875681.0,0.13985200504087628,0.13985200504087628,56.06,56.45,57.64,56.06,4875681,11.53,11.61,11.86,11.53,4875681.0,-0.10000000000000142,-0.007
2007-08-01,14.22,14.31,13.99,14.11,NKE,6094290.0,0.14873816525026665,0.14873816525026665,56.45,56.9,57.23,55.98,6094290,11.61,11.7,11.77,11.52,6094290.0,0.11000000000000121,0.0078
2007-08-02,14.24,14.31,14.07,14.31,NKE,3436861.0,0.150353830742883,0.150353830742883,57.25,56.95,57.25,56.29,3436861,11.78,11.71,11.78,11.58,3436861.0,0.019999999999999574,0.0014
2007-08-03,14.13,14.37,14.03,14.24,NKE,4464800.0,0.1414676705334928,0.1414676705334928,56.95,56.5,57.46,56.11,4464800,11.71,11.62,11.82,11.54,4464800.0,-0.10999999999999943,-0.0077
2007-08-06,14.37,14.4,13.96,14.13,NKE,3701500.0,0.16085565644488958,0.16085565644488958,56.5,57.47,57.59,55.85,3701500,11.62,11.82,11.85,11.49,3701500.0,0.23999999999999844,0.017
2007-08-07,14.52,14.66,14.21,14.26,NKE,3986307.0,0.1729731476395127,0.1729731476395127,57.02,58.06,58.63,56.82,3986307,11.73,11.94,12.06,11.69,3986307.0,0.15000000000000036,0.0104
2007-08-08,14.15,14.59,13.96,14.44,NKE,4551400.0,0.14308333602610918,0.14308333602610918,57.75,56.61,58.36,55.86,4551400,11.88,11.64,12.0,11.49,4551400.0,-0.3699999999999992,-0.0255
2007-08-09,13.47,14.0,13.05,13.94,NKE,8711394.0,0.08815070927715131,0.08815070927715131,55.76,53.9,56.0,52.2,8711394,11.47,11.09,11.52,10.74,8711394.0,-0.6799999999999997,-0.0481
2007-08-10,13.95,14.03,13.0,13.25,NKE,5528237.0,0.126926681099945,0.126926681099945,53.0,55.78,56.1,52.0,5528237,10.9,11.47,11.54,10.7,5528237.0,0.47999999999999865,0.0356
2007-08-13,14.04,14.43,13.97,14.03,NKE,3580600.0,0.13419717581671883,0.13419717581671883,56.1,56.15,57.71,55.89,3580600,11.54,11.55,11.87,11.5,3580600.0,0.08999999999999986,0.0065
2007-08-14,13.66,14.2,13.65,14.04,NKE,3166700.0,0.10349953145700715,0.10349953145700715,56.15,54.66,56.79,54.6,3166700,11.55,11.24,11.68,11.23,3166700.0,-0.379999999999999,-0.0271
2007-08-15,13.39,13.8,13.36,13.66,NKE,3362221.0,0.08168804730668566,0.08168804730668566,54.66,53.57,55.22,53.43,3362221,11.24,11.02,11.36,10.99,3362221.0,-0.2699999999999996,-0.0198
2007-08-16,13.3,13.45,13.1,13.13,NKE,4364030.0,0.07441755258991184,0.07441755258991184,52.53,53.19,53.79,52.4,4364030,10.81,10.94,11.06,10.78,4364030.0,-0.08999999999999986,-0.0067
2007-08-17,13.62,13.87,13.17,13.51,NKE,3144200.0,0.10026820047177426,0.10026820047177426,54.02,54.47,55.48,52.68,3144200,11.11,11.2,11.41,10.84,3144200.0,0.3199999999999985,0.0241
2007-08-20,13.6,13.74,13.5,13.63,NKE,3280500.0,0.09865253497915788,0.09865253497915788,54.5,54.38,54.97,54.0,3280500,11.21,11.19,11.31,11.11,3280500.0,-0.019999999999999574,-0.0015
2007-08-21,13.53,13.71,13.43,13.63,NKE,2651800.0,0.09299770575500044,0.09299770575500044,54.5,54.12,54.85,53.71,2651800,11.21,11.13,11.28,11.05,2651800.0,-0.07000000000000028,-0.0051
2007-08-22,13.55,13.75,13.46,13.6,NKE,3621300.0,0.09461337124761694,0.09461337124761694,54.38,54.19,55.0,53.83,3621300,11.19,11.15,11.31,11.07,3621300.0,0.02000000000000135,0.0015
2007-08-23,13.51,13.73,13.43,13.62,NKE,2270200.0,0.09138204026238406,0.09138204026238406,54.46,54.03,54.92,53.72,2270200,11.2,11.11,11.3,11.05,2270200.0,-0.040000000000000924,-0.003
2007-08-24,13.53,13.6,13.45,13.51,NKE,1980200.0,0.09299770575500044,0.09299770575500044,54.03,54.12,54.41,53.79,1980200,11.11,11.13,11.19,11.06,1980200.0,0.019999999999999574,0.0015
2007-08-27,13.47,13.62,13.46,13.53,NKE,1763350.0,0.08815070927715131,0.08815070927715131,54.12,53.88,54.48,53.86,1763350,11.13,11.08,11.21,11.08,1763350.0,-0.05999999999999872,-0.0044
2007-08-28,13.38,13.6,13.33,13.47,NKE,4638400.0,0.08088021456037749,0.08088021456037749,53.88,53.53,54.39,53.33,4638400,11.08,11.01,11.19,10.97,4638400.0,-0.08999999999999986,-0.0067
2007-08-29,13.87,13.87,13.47,13.48,NKE,2882900.0,0.12046401912947936,0.12046401912947936,53.91,55.46,55.46,53.89,2882900,11.09,11.41,11.41,11.09,2882900.0,0.48999999999999844,0.0366
2007-08-30,13.94,14.0,13.7,13.72,NKE,2356300.0,0.12611884835363682,0.12611884835363682,54.9,55.76,56.0,54.81,2356300,11.29,11.47,11.52,11.27,2356300.0,0.07000000000000028,0.005
2007-08-31,14.09,14.2,13.9,14.07,NKE,3088700.0,0.13823633954825992,0.13823633954825992,56.27,56.34,56.79,55.6,3088700,11.57,11.59,11.68,11.44,3088700.0,0.15000000000000036,0.0108
2007-09-04,14.11,14.31,13.95,14.09,NKE,3262000.0,0.13985200504087628,0.13985200504087628,56.34,56.42,57.24,55.8,3262000,11.59,11.61,11.77,11.48,3262000.0,0.019999999999999574,0.0014
2007-09-05,13.87,14.05,13.77,14.11,NKE,2454900.0,0.12046401912947936,0.12046401912947936,56.42,55.47,56.2,55.06,2454900,11.61,11.41,11.56,11.33,2454900.0,-0.2400000000000002,-0.017
2007-09-06,13.95,14.13,13.81,13.82,NKE,2344200.0,0.126926681099945,0.126926681099945,55.29,55.8,56.53,55.26,2344200,11.41,11.52,11.67,11.41,2344200.0,0.08000000000000007,0.0058
2007-09-07,13.68,13.79,13.54,13.81,NKE,2560732.0,0.10511519694962353,0.10511519694962353,55.25,54.7,55.15,54.18,2560732,11.4,11.29,11.38,11.18,2560732.0,-0.2699999999999996,-0.0194
2007-09-10,13.79,13.9,13.54,13.76,NKE,2109900.0,0.11400135715901373,0.11400135715901373,55.05,55.15,55.61,54.15,2109900,11.36,11.38,11.48,11.18,2109900.0,0.10999999999999943,0.008
2007-09-11,13.88,13.93,13.73,13.79,NKE,1701200.0,0.12127185187578769,0.12127185187578769,55.15,55.53,55.7,54.91,1701200,11.38,11.46,11.5,11.33,1701200.0,0.09000000000000163,0.0065
2007-09-12,14.02,14.15,13.79,14.01,NKE,2495300.0,0.13258151032410245,0.13258151032410245,56.03,56.08,56.61,55.15,2495300,11.56,11.57,11.68,11.38,2495300.0,0.1399999999999988,0.0101
2007-09-13,14.22,14.32,13.93,14.11,NKE,2168045.0,0.14873816525026665,0.14873816525026665,56.44,56.88,57.28,55.73,2168045,11.65,11.74,11.82,11.5,2168045.0,0.20000000000000107,0.0143
2007-09-14,14.31,14.36,14.08,14.22,NKE,2393900.0,0.15600865996704047,0.15600865996704047,56.88,57.23,57.43,56.33,2393900,11.74,11.81,11.85,11.63,2393900.0,0.08999999999999986,0.0063
2007-09-17,14.08,14.25,14.02,14.25,NKE,4543700.0,0.13742850680195173,0.13742850680195173,57.0,56.31,57.0,56.09,4543700,11.76,11.62,11.76,11.58,4543700.0,-0.23000000000000043,-0.0161
2007-09-18,14.7,14.79,14.1,14.18,NKE,4684300.0,0.18751413707306033,0.18751413707306033,56.72,58.79,59.14,56.38,4684300,11.71,12.13,12.21,11.64,4684300.0,0.6199999999999992,0.044
2007-09-19,14.64,15.13,14.54,14.83,NKE,6434820.0,0.18266714059521122,0.18266714059521122,59.32,58.56,60.53,58.16,6434820,12.24,12.09,12.49,12.0,6434820.0,-0.05999999999999872,-0.0041
2007-09-20,14.58,14.75,14.46,14.75,NKE,4206000.0,0.17782014411736194,0.17782014411736194,59.0,58.32,59.0,57.83,4206000,12.18,12.04,12.18,11.94,4206000.0,-0.0600000000000005,-0.0041
2007-09-21,14.31,15.25,14.29,14.92,NKE,10285520.0,0.15600865996704047,0.15600865996704047,59.68,57.26,60.99,57.15,10285520,12.32,11.82,12.59,11.8,10285520.0,-0.2699999999999996,-0.0185
2007-09-24,14.45,14.53,14.17,14.36,NKE,6163834.0,0.16731831841535522,0.16731831841535522,57.45,57.81,58.11,56.67,6163834,11.86,11.93,11.99,11.7,6163834.0,0.1399999999999988,0.0098
2007-09-25,14.61,14.72,14.23,14.25,NKE,5585800.0,0.1802436423562865,0.1802436423562865,57.01,58.45,58.88,56.92,5585800,11.77,12.06,12.15,11.75,5585800.0,0.16000000000000014,0.0111
2007-09-26,14.6,14.7,14.53,14.63,NKE,2615199.0,0.17943580960997832,0.17943580960997832,58.5,58.39,58.8,58.1,2615199,12.07,12.05,12.14,11.99,2615199.0,-0.009999999999999787,-0.0007
2007-09-27,14.54,14.59,14.32,14.6,NKE,3577400.0,0.17458881313212904,0.17458881313212904,58.39,58.17,58.35,57.3,3577400,12.05,12.01,12.04,11.83,3577400.0,-0.0600000000000005,-0.0041
2007-09-28,14.66,14.72,14.5,14.52,NKE,3188200.0,0.18428280608782757,0.18428280608782757,58.08,58.66,58.89,58.01,3188200,11.99,12.11,12.15,11.97,3188200.0,0.120000000000001,0.0083
2007-10-01,14.85,14.91,14.65,14.75,NKE,4037700.0,0.19963162826768344,0.19963162826768344,58.99,59.39,59.64,58.62,4037700,12.18,12.26,12.31,12.1,4037700.0,0.1899999999999995,0.013
2007-10-02,14.79,14.97,14.73,14.82,NKE,2415800.0,0.19478463178983416,0.19478463178983416,59.29,59.16,59.87,58.91,2415800,12.24,12.21,12.36,12.16,2415800.0,-0.0600000000000005,-0.004
2007-10-03,14.8,15.0,14.7,14.79,NKE,3184100.0,0.19559246453614249,0.19559246453614249,59.16,59.22,60.0,58.79,3184100,12.21,12.22,12.38,12.13,3184100.0,0.010000000000001563,0.0007
2007-10-04,14.84,14.87,14.65,14.84,NKE,2640500.0,0.19882379552137525,0.19882379552137525,59.36,59.36,59.48,58.6,2640500,12.25,12.25,12.28,12.1,2640500.0,0.03999999999999915,0.0027
2007-10-05,15.09,15.13,14.75,14.84,NKE,4011400.0,0.21901961417908036,0.21901961417908036,59.34,60.35,60.5,58.99,4011400,12.25,12.46,12.49,12.18,4011400.0,0.25,0.0168
2007-10-08,15.0,15.12,14.92,15.04,NKE,1993100.0,0.2117491194623065,0.2117491194623065,60.16,60.01,60.47,59.67,1993100,12.42,12.39,12.48,12.32,1993100.0,-0.08999999999999986,-0.006
2007-10-09,15.44,15.55,14.99,15.0,NKE,5855500.0,0.24729376029986747,0.24729376029986747,60.0,61.77,62.19,59.96,5855500,12.38,12.75,12.84,12.38,5855500.0,0.4399999999999995,0.0293
2007-10-10,15.46,15.59,15.32,15.37,NKE,4486500.0,0.24890942579248398,0.24890942579248398,61.46,61.86,62.37,61.28,4486500,12.69,12.77,12.87,12.65,4486500.0,0.02000000000000135,0.0013
2007-10-11,15.25,15.53,15.21,15.5,NKE,5891500.0,0.23194493812001163,0.23194493812001163,62.0,61.01,62.1,60.86,5891500,12.8,12.59,12.82,12.56,5891500.0,-0.21000000000000085,-0.0136
2007-10-12,15.79,15.86,15.24,15.24,NKE,5449010.0,0.2755679064206546,0.2755679064206546,60.96,63.15,63.44,60.96,5449010,12.58,13.03,13.09,12.58,5449010.0,0.5399999999999991,0.0354
2007-10-15,15.98,16.18,15.71,15.75,NKE,4801900.0,0.2909167286005106,0.2909167286005106,63.0,63.92,64.74,62.83,4801900,13.0,13.19,13.36,12.97,4801900.0,0.19000000000000128,0.012
2007-10-16,15.98,16.01,15.68,15.96,NKE,4394400.0,0.2909167286005106,0.2909167286005106,63.86,63.91,64.04,62.7,4394400,13.18,13.19,13.22,12.94,4394400.0,0.0,0.0
2007-10-17,15.79,16.14,15.5,16.13,NKE,3271000.0,0.2755679064206546,0.2755679064206546,64.5,63.16,64.57,62.0,3271000,13.31,13.04,13.33,12.8,3271000.0,-0.19000000000000128,-0.0119
2007-10-18,15.81,15.9,15.62,15.64,NKE,2187100.0,0.2771835719132711,0.2771835719132711,62.58,63.26,63.6,62.46,2187100,12.92,13.06,13.13,12.89,2187100.0,0.02000000000000135,0.0013
2007-10-19,15.83,15.99,15.6,15.64,NKE,4588000.0,0.27879923740588747,0.27879923740588747,62.56,63.33,63.97,62.39,4588000,12.91,13.07,13.2,12.88,4588000.0,0.019999999999999574,0.0013
2007-10-22,15.79,15.87,15.49,15.48,NKE,4341800.0,0.2755679064206546,0.2755679064206546,61.94,63.17,63.47,61.98,4341800,12.78,13.04,13.1,12.79,4341800.0,-0.040000000000000924,-0.0025
2007-10-23,16.03,16.09,15.62,15.97,NKE,3974500.0,0.29495589233205166,0.29495589233205166,63.9,64.12,64.38,62.46,3974500,13.19,13.23,13.29,12.89,3974500.0,0.240000000000002,0.0152
2007-10-24,15.87,15.97,15.6,15.95,NKE,4902200.0,0.28203056839112023,0.28203056839112023,63.8,63.46,63.9,62.39,4902200,13.17,13.1,13.19,12.88,4902200.0,-0.16000000000000192,-0.01
2007-10-25,15.96,16.05,15.79,15.86,NKE,4767400.0,0.2893010631078942,0.2893010631078942,63.43,63.84,64.2,63.18,4767400,13.09,13.18,13.25,13.04,4767400.0,0.09000000000000163,0.0057
2007-10-26,16.15,16.25,15.85,15.87,NKE,3644200.0,0.3046498852877499,0.3046498852877499,63.48,64.61,64.99,63.39,3644200,13.1,13.34,13.41,13.08,3644200.0,0.18999999999999773,0.0119
2007-10-29,16.3,16.37,16.11,16.11,NKE,2423600.0,0.31676737648237313,0.31676737648237313,64.46,65.22,65.47,64.44,2423600,13.3,13.46,13.51,13.3,2423600.0,0.15000000000000213,0.0093
2007-10-30,16.23,16.36,16.0,16.17,NKE,2023800.0,0.3111125472582157,0.3111125472582157,64.68,64.93,65.45,64.0,2023800,13.35,13.4,13.51,13.21,2023800.0,-0.07000000000000028,-0.0043
2007-10-31,16.57,16.64,16.32,16.39,NKE,2941100.0,0.3385788606326946,0.3385788606326946,65.57,66.26,66.57,65.29,2941100,13.53,13.68,13.74,13.48,2941100.0,0.33999999999999986,0.0209
2007-11-01,15.96,16.52,15.91,16.48,NKE,3176400.0,0.2893010631078942,0.2893010631078942,65.94,63.82,66.07,63.66,3176400,13.61,13.17,13.64,13.14,3176400.0,-0.6099999999999994,-0.0368
2007-11-02,15.97,16.34,15.67,16.34,NKE,2442800.0,0.2901088958542024,0.2901088958542024,65.37,63.87,65.35,62.67,2442800,13.49,13.18,13.49,12.94,2442800.0,0.009999999999999787,0.0006
2007-11-05,15.85,15.98,15.5,15.5,NKE,2673656.0,0.28041490289850385,0.28041490289850385,62.0,63.38,63.93,62.0,2673656,12.8,13.08,13.2,12.8,2673656.0,-0.120000000000001,-0.0075
2007-11-06,16.0,16.07,15.69,15.85,NKE,2311063.0,0.292532394093127,0.292532394093127,63.38,63.99,64.27,62.76,2311063,13.08,13.21,13.27,12.95,2311063.0,0.15000000000000036,0.0095
2007-11-07,15.7,16.0,15.59,15.74,NKE,2931667.0,0.2682974117038808,0.2682974117038808,62.98,62.78,63.99,62.34,2931667,13.0,12.96,13.21,12.87,2931667.0,-0.3000000000000007,-0.0188
2007-11-08,15.82,15.91,15.23,15.7,NKE,3908294.0,0.2779914046595793,0.2779914046595793,62.78,63.3,63.63,60.91,3908294,12.96,13.07,13.13,12.57,3908294.0,0.120000000000001,0.0076
2007-11-09,15.55,15.71,15.36,15.62,NKE,3202325.0,0.2561799205092578,0.2561799205092578,62.46,62.21,62.84,61.43,3202325,12.89,12.84,12.97,12.68,3202325.0,-0.2699999999999996,-0.0171
2007-11-12,15.65,16.1,15.29,15.49,NKE,4242048.0,0.2642582479723398,0.2642582479723398,61.98,62.6,64.4,61.14,4242048,12.79,12.92,13.29,12.62,4242048.0,0.09999999999999964,0.0064
2007-11-13,16.0,16.03,15.57,15.75,NKE,3092579.0,0.292532394093127,0.292532394093127,63.0,63.99,64.12,62.3,3092579,13.0,13.21,13.23,12.86,3092579.0,0.34999999999999964,0.0224
2007-11-14,15.8,16.2,15.79,16.07,NKE,2853957.0,0.27637573916696295,0.27637573916696295,64.26,63.22,64.8,63.14,2853957,13.26,13.05,13.37,13.03,2853957.0,-0.1999999999999993,-0.0125
2007-11-15,15.76,15.99,15.57,15.75,NKE,2097235.0,0.27314440818173,0.27314440818173,63.0,63.05,63.98,62.29,2097235,13.0,13.01,13.21,12.86,2097235.0,-0.040000000000000924,-0.0025
2007-11-16,15.66,15.98,15.4,15.9,NKE,3537899.0,0.265066080718648,0.265066080718648,63.6,62.64,63.91,61.61,3537899,13.13,12.93,13.19,12.72,3537899.0,-0.09999999999999964,-0.0063
2007-11-19,15.5,15.81,15.41,15.59,NKE,3067112.0,0.25214075677771675,0.25214075677771675,62.37,62.0,63.25,61.63,3067112,12.87,12.8,13.05,12.72,3067112.0,-0.16000000000000014,-0.0102
2007-11-20,15.57,15.73,15.38,15.54,NKE,2802542.0,0.2577955860018742,0.2577955860018742,62.15,62.28,62.92,61.5,2802542,12.83,12.85,12.99,12.69,2802542.0,0.07000000000000028,0.0045
2007-11-21,15.72,15.98,15.33,15.33,NKE,2417147.0,0.26991307719649726,0.26991307719649726,61.31,62.88,63.92,61.31,2417147,12.65,12.98,13.19,12.65,2417147.0,0.15000000000000036,0.0096
2007-11-22,15.72,15.98,15.33,15.33,NKE,2417147.0,0.26991307719649726,0.26991307719649726,61.31,62.88,63.92,61.31,2417147,12.65,12.98,13.19,12.65,2417147.0,0.0,0.0
2007-11-23,15.94,16.0,15.72,15.78,NKE,869800.0,0.28768539761527767,0.28768539761527767,63.13,63.75,64.0,62.89,869800,13.03,13.16,13.21,12.98,869800.0,0.21999999999999886,0.014
2007-11-26,15.54,15.97,15.53,15.97,NKE,1998563.0,0.2553720877629495,0.2553720877629495,63.88,62.18,63.88,62.12,1998563,13.18,12.83,13.18,12.82,1998563.0,-0.40000000000000036,-0.0251
2007-11-27,15.85,15.98,15.6,15.6,NKE,2615313.0,0.28041490289850385,0.28041490289850385,62.38,63.4,63.91,62.38,2615313,12.88,13.09,13.19,12.88,2615313.0,0.3100000000000005,0.0199
2007-11-28,16.3,16.41,15.85,16.0,NKE,3520665.0,0.31676737648237313,0.31676737648237313,64.0,65.21,65.62,63.4,3520665,13.21,13.46,13.54,13.09,3520665.0,0.45000000000000107,0.0284
2007-11-29,16.18,16.28,15.96,16.27,NKE,1729004.0,0.3070733835266746,0.3070733835266746,65.09,64.71,65.13,63.83,1729004,13.43,13.36,13.44,13.17,1729004.0,-0.120000000000001,-0.0074
2007-11-30,16.41,16.55,16.25,16.25,NKE,2701673.0,0.32565353669176333,0.32565353669176333,64.99,65.65,66.19,64.99,2701673,13.41,13.55,13.66,13.41,2701673.0,0.23000000000000043,0.0142
2007-12-03,16.75,16.98,16.21,16.24,NKE,3324700.0,0.3531198500662423,0.3531198500662423,64.95,67.0,67.93,64.85,3324700,13.41,13.83,14.02,13.39,3324700.0,0.33999999999999986,0.0207
2007-12-04,16.45,16.84,16.38,16.84,NKE,3707960.0,0.3288848676769961,0.3288848676769961,67.36,65.8,67.36,65.53,3707960,13.9,13.58,13.9,13.53,3707960.0,-0.3000000000000007,-0.0179
2007-12-05,16.48,16.69,16.33,16.61,NKE,2723212.0,0.3313083659159208,0.3313083659159208,66.44,65.94,66.75,65.33,2723212,13.71,13.61,13.78,13.49,2723212.0,0.030000000000001137,0.0018
2007-12-06,16.35,16.41,16.23,16.34,NKE,2633350.0,0.32080654021391425,0.32080654021391425,65.37,65.41,65.64,64.91,2633350,13.54,13.55,13.59,13.44,2633350.0,-0.129999999999999,-0.0079
2007-12-07,16.35,16.41,16.23,16.34,NKE,2633350.0,0.32080654021391425,0.32080654021391425,65.37,65.41,65.64,64.91,2633350,13.54,13.55,13.59,13.44,2633350.0,0.0,0.0
2007-12-10,16.46,16.52,16.34,16.35,NKE,1943193.0,0.32969270042330445,0.32969270042330445,65.4,65.86,66.08,65.38,1943193,13.54,13.64,13.69,13.54,1943193.0,0.10999999999999943,0.0067
2007-12-11,16.05,16.65,16.04,16.52,NKE,2793210.0,0.29657155782466804,0.29657155782466804,66.09,64.2,66.61,64.15,2793210,13.69,13.3,13.79,13.29,2793210.0,-0.41000000000000014,-0.0249
2007-12-12,16.11,16.46,15.86,16.22,NKE,3405935.0,0.3014185543025172,0.3014185543025172,64.87,64.45,65.84,63.42,3405935,13.43,13.35,13.64,13.13,3405935.0,0.05999999999999872,0.0037
2007-12-13,16.24,16.32,15.99,16.0,NKE,3997975.0,0.3119203800045237,0.3119203800045237,64.01,64.96,65.27,63.98,3997975,13.26,13.45,13.52,13.25,3997975.0,0.129999999999999,0.0081
2007-12-14,16.08,16.28,15.98,16.28,NKE,2466800.0,0.29899505606359245,0.29899505606359245,65.11,64.32,65.11,63.91,2466800,13.48,13.32,13.48,13.24,2466800.0,-0.16000000000000014,-0.0099
2007-12-17,15.76,16.19,15.71,16.01,NKE,2309380.0,0.27314440818173,0.27314440818173,64.04,63.05,64.76,62.84,2309380,13.26,13.06,13.41,13.01,2309380.0,-0.3199999999999985,-0.0199
2007-12-18,15.94,15.95,15.56,15.89,NKE,3309498.0,0.28768539761527767,0.28768539761527767,63.55,63.75,63.78,62.24,3309498,13.16,13.2,13.21,12.89,3309498.0,0.17999999999999972,0.0114
2007-12-19,15.95,16.16,15.83,16.04,NKE,3050927.0,0.28849323036158586,0.28849323036158586,64.16,63.8,64.65,63.33,3050927,13.29,13.21,13.39,13.12,3050927.0,0.009999999999999787,0.0006
2007-12-20,16.5,16.85,16.45,16.45,NKE,6328536.0,0.33292403140853716,0.33292403140853716,65.81,66.01,67.4,65.81,6328536,13.63,13.67,13.96,13.63,6328536.0,0.5500000000000007,0.0345
2007-12-21,16.57,16.66,16.45,16.66,NKE,2993079.0,0.3385788606326946,0.3385788606326946,66.66,66.27,66.66,65.82,2993079,13.81,13.72,13.81,13.63,2993079.0,0.07000000000000028,0.0042
2007-12-24,16.72,16.76,16.52,16.52,NKE,1454536.0,0.35069635182731757,0.35069635182731757,66.09,66.88,67.03,66.09,1454536,13.69,13.85,13.88,13.69,1454536.0,0.14999999999999858,0.0091
2007-12-26,16.52,16.75,16.4,16.7,NKE,1854751.0,0.33453969690115354,0.33453969690115354,66.81,66.08,66.98,65.58,1854751,13.84,13.69,13.87,13.58,1854751.0,-0.1999999999999993,-0.012
2007-12-27,16.25,16.56,16.21,16.45,NKE,2101408.0,0.31272821275083207,0.31272821275083207,65.81,65.0,66.23,64.86,2101408,13.63,13.46,13.72,13.43,2101408.0,-0.2699999999999996,-0.0163
2007-12-28,16.08,16.47,16.02,16.46,NKE,4401155.0,0.29899505606359245,0.29899505606359245,65.83,64.31,65.88,64.06,4401155,13.63,13.32,13.64,13.27,4401155.0,-0.1700000000000017,-0.0105
2007-12-31,16.06,16.2,16.0,16.0,NKE,1842186.0,0.29737939057097607,0.29737939057097607,64.01,64.24,64.79,64.01,1842186,13.26,13.3,13.42,13.26,1842186.0,-0.019999999999999574,-0.0012
2008-01-02,15.82,16.18,15.68,16.08,NKE,2445403.0,0.2779914046595793,0.2779914046595793,64.32,63.28,64.7,62.7,2445403,13.32,13.11,13.4,12.99,2445403.0,-0.23999999999999844,-0.0149
2008-01-03,15.68,15.94,15.6,15.82,NKE,2659058.0,0.2666817462112644,0.2666817462112644,63.28,62.71,63.75,62.38,2659058,13.11,12.99,13.2,12.92,2659058.0,-0.14000000000000057,-0.0088
2008-01-04,15.44,15.72,15.43,15.56,NKE,5583883.0,0.24729376029986747,0.24729376029986747,62.24,61.74,62.88,61.7,5583883,12.89,12.79,13.02,12.78,5583883.0,-0.2400000000000002,-0.0153
2008-01-07,15.53,15.58,15.32,15.5,NKE,5202159.0,0.2545642550166413,0.2545642550166413,62.0,62.11,62.32,61.3,5202159,12.84,12.86,12.91,12.7,5202159.0,0.08999999999999986,0.0058
2008-01-08,15.46,15.74,15.38,15.6,NKE,4178674.0,0.24890942579248398,0.24890942579248398,62.4,61.83,62.98,61.54,4178674,12.92,12.8,13.04,12.74,4178674.0,-0.06999999999999851,-0.0045
2008-01-09,15.49,15.51,15.28,15.51,NKE,5830107.0,0.25133292403140856,0.25133292403140856,62.03,61.97,62.03,61.13,5830107,12.85,12.83,12.85,12.66,5830107.0,0.02999999999999936,0.0019
2008-01-10,15.63,15.79,15.32,15.48,NKE,5731450.0,0.26264258247972344,0.26264258247972344,61.92,62.54,63.18,61.3,5731450,12.82,12.95,13.08,12.7,5731450.0,0.14000000000000057,0.009
2008-01-11,15.18,15.51,15.05,15.51,NKE,5555870.0,0.2262901088958542,0.2262901088958542,62.04,60.7,62.04,60.21,5555870,12.85,12.57,12.85,12.47,5555870.0,-0.45000000000000107,-0.0288
2008-01-14,15.18,15.37,14.96,15.27,NKE,3568142.0,0.2262901088958542,0.2262901088958542,61.07,60.73,61.48,59.85,3568142,12.65,12.58,12.73,12.39,3568142.0,0.0,0.0
2008-01-15,14.27,14.97,14.25,14.97,NKE,7069486.0,0.15277732898180757,0.15277732898180757,59.87,57.06,59.89,57.0,7069486,12.4,11.82,12.4,11.8,7069486.0,-0.9100000000000001,-0.0599
2008-01-16,14.42,14.56,14.03,14.23,NKE,5861900.0,0.16489482017643067,0.16489482017643067,56.94,57.67,58.26,56.11,5861900,11.79,11.94,12.07,11.62,5861900.0,0.15000000000000036,0.0105
2008-01-17,13.99,14.59,13.99,14.45,NKE,4404498.0,0.1301580120851779,0.1301580120851779,57.81,55.98,58.36,55.96,4404498,11.97,11.59,12.09,11.59,4404498.0,-0.4299999999999997,-0.0298
2008-01-18,14.13,14.97,14.0,14.11,NKE,4258979.0,0.1414676705334928,0.1414676705334928,56.45,56.5,59.87,56.0,4258979,11.69,11.7,12.4,11.6,4258979.0,0.14000000000000057,0.01
2008-01-22,14.32,14.5,12.88,12.99,NKE,5522787.0,0.15681649271334866,0.15681649271334866,51.96,57.29,58.0,51.5,5522787,10.76,11.86,12.01,10.67,5522787.0,0.1899999999999995,0.0134
2008-01-23,14.38,14.52,13.5,13.88,NKE,7772552.0,0.1616634891911979,0.1616634891911979,55.5,57.52,58.08,54.01,7772552,11.49,11.91,12.03,11.19,7772552.0,0.0600000000000005,0.0042
2008-01-24,14.35,14.66,14.06,14.4,NKE,5302836.0,0.1592399909522732,0.1592399909522732,57.62,57.41,58.63,56.25,5302836,11.93,11.89,12.14,11.65,5302836.0,-0.030000000000001137,-0.0021
2008-01-25,14.0,14.54,13.9,14.54,NKE,4679838.0,0.1309658448314861,0.1309658448314861,58.18,56.0,58.18,55.59,4679838,12.05,11.6,12.05,11.51,4679838.0,-0.34999999999999964,-0.0244
2008-01-28,14.32,14.43,13.92,14.01,NKE,2724411.0,0.15681649271334866,0.15681649271334866,56.03,57.29,57.73,55.67,2724411,11.6,11.86,11.96,11.53,2724411.0,0.3200000000000003,0.0229
2008-01-29,14.34,14.39,14.07,14.39,NKE,3597268.0,0.158432158205965,0.158432158205965,57.57,57.35,57.57,56.28,3597268,11.92,11.88,11.92,11.66,3597268.0,0.019999999999999574,0.0014
2008-01-30,14.85,14.98,14.52,14.56,NKE,5547887.0,0.19963162826768344,0.19963162826768344,58.26,59.4,59.94,58.08,5547887,12.07,12.3,12.41,12.03,5547887.0,0.5099999999999998,0.0356
2008-01-31,15.33,15.54,14.79,14.85,NKE,7427993.0,0.23840760009047726,0.23840760009047726,59.38,61.33,62.18,59.18,7427993,12.3,12.7,12.88,12.26,7427993.0,0.4800000000000004,0.0323
2008-02-01,15.63,15.63,15.13,15.41,NKE,4079985.0,0.26264258247972344,0.26264258247972344,61.64,62.51,62.51,60.5,4079985,12.77,12.95,12.95,12.53,4079985.0,0.3000000000000007,0.0196
2008-02-04,15.19,15.66,15.06,15.63,NKE,3085050.0,0.22709794164216238,0.22709794164216238,62.53,60.74,62.63,60.24,3085050,12.95,12.58,12.97,12.48,3085050.0,-0.4400000000000013,-0.0282
2008-02-05,14.95,15.21,14.88,14.95,NKE,3605455.0,0.20770995573076545,0.20770995573076545,59.79,59.8,60.85,59.51,3605455,12.38,12.38,12.6,12.32,3605455.0,-0.2400000000000002,-0.0158
2008-02-06,15.01,15.35,14.96,15.08,NKE,3856341.0,0.2125569522086147,0.2125569522086147,60.32,60.03,61.39,59.84,3856341,12.49,12.43,12.71,12.39,3856341.0,0.0600000000000005,0.004
2008-02-07,15.19,15.26,14.89,14.97,NKE,3871609.0,0.22709794164216238,0.22709794164216238,59.88,60.76,61.05,59.55,3871609,12.4,12.58,12.64,12.33,3871609.0,0.17999999999999972,0.012
2008-02-08,15.16,15.35,14.95,15.14,NKE,2867075.0,0.2246744434032378,0.2246744434032378,60.55,60.64,61.41,59.81,2867075,12.54,12.56,12.72,12.39,2867075.0,-0.02999999999999936,-0.002
2008-02-11,15.16,15.32,15.0,15.19,NKE,2748450.0,0.2246744434032378,0.2246744434032378,60.74,60.66,61.29,60.0,2748450,12.58,12.56,12.69,12.43,2748450.0,0.0,0.0
2008-02-12,15.34,15.49,15.14,15.2,NKE,3118480.0,0.23921543283678545,0.23921543283678545,60.81,61.37,61.97,60.56,3118480,12.59,12.71,12.83,12.54,3118480.0,0.17999999999999972,0.0119
2008-02-13,15.64,15.69,15.21,15.47,NKE,3449426.0,0.26345041522603163,0.26345041522603163,61.87,62.55,62.74,60.82,3449426,12.81,12.95,12.99,12.6,3449426.0,0.3000000000000007,0.0196
2008-02-14,15.57,15.75,15.52,15.72,NKE,3152956.0,0.2577955860018742,0.2577955860018742,62.89,62.3,63.0,62.07,3152956,13.02,12.9,13.05,12.85,3152956.0,-0.07000000000000028,-0.0045
2008-02-15,15.57,15.73,15.42,15.54,NKE,2668191.0,0.2577955860018742,0.2577955860018742,62.16,62.29,62.92,61.68,2668191,12.87,12.9,13.03,12.77,2668191.0,0.0,0.0
2008-02-19,15.28,15.75,15.22,15.72,NKE,2335760.0,0.2343684363589362,0.2343684363589362,62.89,61.12,62.99,60.9,2335760,13.02,12.66,13.05,12.61,2335760.0,-0.2900000000000009,-0.0186
2008-02-20,15.3,15.38,15.12,15.19,NKE,2275240.0,0.23598410185155272,0.23598410185155272,60.74,61.2,61.53,60.46,2275240,12.58,12.67,12.74,12.52,2275240.0,0.02000000000000135,0.0013
2008-02-21,15.08,15.29,14.91,14.91,NKE,3286688.0,0.21821178143277217,0.21821178143277217,59.66,60.32,61.15,59.66,3286688,12.36,12.49,12.66,12.36,3286688.0,-0.22000000000000064,-0.0144
2008-02-22,15.15,15.2,14.91,15.11,NKE,3337372.0,0.22386661065692962,0.22386661065692962,60.45,60.59,60.78,59.66,3337372,12.52,12.55,12.59,12.36,3337372.0,0.07000000000000028,0.0046
2008-02-25,15.15,15.2,14.91,15.11,NKE,3337372.0,0.22386661065692962,0.22386661065692962,60.45,60.59,60.78,59.66,3337372,12.52,12.55,12.59,12.36,3337372.0,0.0,0.0
2008-02-26,15.65,15.75,15.35,15.39,NKE,2500704.0,0.2642582479723398,0.2642582479723398,61.58,62.61,63.0,61.41,2500704,12.75,12.97,13.05,12.72,2500704.0,0.5,0.033
2008-02-27,15.6,15.73,15.51,15.53,NKE,2279729.0,0.26021908424079876,0.26021908424079876,62.11,62.38,62.92,62.05,2279729,12.86,12.92,13.03,12.85,2279729.0,-0.05000000000000071,-0.0032
2008-02-28,15.51,15.6,15.37,15.49,NKE,2129548.0,0.25294858952402494,0.25294858952402494,61.98,62.04,62.41,61.49,2129548,12.84,12.85,12.93,12.73,2129548.0,-0.08999999999999986,-0.0058
2008-02-29,15.05,15.43,14.99,15.33,NKE,2951731.0,0.2157882831938476,0.2157882831938476,61.31,60.2,61.71,59.96,2951731,12.7,12.47,12.78,12.42,2951731.0,-0.4599999999999991,-0.0297
2008-03-03,15.02,15.13,14.84,15.06,NKE,2589316.0,0.2133647849549229,0.2133647849549229,60.24,60.09,60.51,59.36,2589316,12.48,12.44,12.53,12.29,2589316.0,-0.030000000000001137,-0.002
2008-03-04,15.11,15.22,14.88,14.91,NKE,4166026.0,0.22063527967169672,0.22063527967169672,59.63,60.43,60.9,59.5,4166026,12.35,12.52,12.61,12.32,4166026.0,0.08999999999999986,0.006
2008-03-05,15.2,15.48,15.03,15.2,NKE,2942356.0,0.22790577438847054,0.22790577438847054,60.81,60.81,61.91,60.12,2942356,12.59,12.59,12.82,12.45,2942356.0,0.08999999999999986,0.006
2008-03-06,14.89,15.16,14.86,15.15,NKE,4655570.0,0.2028629592529163,0.2028629592529163,60.62,59.58,60.64,59.43,4655570,12.6,12.39,12.61,12.36,4655570.0,-0.3099999999999987,-0.0204
2008-03-07,14.56,14.93,14.42,14.75,NKE,4299230.0,0.17620447862474556,0.17620447862474556,58.99,58.24,59.72,57.69,4299230,12.26,12.11,12.42,11.99,4299230.0,-0.33000000000000007,-0.0222
2008-03-10,14.24,14.74,14.19,14.54,NKE,4045655.0,0.150353830742883,0.150353830742883,58.18,56.97,58.98,56.77,4045655,12.1,11.84,12.26,11.8,4045655.0,-0.3200000000000003,-0.022
2008-03-11,14.48,14.55,14.18,14.4,NKE,3674371.0,0.16974181665427993,0.16974181665427993,57.61,57.92,58.2,56.7,3674371,11.98,12.04,12.1,11.79,3674371.0,0.2400000000000002,0.0169
2008-03-12,14.94,15.07,14.5,14.5,NKE,4560345.0,0.20690212298445726,0.20690212298445726,58.0,59.76,60.27,58.0,4560345,12.06,12.42,12.53,12.06,4560345.0,0.4599999999999991,0.0318
2008-03-13,15.26,15.34,14.5,14.71,NKE,4811496.0,0.23275277086631982,0.23275277086631982,58.85,61.03,61.37,58.0,4811496,12.23,12.69,12.76,12.06,4811496.0,0.3200000000000003,0.0214
2008-03-14,14.99,15.4,14.83,15.26,NKE,4720412.0,0.21094128671599832,0.21094128671599832,61.02,59.96,61.6,59.31,4720412,12.69,12.47,12.81,12.33,4720412.0,-0.2699999999999996,-0.0177
2008-03-17,14.81,15.04,14.44,14.61,NKE,4569280.0,0.19640029728245068,0.19640029728245068,58.42,59.26,60.16,57.75,4569280,12.15,12.32,12.51,12.01,4569280.0,-0.17999999999999972,-0.012
2008-03-18,15.42,15.44,14.89,15.07,NKE,3450261.0,0.24567809480725109,0.24567809480725109,60.27,61.67,61.74,59.57,3450261,12.53,12.82,12.84,12.38,3450261.0,0.6099999999999994,0.0412
2008-03-19,15.46,15.73,15.46,15.7,NKE,5188456.0,0.24890942579248398,0.24890942579248398,62.79,61.83,62.92,61.82,5188456,13.05,12.85,13.08,12.85,5188456.0,0.040000000000000924,0.0026
2008-03-20,16.82,16.84,15.46,16.18,NKE,10825171.0,0.35877467929039975,0.35877467929039975,64.71,67.27,67.35,61.83,10825171,13.45,13.99,14.0,12.85,10825171.0,1.3599999999999994,0.088
2008-03-24,17.27,17.65,16.62,16.63,NKE,7456918.0,0.39512715287426886,0.39512715287426886,66.5,69.08,70.6,66.48,7456918,13.83,14.36,14.68,13.82,7456918.0,0.4499999999999993,0.0268
2008-03-25,17.09,17.32,17.0,17.31,NKE,5114940.0,0.3805861634407212,0.3805861634407212,69.24,68.37,69.3,68.01,5114940,14.39,14.21,14.41,14.14,5114940.0,-0.17999999999999972,-0.0104
2008-03-26,16.57,17.1,16.52,17.04,NKE,5163494.0,0.3385788606326946,0.3385788606326946,68.15,66.27,68.4,66.07,5163494,14.17,13.78,14.22,13.74,5163494.0,-0.5199999999999996,-0.0304
2008-03-27,16.5,16.83,16.5,16.64,NKE,3835348.0,0.33292403140853716,0.33292403140853716,66.55,65.98,67.31,65.98,3835348,13.84,13.72,13.99,13.72,3835348.0,-0.07000000000000028,-0.0042
2008-03-28,16.46,16.61,16.27,16.58,NKE,5333370.0,0.32969270042330445,0.32969270042330445,66.33,65.86,66.43,65.1,5333370,13.79,13.69,13.81,13.53,5333370.0,-0.03999999999999915,-0.0024
2008-03-31,17.0,17.07,16.44,16.44,NKE,5780703.0,0.3733156687239474,0.3733156687239474,65.75,68.0,68.26,65.75,5780703,13.67,14.14,14.19,13.67,5780703.0,0.5399999999999991,0.0328
2008-04-01,17.39,17.48,16.82,17.15,NKE,4511741.0,0.4048211458299674,0.4048211458299674,68.6,69.57,69.91,67.26,4511741,14.26,14.46,14.53,13.98,4511741.0,0.39000000000000057,0.0229
2008-04-02,16.99,17.5,16.89,17.22,NKE,3886921.0,0.37250783597763903,0.37250783597763903,68.88,67.97,70.0,67.55,3886921,14.32,14.13,14.55,14.04,3886921.0,-0.40000000000000213,-0.023
2008-04-03,17.23,17.34,16.82,16.86,NKE,3225949.0,0.3918958218890361,0.3918958218890361,67.43,68.9,69.34,67.26,3225949,14.02,14.32,14.42,13.98,3225949.0,0.240000000000002,0.0141
2008-04-04,17.13,17.31,16.99,17.29,NKE,3141246.0,0.383817494425954,0.383817494425954,69.15,68.51,69.25,67.95,3141246,14.38,14.24,14.4,14.13,3141246.0,-0.10000000000000142,-0.0058
2008-04-07,16.71,17.24,16.7,17.22,NKE,3251493.0,0.34988851908100954,0.34988851908100954,68.87,66.83,68.95,66.82,3251493,14.32,13.89,14.33,13.89,3251493.0,-0.41999999999999815,-0.0245
2008-04-08,16.63,16.86,16.56,16.61,NKE,3282350.0,0.34342585711054374,0.34342585711054374,66.42,66.53,67.44,66.24,3282350,13.81,13.83,14.02,13.77,3282350.0,-0.08000000000000185,-0.0048
2008-04-09,16.61,16.82,16.49,16.68,NKE,3136693.0,0.34181019161792736,0.34181019161792736,66.7,66.44,67.27,65.95,3136693,13.87,13.81,13.99,13.71,3136693.0,-0.019999999999999574,-0.0012
2008-04-10,16.84,17.0,16.48,16.58,NKE,4366545.0,0.3603903447830161,0.3603903447830161,66.32,67.37,68.02,65.9,4366545,13.79,14.01,14.14,13.7,4366545.0,0.23000000000000043,0.0138
2008-04-11,16.67,17.0,16.65,16.68,NKE,3265997.0,0.3466571880957768,0.3466571880957768,66.7,66.69,68.0,66.6,3265997,13.87,13.86,14.14,13.85,3265997.0,-0.16999999999999815,-0.0101
2008-04-14,16.52,16.69,16.46,16.58,NKE,2205585.0,0.33453969690115354,0.33453969690115354,66.31,66.06,66.76,65.85,2205585,13.79,13.73,13.88,13.69,2205585.0,-0.15000000000000213,-0.009
2008-04-15,16.45,16.65,16.3,16.65,NKE,2362472.0,0.3288848676769961,0.3288848676769961,66.61,65.82,66.61,65.19,2362472,13.85,13.68,13.85,13.55,2362472.0,-0.07000000000000028,-0.0042
2008-04-16,16.52,16.64,16.37,16.54,NKE,2770599.0,0.33453969690115354,0.33453969690115354,66.15,66.07,66.55,65.47,2770599,13.75,13.74,13.84,13.61,2770599.0,0.07000000000000028,0.0043
2008-04-17,16.89,16.93,16.5,16.5,NKE,3467619.0,0.3644295085145572,0.3644295085145572,66.0,67.55,67.71,66.0,3467619,13.72,14.04,14.08,13.72,3467619.0,0.370000000000001,0.0224
2008-04-18,16.97,17.04,16.81,17.04,NKE,4008265.0,0.3708921704850227,0.3708921704850227,68.15,67.89,68.15,67.24,4008265,14.17,14.11,14.17,13.98,4008265.0,0.0799999999999983,0.0047
2008-04-21,17.16,17.21,16.78,16.87,NKE,3653455.0,0.38624099266487866,0.38624099266487866,67.47,68.62,68.86,67.11,3653455,14.03,14.27,14.32,13.95,3653455.0,0.19000000000000128,0.0112
2008-04-22,17.01,17.2,16.83,17.11,NKE,2886132.0,0.37412350147025575,0.37412350147025575,68.45,68.03,68.78,67.31,2886132,14.23,14.14,14.3,13.99,2886132.0,-0.14999999999999858,-0.0087
2008-04-23,16.89,17.24,16.84,17.11,NKE,3521582.0,0.3644295085145572,0.3644295085145572,68.42,67.58,68.95,67.38,3521582,14.22,14.05,14.33,14.01,3521582.0,-0.120000000000001,-0.0071
2008-04-24,17.02,17.15,16.86,16.95,NKE,3582901.0,0.37493133421656377,0.37493133421656377,67.81,68.06,68.6,67.42,3582901,14.1,14.15,14.26,14.02,3582901.0,0.129999999999999,0.0077
2008-04-25,17.18,17.21,16.93,17.13,NKE,3091839.0,0.38785665815749504,0.38785665815749504,68.52,68.74,68.85,67.72,3091839,14.25,14.29,14.31,14.08,3091839.0,0.16000000000000014,0.0094
2008-04-28,16.95,17.26,16.9,17.26,NKE,2905239.0,0.36927650499240633,0.36927650499240633,69.03,67.82,69.03,67.6,2905239,14.35,14.1,14.35,14.05,2905239.0,-0.23000000000000043,-0.0134
2008-04-29,17.06,17.13,16.88,16.95,NKE,2501161.0,0.37816266520179653,0.37816266520179653,67.82,68.23,68.51,67.5,2501161,14.1,14.19,14.24,14.03,2501161.0,0.10999999999999943,0.0065
2008-04-30,16.7,17.18,16.65,17.06,NKE,4187431.0,0.3490806863347012,0.3490806863347012,68.23,66.8,68.7,66.61,4187431,14.19,13.89,14.28,13.85,4187431.0,-0.35999999999999943,-0.0211
2008-05-01,16.95,17.13,16.63,16.7,NKE,3127621.0,0.36927650499240633,0.36927650499240633,66.8,67.81,68.51,66.5,3127621,13.89,14.1,14.24,13.83,3127621.0,0.25,0.015
2008-05-02,16.91,17.15,16.75,17.15,NKE,2977894.0,0.36604517400717357,0.36604517400717357,68.59,67.66,68.59,67.01,2977894,14.26,14.07,14.26,13.93,2977894.0,-0.03999999999999915,-0.0024
2008-05-05,16.75,17.12,16.64,16.44,NKE,2190986.0,0.3531198500662423,0.3531198500662423,65.76,66.98,68.49,66.55,2190986,13.67,13.93,14.24,13.84,2190986.0,-0.16000000000000014,-0.0095
2008-05-06,16.89,16.95,16.55,16.74,NKE,1959758.0,0.3644295085145572,0.3644295085145572,66.96,67.58,67.82,66.19,1959758,13.92,14.05,14.1,13.76,1959758.0,0.14000000000000057,0.0084
2008-05-07,16.69,17.16,16.64,16.93,NKE,2508755.0,0.34827285358839316,0.34827285358839316,67.74,66.75,68.66,66.56,2508755,14.08,13.88,14.27,13.84,2508755.0,-0.1999999999999993,-0.0118
2008-05-08,16.2,16.75,16.09,16.72,NKE,4504939.0,0.308689049019291,0.308689049019291,66.87,64.8,67.01,64.34,4504939,13.9,13.47,13.93,13.38,4504939.0,-0.490000000000002,-0.0294
2008-05-09,16.22,16.32,16.05,16.32,NKE,2366856.0,0.3103047145119074,0.3103047145119074,65.3,64.87,65.3,64.19,2366856,13.58,13.49,13.58,13.35,2366856.0,0.019999999999999574,0.0012
2008-05-12,16.34,16.48,16.21,16.29,NKE,8403748.0,0.3199987074676059,0.3199987074676059,65.17,65.34,65.93,64.85,8403748,13.55,13.58,13.71,13.48,8403748.0,0.120000000000001,0.0074
2008-05-13,16.41,16.52,16.16,16.41,NKE,3925205.0,0.32565353669176333,0.32565353669176333,65.64,65.66,66.08,64.66,3925205,13.65,13.65,13.74,13.44,3925205.0,0.07000000000000028,0.0043
2008-05-14,16.86,17.1,16.41,16.5,NKE,3834878.0,0.3620060102756325,0.3620060102756325,66.0,67.44,68.39,65.66,3834878,13.72,14.02,14.22,13.65,3834878.0,0.4499999999999993,0.0274
2008-05-15,17.0,17.11,16.82,16.97,NKE,2875195.0,0.3733156687239474,0.3733156687239474,67.89,68.02,68.44,67.3,2875195,14.11,14.14,14.23,13.99,2875195.0,0.14000000000000057,0.0083
2008-05-16,16.88,17.07,16.7,17.07,NKE,2075707.0,0.36362167576824883,0.36362167576824883,68.27,67.53,68.27,66.81,2075707,14.19,14.04,14.19,13.89,2075707.0,-0.120000000000001,-0.0071
2008-05-19,16.95,17.16,16.8,16.88,NKE,2425276.0,0.36927650499240633,0.36927650499240633,67.53,67.78,68.65,67.19,2425276,14.04,14.09,14.27,13.97,2425276.0,0.07000000000000028,0.0041
2008-05-20,16.76,17.04,16.68,16.8,NKE,3725376.0,0.3539276828125506,0.3539276828125506,67.2,67.04,68.16,66.71,3725376,13.97,13.94,14.17,13.87,3725376.0,-0.18999999999999773,-0.0112
2008-05-21,16.28,16.84,16.21,16.78,NKE,2803638.0,0.31515171098975675,0.31515171098975675,67.11,65.13,67.35,64.86,2803638,13.95,13.54,14.0,13.48,2803638.0,-0.4800000000000004,-0.0286
2008-05-22,16.25,16.37,16.15,16.27,NKE,2695763.0,0.31272821275083207,0.31272821275083207,65.09,65.01,65.49,64.59,2695763,13.53,13.52,13.62,13.43,2695763.0,-0.030000000000001137,-0.0018
2008-05-23,16.19,16.32,16.02,16.22,NKE,2006750.0,0.3078812162729829,0.3078812162729829,64.89,64.77,65.29,64.08,2006750,13.49,13.47,13.57,13.32,2006750.0,-0.05999999999999872,-0.0037
2008-05-27,16.5,16.67,16.03,16.23,NKE,2591035.0,0.33292403140853716,0.33292403140853716,64.92,66.02,66.68,64.12,2591035,13.5,13.73,13.86,13.33,2591035.0,0.3099999999999987,0.0191
2008-05-28,16.84,17.02,16.65,16.65,NKE,3160881.0,0.3603903447830161,0.3603903447830161,66.59,67.38,68.07,66.59,3160881,13.84,14.01,14.15,13.84,3160881.0,0.33999999999999986,0.0206
2008-05-29,17.1,17.22,16.73,16.85,NKE,2934372.0,0.38139399618702957,0.38139399618702957,67.39,68.39,68.87,66.93,2934372,14.01,14.22,14.32,13.91,2934372.0,0.26000000000000156,0.0154
2008-05-30,17.09,17.22,16.79,17.18,NKE,2603975.0,0.3805861634407212,0.3805861634407212,68.72,68.37,68.88,67.16,2603975,14.29,14.21,14.32,13.96,2603975.0,-0.010000000000001563,-0.0006
2008-06-02,16.79,17.07,16.5,17.07,NKE,2894921.0,0.356351181051475,0.356351181051475,68.27,67.14,68.27,66.02,2894921,14.19,13.96,14.19,13.73,2894921.0,-0.3000000000000007,-0.0176
2008-06-03,16.74,16.93,16.57,16.88,NKE,2787155.0,0.35231201731993395,0.35231201731993395,67.51,66.97,67.72,66.3,2787155,14.04,13.92,14.08,13.78,2787155.0,-0.05000000000000071,-0.003
2008-06-04,16.98,17.1,16.68,16.74,NKE,3535048.0,0.371700003231331,0.371700003231331,66.97,67.94,68.4,66.73,3535048,13.92,14.12,14.22,13.87,3535048.0,0.240000000000002,0.0143
2008-06-05,17.52,17.57,16.94,17.01,NKE,4887152.0,0.415322971531974,0.415322971531974,68.05,70.07,70.28,67.75,4887152,14.2,14.62,14.66,14.13,4887152.0,0.5399999999999991,0.0318
2008-06-06,16.98,17.39,16.98,17.34,NKE,3204946.0,0.371700003231331,0.371700003231331,69.36,67.93,69.58,67.93,3204946,14.47,14.17,14.51,14.17,3204946.0,-0.5399999999999991,-0.0308
2008-06-09,17.14,17.22,16.8,16.97,NKE,3417820.0,0.3846253271722623,0.3846253271722623,67.87,68.58,68.89,67.22,3417820,14.16,14.31,14.37,14.02,3417820.0,0.16000000000000014,0.0094
2008-06-10,17.12,17.25,17.0,17.01,NKE,3846211.0,0.3830096616796459,0.3830096616796459,68.03,68.48,69.0,68.0,3846211,14.19,14.28,14.39,14.18,3846211.0,-0.019999999999999574,-0.0012
2008-06-11,16.86,17.13,16.84,17.13,NKE,4558231.0,0.3620060102756325,0.3620060102756325,68.53,67.44,68.53,67.34,4558231,14.3,14.07,14.3,14.05,4558231.0,-0.26000000000000156,-0.0152
2008-06-12,16.7,17.15,16.62,16.91,NKE,3028947.0,0.3490806863347012,0.3490806863347012,67.66,66.78,68.6,66.46,3028947,14.11,13.93,14.31,13.86,3028947.0,-0.16000000000000014,-0.0095
2008-06-13,17.25,17.43,16.77,16.77,NKE,3397971.0,0.3935114873816525,0.3935114873816525,67.09,68.99,69.72,67.09,3397971,13.99,14.39,14.54,13.99,3397971.0,0.5500000000000007,0.0329
2008-06-16,17.09,17.21,16.97,17.21,NKE,3199010.0,0.3805861634407212,0.3805861634407212,68.84,68.38,68.86,67.88,3199010,14.36,14.26,14.36,14.16,3199010.0,-0.16000000000000014,-0.0093
2008-06-17,17.0,17.3,16.94,17.3,NKE,3257478.0,0.3733156687239474,0.3733156687239474,69.2,68.0,69.2,67.77,3257478,14.44,14.18,14.44,14.14,3257478.0,-0.08999999999999986,-0.0053
2008-06-18,16.97,17.24,16.86,16.93,NKE,3175070.0,0.3708921704850227,0.3708921704850227,67.7,67.88,68.95,67.45,3175070,14.12,14.16,14.38,14.07,3175070.0,-0.030000000000001137,-0.0018
2008-06-19,16.96,17.12,16.75,17.01,NKE,2952554.0,0.37008433773871463,0.37008433773871463,68.05,67.84,68.48,67.02,2952554,14.2,14.15,14.28,13.98,2952554.0,-0.00999999999999801,-0.0006
2008-06-20,16.68,16.88,16.46,16.81,NKE,4245039.0,0.3474650208420848,0.3474650208420848,67.23,66.73,67.5,65.86,4245039,14.02,13.92,14.08,13.74,4245039.0,-0.28000000000000114,-0.0165
2008-06-23,16.73,16.95,16.64,16.76,NKE,3239181.0,0.3515041845736259,0.3515041845736259,67.03,66.9,67.78,66.54,3239181,13.98,13.96,14.14,13.88,3239181.0,0.05000000000000071,0.003
2008-06-24,16.49,16.85,16.48,16.77,NKE,3694294.0,0.33211619866222886,0.33211619866222886,67.08,65.97,67.39,65.91,3694294,13.99,13.76,14.06,13.75,3694294.0,-0.240000000000002,-0.0143
2008-06-25,16.49,16.88,16.45,16.56,NKE,4802901.0,0.33211619866222886,0.33211619866222886,66.25,65.97,67.51,65.82,4802901,13.82,13.76,14.08,13.73,4802901.0,0.0,0.0
2008-06-26,14.88,15.5,14.41,15.21,NKE,18527521.0,0.20205512650660815,0.20205512650660815,60.85,59.5,62.0,57.63,18527521,12.69,12.41,12.93,12.02,18527521.0,-1.6099999999999977,-0.0976
2008-06-27,15.09,15.46,14.76,14.93,NKE,7637995.0,0.21901961417908036,0.21901961417908036,59.72,60.34,61.83,59.04,7637995,12.46,12.59,12.9,12.32,7637995.0,0.20999999999999908,0.0141
2008-06-30,14.9,15.14,14.87,15.12,NKE,4946840.0,0.2036707919992245,0.2036707919992245,60.46,59.61,60.55,59.49,4946840,12.61,12.43,12.63,12.41,4946840.0,-0.1899999999999995,-0.0126
2008-07-01,14.75,14.91,14.41,14.9,NKE,7457628.0,0.19155330080460142,0.19155330080460142,59.6,58.99,59.64,57.63,7457628,12.43,12.31,12.44,12.02,7457628.0,-0.15000000000000036,-0.0101
2008-07-02,14.52,14.98,14.49,14.83,NKE,4875803.0,0.1729731476395127,0.1729731476395127,59.33,58.09,59.92,57.98,4875803,12.38,12.12,12.5,12.09,4875803.0,-0.23000000000000043,-0.0156
2008-07-03,14.63,14.86,14.35,14.57,NKE,2476680.0,0.18185930784890303,0.18185930784890303,58.29,58.52,59.44,57.41,2476680,12.16,12.21,12.4,11.98,2476680.0,0.11000000000000121,0.0076
2008-07-07,14.12,14.8,13.88,14.64,NKE,8269120.0,0.14065983778718447,0.14065983778718447,58.56,56.46,59.22,55.52,8269120,12.22,11.78,12.35,11.58,8269120.0,-0.5100000000000016,-0.0349
2008-07-08,14.58,14.59,13.91,14.1,NKE,4816032.0,0.17782014411736194,0.17782014411736194,56.39,58.32,58.36,55.64,4816032,11.76,12.17,12.17,11.61,4816032.0,0.46000000000000085,0.0326
2008-07-09,14.24,14.53,14.14,14.53,NKE,6282661.0,0.150353830742883,0.150353830742883,58.1,56.95,58.1,56.57,6282661,12.12,11.88,12.12,11.8,6282661.0,-0.33999999999999986,-0.0233
2008-07-10,13.92,14.24,13.76,14.21,NKE,5488589.0,0.12450318286102044,0.12450318286102044,56.85,55.67,56.95,55.02,5488589,11.86,11.61,11.88,11.48,5488589.0,-0.3200000000000003,-0.0225
2008-07-11,14.06,14.22,13.66,13.79,NKE,6357668.0,0.13581284130933535,0.13581284130933535,55.14,56.26,56.87,54.64,6357668,11.5,11.74,11.86,11.4,6357668.0,0.14000000000000057,0.0101
2008-07-14,13.95,14.33,13.9,14.26,NKE,4091508.0,0.126926681099945,0.126926681099945,57.04,55.81,57.31,55.6,4091508,11.9,11.64,11.95,11.6,4091508.0,-0.11000000000000121,-0.0078
2008-07-15,14.41,14.54,13.92,14.17,NKE,5583673.0,0.16408698743012248,0.16408698743012248,56.68,57.64,58.16,55.69,5583673,11.82,12.02,12.13,11.62,5583673.0,0.46000000000000085,0.033
2008-07-16,14.54,14.59,14.1,14.4,NKE,6120144.0,0.17458881313212904,0.17458881313212904,57.59,58.16,58.36,56.4,6120144,12.01,12.13,12.17,11.77,6120144.0,0.129999999999999,0.009
2008-07-17,14.64,14.69,14.23,14.63,NKE,6493655.0,0.18266714059521122,0.18266714059521122,58.52,58.56,58.77,56.93,6493655,12.21,12.22,12.26,11.88,6493655.0,0.10000000000000142,0.0069
2008-07-18,14.55,14.7,14.08,14.68,NKE,4115007.0,0.1753966458784374,0.1753966458784374,58.73,58.2,58.78,56.32,4115007,12.25,12.14,12.26,11.75,4115007.0,-0.08999999999999986,-0.0061
2008-07-21,14.38,14.47,14.12,14.31,NKE,2971678.0,0.1616634891911979,0.1616634891911979,57.26,57.51,57.88,56.48,2971678,11.94,12.0,12.07,11.78,2971678.0,-0.16999999999999993,-0.0117
2008-07-22,14.67,14.67,14.16,14.3,NKE,3815679.0,0.18509063883413576,0.18509063883413576,57.22,58.67,58.67,56.64,3815679,11.94,12.24,12.24,11.82,3815679.0,0.28999999999999915,0.0202
2008-07-23,14.8,15.11,14.63,14.64,NKE,3784622.0,0.19559246453614249,0.19559246453614249,58.57,59.2,60.43,58.5,3784622,12.22,12.35,12.61,12.2,3784622.0,0.13000000000000078,0.0089
2008-07-24,14.53,14.98,14.48,14.84,NKE,3387818.0,0.17378098038582088,0.17378098038582088,59.34,58.13,59.94,57.92,3387818,12.38,12.13,12.5,12.08,3387818.0,-0.27000000000000135,-0.0182
2008-07-25,14.54,14.74,14.39,14.62,NKE,3094162.0,0.17458881313212904,0.17458881313212904,58.48,58.17,58.97,57.58,3094162,12.2,12.13,12.3,12.01,3094162.0,0.009999999999999787,0.0007
2008-07-28,14.31,14.72,14.31,14.53,NKE,2559835.0,0.15600865996704047,0.15600865996704047,58.13,57.24,58.9,57.23,2559835,12.13,11.94,12.29,11.94,2559835.0,-0.22999999999999865,-0.0158
2008-07-29,14.77,14.81,14.28,14.28,NKE,2359854.0,0.19316896629721778,0.19316896629721778,57.1,59.06,59.24,57.1,2359854,11.91,12.32,12.36,11.91,2359854.0,0.4599999999999991,0.0321
2008-07-30,14.92,15.1,14.67,14.82,NKE,2580432.0,0.20528645749184088,0.20528645749184088,59.3,59.68,60.41,58.69,2580432,12.37,12.45,12.6,12.24,2580432.0,0.15000000000000036,0.0102
2008-07-31,14.67,15.06,14.48,14.94,NKE,2718452.0,0.18509063883413576,0.18509063883413576,59.75,58.68,60.23,57.91,2718452,12.46,12.24,12.56,12.08,2718452.0,-0.25,-0.0168
2008-08-01,14.85,14.95,14.44,14.61,NKE,3157681.0,0.19963162826768344,0.19963162826768344,58.42,59.4,59.79,57.75,3157681,12.19,12.39,12.47,12.05,3157681.0,0.17999999999999972,0.0123
2008-08-04,14.95,15.04,14.7,14.9,NKE,2462528.0,0.20770995573076545,0.20770995573076545,59.61,59.78,60.18,58.79,2462528,12.43,12.47,12.55,12.26,2462528.0,0.09999999999999964,0.0067
2008-08-05,15.39,15.39,14.88,15.03,NKE,4521914.0,0.24325459656832654,0.24325459656832654,60.11,61.58,61.58,59.53,4521914,12.54,12.85,12.85,12.42,4521914.0,0.4400000000000013,0.0294
2008-08-06,15.55,15.64,15.1,15.37,NKE,4685535.0,0.2561799205092578,0.2561799205092578,61.49,62.19,62.55,60.4,4685535,12.83,12.97,13.05,12.6,4685535.0,0.16000000000000014,0.0104
2008-08-07,15.21,15.4,15.01,15.4,NKE,4377174.0,0.22871360713477887,0.22871360713477887,61.6,60.85,61.6,60.04,4377174,12.85,12.69,12.85,12.52,4377174.0,-0.33999999999999986,-0.0219
2008-08-08,15.74,15.82,15.13,15.27,NKE,2968713.0,0.27152874268911364,0.27152874268911364,61.06,62.95,63.29,60.5,2968713,12.74,13.13,13.2,12.62,2968713.0,0.5299999999999994,0.0348
2008-08-11,15.82,16.2,15.58,15.76,NKE,3452349.0,0.2779914046595793,0.2779914046595793,63.02,63.27,64.8,62.33,3452349,13.15,13.2,13.52,13.0,3452349.0,0.08000000000000007,0.0051
2008-08-12,15.53,15.85,15.4,15.68,NKE,3202051.0,0.2545642550166413,0.2545642550166413,62.71,62.1,63.4,61.6,3202051,13.08,12.95,13.23,12.85,3202051.0,-0.2900000000000009,-0.0183
2008-08-13,15.49,15.66,15.23,15.61,NKE,2066602.0,0.25133292403140856,0.25133292403140856,62.43,61.97,62.65,60.94,2066602,13.02,12.93,13.07,12.71,2066602.0,-0.03999999999999915,-0.0026
2008-08-14,15.5,15.71,15.34,15.42,NKE,2534594.0,0.25214075677771675,0.25214075677771675,61.69,62.0,62.85,61.34,2534594,12.87,12.93,13.11,12.8,2534594.0,0.009999999999999787,0.0006
2008-08-15,15.57,15.72,15.47,15.51,NKE,2779708.0,0.2577955860018742,0.2577955860018742,62.02,62.29,62.89,61.9,2779708,12.94,12.99,13.12,12.91,2779708.0,0.07000000000000028,0.0045
2008-08-18,15.41,15.69,15.34,15.63,NKE,1619605.0,0.24487026206094292,0.24487026206094292,62.5,61.65,62.75,61.35,1619605,13.04,12.86,13.09,12.8,1619605.0,-0.16000000000000014,-0.0103
2008-08-19,15.26,15.38,15.19,15.3,NKE,1844774.0,0.23275277086631982,0.23275277086631982,61.21,61.03,61.52,60.77,1844774,12.77,12.73,12.83,12.68,1844774.0,-0.15000000000000036,-0.0097
2008-08-20,15.16,15.35,15.03,15.27,NKE,3164054.0,0.2246744434032378,0.2246744434032378,61.09,60.66,61.4,60.11,3164054,12.74,12.65,12.81,12.54,3164054.0,-0.09999999999999964,-0.0066
2008-08-21,15.15,15.18,14.81,15.03,NKE,2713814.0,0.22386661065692962,0.22386661065692962,60.1,60.59,60.73,59.26,2713814,12.54,12.64,12.67,12.36,2713814.0,-0.009999999999999787,-0.0007
2008-08-22,15.28,15.5,15.23,15.24,NKE,2444391.0,0.2343684363589362,0.2343684363589362,60.98,61.11,62.0,60.91,2444391,12.72,12.75,12.93,12.71,2444391.0,0.129999999999999,0.0086
2008-08-25,14.93,15.31,14.86,15.16,NKE,2550423.0,0.20609429023814907,0.20609429023814907,60.66,59.71,61.26,59.42,2550423,12.65,12.46,12.78,12.4,2550423.0,-0.34999999999999964,-0.0229
2008-08-26,14.73,14.97,14.69,14.95,NKE,2990661.0,0.18993763531198504,0.18993763531198504,59.79,58.92,59.87,58.75,2990661,12.47,12.29,12.49,12.26,2990661.0,-0.1999999999999993,-0.0134
2008-08-27,14.92,14.95,14.68,14.78,NKE,2310728.0,0.20528645749184088,0.20528645749184088,59.1,59.67,59.8,58.7,2310728,12.33,12.45,12.47,12.24,2310728.0,0.1899999999999995,0.0129
2008-08-28,15.3,15.38,14.95,14.98,NKE,2316314.0,0.23598410185155272,0.23598410185155272,59.92,61.22,61.54,59.8,2316314,12.5,12.77,12.84,12.47,2316314.0,0.3800000000000008,0.0255
2008-08-29,15.15,15.34,15.13,15.29,NKE,1661182.0,0.22386661065692962,0.22386661065692962,61.18,60.61,61.34,60.52,1661182,12.76,12.64,12.8,12.62,1661182.0,-0.15000000000000036,-0.0098
2008-09-02,15.29,15.69,15.2,15.39,NKE,3383695.0,0.2351762691052444,0.2351762691052444,61.56,61.18,62.74,60.78,3383695,12.84,12.76,13.09,12.68,3383695.0,0.1399999999999988,0.0092
2008-09-03,15.48,15.52,15.0,15.18,NKE,3092123.0,0.25052509128510037,0.25052509128510037,60.73,61.91,62.09,60.01,3092123,12.67,12.91,12.95,12.52,3092123.0,0.19000000000000128,0.0124
2008-09-04,14.94,15.43,14.91,15.24,NKE,2933402.0,0.20690212298445726,0.20690212298445726,60.97,59.74,61.73,59.65,2933402,12.72,12.46,12.88,12.44,2933402.0,-0.5400000000000009,-0.0349
2008-09-05,14.71,14.92,14.62,14.85,NKE,3438642.0,0.18832196981936866,0.18832196981936866,59.41,58.82,59.69,58.47,3438642,12.39,12.27,12.45,12.2,3438642.0,-0.22999999999999865,-0.0154
2008-09-08,15.08,15.11,14.72,15.0,NKE,3168102.0,0.21821178143277217,0.21821178143277217,60.0,60.33,60.42,58.9,3168102,12.52,12.58,12.6,12.29,3168102.0,0.3699999999999992,0.0252
2008-09-09,15.07,15.39,14.87,15.08,NKE,3504705.0,0.21740394868646398,0.21740394868646398,60.33,60.28,61.55,59.49,3504705,12.58,12.57,12.84,12.41,3504705.0,-0.009999999999999787,-0.0007
2008-09-10,14.97,15.2,14.78,14.97,NKE,3695154.0,0.20932562122338197,0.20932562122338197,59.89,59.87,60.81,59.13,3695154,12.49,12.49,12.68,12.33,3695154.0,-0.09999999999999964,-0.0066
2008-09-11,15.24,15.26,14.73,14.81,NKE,3321491.0,0.23113710537370344,0.23113710537370344,59.25,60.97,61.02,58.92,3321491,12.36,12.72,12.73,12.29,3321491.0,0.2699999999999996,0.018
2008-09-12,15.48,15.52,15.0,15.15,NKE,3293151.0,0.25052509128510037,0.25052509128510037,60.6,61.92,62.08,60.0,3293151,12.64,12.92,12.95,12.52,3293151.0,0.2400000000000002,0.0157
2008-09-15,15.13,15.67,14.76,15.11,NKE,3577654.0,0.22225094516431323,0.22225094516431323,60.43,60.5,62.68,59.02,3577654,12.61,12.62,13.08,12.31,3577654.0,-0.34999999999999964,-0.0226
2008-09-16,15.3,15.48,14.76,14.78,NKE,3632207.0,0.23598410185155272,0.23598410185155272,59.11,61.19,61.94,59.05,3632207,12.33,12.76,12.92,12.32,3632207.0,0.16999999999999993,0.0112
2008-09-17,14.89,15.34,14.68,14.88,NKE,4890389.0,0.2028629592529163,0.2028629592529163,59.51,59.56,61.37,58.7,4890389,12.41,12.42,12.8,12.24,4890389.0,-0.41000000000000014,-0.0268
2008-09-18,16.16,16.5,14.69,15.06,NKE,12614378.0,0.30545771803405825,0.30545771803405825,60.25,64.64,65.99,58.74,12614378,12.57,13.48,13.77,12.25,12614378.0,1.2699999999999996,0.0853
2008-09-19,15.93,16.66,15.46,16.66,NKE,7242118.0,0.2868775648689695,0.2868775648689695,66.62,63.7,66.66,61.85,7242118,13.9,13.29,13.91,12.9,7242118.0,-0.23000000000000043,-0.0142
2008-09-22,15.79,16.45,15.61,16.3,NKE,4150040.0,0.2755679064206546,0.2755679064206546,65.2,63.15,65.81,62.45,4150040,13.6,13.17,13.73,13.03,4150040.0,-0.14000000000000057,-0.0088
2008-09-23,15.21,15.85,15.14,15.85,NKE,4354258.0,0.22871360713477887,0.22871360713477887,63.4,60.83,63.4,60.55,4354258,13.23,12.69,13.23,12.63,4354258.0,-0.5799999999999983,-0.0367
2008-09-24,14.82,15.26,14.71,15.21,NKE,4685555.0,0.19720813002875887,0.19720813002875887,60.84,59.27,61.04,58.83,4685555,12.69,12.36,12.73,12.27,4685555.0,-0.39000000000000057,-0.0256
2008-09-25,16.25,16.45,15.61,15.61,NKE,11512215.0,0.31272821275083207,0.31272821275083207,62.42,65.01,65.78,62.42,11512215,13.02,13.56,13.72,13.02,11512215.0,1.4299999999999997,0.0965
2008-09-26,16.95,17.0,16.0,16.05,NKE,7557094.0,0.36927650499240633,0.36927650499240633,64.18,67.79,68.0,64.0,7557094,13.39,14.14,14.18,13.35,7557094.0,0.6999999999999993,0.0431
2008-09-29,16.26,16.84,16.16,16.75,NKE,7892103.0,0.31353604549714037,0.31353604549714037,66.98,65.05,67.35,64.63,7892103,13.97,13.57,14.05,13.48,7892103.0,-0.6899999999999977,-0.0407
2008-09-30,16.73,16.86,16.21,16.48,NKE,5341541.0,0.3515041845736259,0.3515041845736259,65.93,66.9,67.44,64.85,5341541,13.75,13.96,14.07,13.53,5341541.0,0.46999999999999886,0.0289
2008-10-01,16.54,16.75,16.29,16.55,NKE,3719351.0,0.3361553623937699,0.3361553623937699,66.2,66.16,67.02,65.15,3719351,13.81,13.8,13.98,13.59,3719351.0,-0.19000000000000128,-0.0114
2008-10-02,15.94,16.5,15.9,16.28,NKE,5372213.0,0.28768539761527767,0.28768539761527767,65.12,63.75,66.0,63.6,5372213,13.58,13.3,13.77,13.27,5372213.0,-0.5999999999999996,-0.0363
2008-10-03,15.81,16.5,15.81,16.1,NKE,4201989.0,0.2771835719132711,0.2771835719132711,64.39,63.25,66.0,63.25,4201989,13.43,13.19,13.77,13.19,4201989.0,-0.129999999999999,-0.0082
2008-10-06,15.29,15.75,14.36,15.5,NKE,8570353.0,0.2351762691052444,0.2351762691052444,61.99,61.14,63.0,57.42,8570353,12.93,12.75,13.14,11.98,8570353.0,-0.5200000000000014,-0.0329
2008-10-07,14.49,15.49,14.47,15.49,NKE,4523879.0,0.17054964940058812,0.17054964940058812,61.95,57.98,61.95,57.87,4523879,12.92,12.09,12.92,12.07,4523879.0,-0.7999999999999989,-0.0523
2008-10-08,13.93,14.72,13.79,14.26,NKE,9214486.0,0.12531101560732863,0.12531101560732863,57.03,55.7,58.87,55.16,9214486,11.9,11.62,12.28,11.51,9214486.0,-0.5600000000000005,-0.0386
2008-10-09,13.27,14.24,13.22,14.02,NKE,6062120.0,0.07199405435098713,0.07199405435098713,56.08,53.08,56.95,52.89,6062120,11.7,11.07,11.88,11.03,6062120.0,-0.6600000000000001,-0.0474
2008-10-10,13.63,14.48,12.26,12.59,NKE,9749006.0,0.10107603321808259,0.10107603321808259,50.34,54.53,57.92,49.03,9749006,10.5,11.37,12.08,10.23,9749006.0,0.3600000000000012,0.0271
2008-10-13,13.96,14.09,13.57,13.92,NKE,6529060.0,0.12773451384625334,0.12773451384625334,55.69,55.85,56.35,54.29,6529060,11.62,11.65,11.75,11.32,6529060.0,0.33000000000000007,0.0242
2008-10-14,14.28,14.88,14.07,14.52,NKE,8010360.0,0.15358516172811576,0.15358516172811576,58.06,57.12,59.5,56.29,8010360,12.11,11.92,12.41,11.74,8010360.0,0.3199999999999985,0.0229
2008-10-15,12.59,14.13,12.55,14.01,NKE,7208991.0,0.017061427602029264,0.017061427602029264,56.02,50.36,56.53,50.2,7208991,11.69,10.51,11.79,10.47,7208991.0,-1.6899999999999995,-0.1183
2008-10-16,13.99,14.05,12.47,13.16,NKE,8452079.0,0.1301580120851779,0.1301580120851779,52.63,55.97,56.21,49.9,8452079,10.98,11.68,11.73,10.41,8452079.0,1.4000000000000004,0.1112
2008-10-17,14.37,14.55,13.47,13.66,NKE,6193222.0,0.16085565644488958,0.16085565644488958,54.63,57.48,58.21,53.86,6193222,11.4,11.99,12.14,11.24,6193222.0,0.379999999999999,0.0272
2008-10-20,14.94,14.94,14.21,14.57,NKE,5366835.0,0.20690212298445726,0.20690212298445726,58.27,59.75,59.75,56.86,5366835,12.16,12.46,12.46,11.86,5366835.0,0.5700000000000003,0.0397
2008-10-21,14.28,14.93,14.18,14.75,NKE,4374269.0,0.15358516172811576,0.15358516172811576,59.01,57.12,59.71,56.72,4374269,12.31,11.92,12.46,11.83,4374269.0,-0.6600000000000001,-0.0442
2008-10-22,13.13,13.97,12.75,13.88,NKE,6519125.0,0.06068439590267237,0.06068439590267237,55.5,52.5,55.87,51.0,6519125,11.58,10.95,11.65,10.64,6519125.0,-1.1499999999999986,-0.0805
2008-10-23,12.68,13.33,12.04,13.05,NKE,7285937.0,0.02433192231880309,0.02433192231880309,52.21,50.73,53.32,48.17,7285937,10.89,10.58,11.12,10.05,7285937.0,-0.45000000000000107,-0.0343
2008-10-24,11.95,12.55,11.81,11.9,NKE,7531853.0,-0.03463986816169586,-0.03463986816169586,47.59,47.79,50.19,47.23,7531853,9.93,9.97,10.47,9.85,7531853.0,-0.7300000000000004,-0.0576
2008-10-27,11.64,12.22,11.62,11.8,NKE,3886881.0,-0.05968268329725009,-0.05968268329725009,47.19,46.55,48.88,46.47,3886881,9.84,9.71,10.2,9.69,3886881.0,-0.3099999999999987,-0.0259
2008-10-28,13.11,13.13,11.66,11.91,NKE,6490881.0,0.05906873041005586,0.05906873041005586,47.66,52.42,52.5,46.63,6490881,9.94,10.93,10.95,9.73,6490881.0,1.4699999999999989,0.1263
2008-10-29,13.12,13.72,12.69,13.04,NKE,4468599.0,0.05987656315636404,0.05987656315636404,52.18,52.48,54.89,50.74,4468599,10.88,10.95,11.45,10.58,4468599.0,0.009999999999999787,0.0008
2008-10-30,13.95,14.1,13.38,13.63,NKE,6006004.0,0.126926681099945,0.126926681099945,54.51,55.81,56.38,53.5,6006004,11.37,11.64,11.76,11.16,6006004.0,0.8300000000000001,0.0633
2008-10-31,14.41,14.76,13.79,13.79,NKE,5266527.0,0.16408698743012248,0.16408698743012248,55.18,57.63,59.04,55.18,5266527,11.51,12.02,12.32,11.51,5266527.0,0.46000000000000085,0.033
2008-11-03,13.96,14.63,13.86,14.34,NKE,3099166.0,0.12773451384625334,0.12773451384625334,57.35,55.84,58.5,55.43,3099166,11.96,11.65,12.2,11.56,3099166.0,-0.4499999999999993,-0.0312
2008-11-04,14.05,14.31,13.76,14.22,NKE,3190293.0,0.13500500856302716,0.13500500856302716,56.87,56.22,57.25,55.03,3190293,11.86,11.73,11.94,11.48,3190293.0,0.08999999999999986,0.0064
2008-11-05,13.2,14.1,13.13,14.0,NKE,4168286.0,0.06633922512682969,0.06633922512682969,55.99,52.78,56.39,52.54,4168286,11.68,11.01,11.76,10.96,4168286.0,-0.8500000000000014,-0.0605
2008-11-06,12.66,12.98,12.48,12.98,NKE,7132492.0,0.022716256826186717,0.022716256826186717,51.94,50.64,51.94,49.94,7132492,10.83,10.56,10.83,10.42,7132492.0,-0.5399999999999991,-0.0409
2008-11-07,12.35,12.81,11.89,12.66,NKE,6091001.0,-0.0023265583093676594,-0.0023265583093676594,50.66,49.41,51.24,47.56,6091001,10.57,10.31,10.69,9.92,6091001.0,-0.3100000000000005,-0.0245
2008-11-10,11.99,12.68,11.73,12.68,NKE,5418172.0,-0.03140853717646297,-0.03140853717646297,50.73,47.97,50.73,46.92,5418172,10.58,10.01,10.58,9.79,5418172.0,-0.35999999999999943,-0.0291
2008-11-11,11.42,12.05,11.09,11.98,NKE,7320468.0,-0.07745500371603065,-0.07745500371603065,47.91,45.67,48.22,44.34,7320468,9.99,9.53,10.06,9.25,7320468.0,-0.5700000000000003,-0.0475
2008-11-12,11.09,11.44,10.88,11.29,NKE,4898056.0,-0.1041134843442014,-0.1041134843442014,45.14,44.37,45.74,43.5,4898056,9.42,9.26,9.54,9.07,4898056.0,-0.33000000000000007,-0.0289
2008-11-13,12.21,12.23,10.9,11.13,NKE,6240664.0,-0.013636216757682423,-0.013636216757682423,44.53,48.86,48.93,43.62,6240664,9.29,10.19,10.21,9.1,6240664.0,1.120000000000001,0.101
2008-11-14,11.63,12.16,11.48,11.96,NKE,4283673.0,-0.06049051604355828,-0.06049051604355828,47.85,46.53,48.65,45.94,4283673,9.98,9.71,10.15,9.58,4283673.0,-0.5800000000000001,-0.0475
2008-11-17,11.58,12.01,11.5,11.51,NKE,4461378.0,-0.06452967977509937,-0.06452967977509937,46.05,46.31,48.03,46.0,4461378,9.61,9.66,10.02,9.6,4461378.0,-0.05000000000000071,-0.0043
2008-11-18,11.66,11.86,11.14,11.6,NKE,4835001.0,-0.05806701780463372,-0.05806701780463372,46.39,46.64,47.44,44.55,4835001,9.68,9.73,9.9,9.29,4835001.0,0.08000000000000007,0.0069
2008-11-19,10.96,11.81,10.94,11.63,NKE,4064239.0,-0.11461531004620797,-0.11461531004620797,46.5,43.84,47.26,43.76,4064239,9.7,9.15,9.86,9.13,4064239.0,-0.6999999999999993,-0.06
2008-11-20,10.9,11.96,10.67,10.82,NKE,6790474.0,-0.11946230652405723,-0.11946230652405723,43.27,43.61,47.84,42.68,6790474,9.03,9.1,9.98,8.9,6790474.0,-0.0600000000000005,-0.0055
2008-11-21,11.97,12.04,10.94,11.1,NKE,6410469.0,-0.03302420266907934,-0.03302420266907934,44.41,47.88,48.17,43.75,6410469,9.26,9.99,10.05,9.13,6410469.0,1.0700000000000003,0.0982
2008-11-24,12.58,12.75,11.98,12.04,NKE,4648843.0,0.016253594855721074,0.016253594855721074,48.18,50.32,51.0,47.91,4648843,10.05,10.5,10.64,9.99,4648843.0,0.6099999999999994,0.051
2008-11-25,12.32,13.19,12.06,12.82,NKE,5995792.0,-0.0047500565482922205,-0.0047500565482922205,51.28,49.29,52.75,48.26,5995792,10.7,10.28,11.0,10.07,5995792.0,-0.2599999999999998,-0.0207
2008-11-26,13.31,13.37,12.06,12.16,NKE,3959614.0,0.07522538533622003,0.07522538533622003,48.64,53.25,53.49,48.24,3959614,10.15,11.11,11.16,10.06,3959614.0,0.9900000000000002,0.0804
2008-11-28,13.31,13.5,12.91,13.5,NKE,1872688.0,0.07522538533622003,0.07522538533622003,54.0,53.25,54.0,51.63,1872688,11.26,11.11,11.26,10.77,1872688.0,0.0,0.0
2008-12-01,12.01,13.07,11.97,13.07,NKE,3541545.0,-0.029792871683846596,-0.029792871683846596,52.27,48.02,52.27,47.88,3541545,10.9,10.02,10.9,9.99,3541545.0,-1.3000000000000007,-0.0977
2008-12-02,12.5,12.62,12.1,12.17,NKE,4027537.0,0.009790932885255435,0.009790932885255435,48.69,50.01,50.48,48.39,4027537,10.16,10.43,10.53,10.09,4027537.0,0.4900000000000002,0.0408
2008-12-03,13.0,13.11,11.95,12.23,NKE,4357700.0,0.050182570200665653,0.050182570200665653,48.93,52.01,52.42,47.81,4357700,10.21,10.85,10.93,9.97,4357700.0,0.5,0.04
2008-12-04,12.99,13.54,12.51,12.79,NKE,5386336.0,0.04937473745435746,0.04937473745435746,51.17,51.96,54.17,50.04,5386336,10.73,10.9,11.36,10.49,5386336.0,-0.009999999999999787,-0.0008
2008-12-05,13.34,13.39,12.38,12.74,NKE,3456352.0,0.07764888357514459,0.07764888357514459,50.98,53.34,53.57,49.51,3456352,10.69,11.19,11.23,10.38,3456352.0,0.34999999999999964,0.0269
2008-12-08,14.04,14.33,13.57,13.63,NKE,8082355.0,0.13419717581671883,0.13419717581671883,54.53,56.17,57.33,54.3,8082355,11.43,11.78,12.02,11.39,8082355.0,0.6999999999999993,0.0525
2008-12-09,13.23,13.91,13.04,13.82,NKE,4864932.0,0.06876272336575438,0.06876272336575438,55.27,52.94,55.63,52.18,4864932,11.59,11.1,11.67,10.94,4864932.0,-0.8099999999999987,-0.0577
2008-12-10,12.63,12.99,12.23,12.9,NKE,6364139.0,0.020292758587262153,0.020292758587262153,51.59,50.5,51.95,48.94,6364139,10.82,10.59,10.89,10.26,6364139.0,-0.5999999999999996,-0.0454
2008-12-11,12.18,12.81,12.05,12.54,NKE,4119993.0,-0.016059714996607126,-0.016059714996607126,50.17,48.73,51.24,48.19,4119993,10.52,10.22,10.75,10.11,4119993.0,-0.45000000000000107,-0.0356
2008-12-12,12.34,12.43,11.9,11.92,NKE,3673623.0,-0.0031343910556758466,-0.0031343910556758466,47.67,49.37,49.7,47.61,3673623,10.0,10.35,10.42,9.98,3673623.0,0.16000000000000014,0.0131
2008-12-15,12.05,12.72,11.84,12.5,NKE,3398267.0,-0.026561540698613703,-0.026561540698613703,50.01,48.19,50.88,47.35,3398267,10.49,10.11,10.67,9.93,3398267.0,-0.28999999999999915,-0.0235
2008-12-16,12.41,12.55,11.94,12.07,NKE,6137897.0,0.002520438168481607,0.002520438168481607,48.27,49.64,50.2,47.75,6137897,10.12,10.41,10.53,10.01,6137897.0,0.35999999999999943,0.0299
2008-12-17,12.66,13.1,12.18,12.18,NKE,3861756.0,0.022716256826186717,0.022716256826186717,48.7,50.64,52.4,48.7,3861756,10.21,10.62,10.99,10.21,3861756.0,0.25,0.0201
2008-12-18,13.17,13.56,12.59,12.67,NKE,6165208.0,0.06391572688790512,0.06391572688790512,50.69,52.69,54.25,50.35,6165208,10.63,11.05,11.38,10.56,6165208.0,0.5099999999999998,0.0403
2008-12-19,12.81,13.5,12.61,13.32,NKE,6100266.0,0.03483374802080981,0.03483374802080981,53.29,51.26,54.0,50.43,6100266,11.17,10.75,11.32,10.58,6100266.0,-0.35999999999999943,-0.0273
2008-12-22,12.28,12.91,12.04,12.82,NKE,3446422.0,-0.007981387533525112,-0.007981387533525112,51.27,49.1,51.65,48.14,3446422,10.75,10.3,10.83,10.09,3446422.0,-0.5300000000000011,-0.0414
2008-12-23,11.99,12.51,11.77,12.3,NKE,3275530.0,-0.03140853717646297,-0.03140853717646297,49.22,47.96,50.02,47.08,3275530,10.32,10.06,10.49,9.87,3275530.0,-0.28999999999999915,-0.0236
2008-12-24,12.28,12.35,11.91,12.01,NKE,1096288.0,-0.007981387533525112,-0.007981387533525112,48.05,49.13,49.38,47.64,1096288,10.08,10.3,10.35,9.99,1096288.0,0.28999999999999915,0.0242
2008-12-26,12.44,12.51,12.32,12.32,NKE,1229824.0,0.004943936407406168,0.004943936407406168,49.3,49.76,50.02,49.3,1229824,10.34,10.43,10.49,10.34,1229824.0,0.16000000000000014,0.013
2008-12-29,12.23,12.49,12.07,12.43,NKE,2336556.0,-0.012020551265066048,-0.012020551265066048,49.7,48.94,49.97,48.27,2336556,10.42,10.26,10.48,10.12,2336556.0,-0.20999999999999908,-0.0169
2008-12-30,12.42,12.45,12.2,12.33,NKE,2406631.0,0.003328270914789794,0.003328270914789794,49.33,49.69,49.8,48.79,2406631,10.34,10.42,10.44,10.23,2406631.0,0.1899999999999995,0.0155
2008-12-31,12.75,12.89,12.38,12.45,NKE,3772476.0,0.029986751542960544,0.029986751542960544,49.81,51.0,51.55,49.54,3772476,10.45,10.69,10.81,10.39,3772476.0,0.33000000000000007,0.0266
2009-01-02,13.27,13.4,12.58,12.74,NKE,3007276.0,0.07199405435098713,0.07199405435098713,50.95,53.06,53.6,50.31,3007276,10.68,11.13,11.24,10.55,3007276.0,0.5199999999999996,0.0408
2009-01-05,13.36,13.44,13.07,13.15,NKE,3228365.0,0.07926454906776097,0.07926454906776097,52.62,53.44,53.77,52.3,3228365,11.03,11.21,11.28,10.97,3228365.0,0.08999999999999986,0.0068
2009-01-06,13.09,13.5,12.95,13.45,NKE,3822681.0,0.05745306491743948,0.05745306491743948,53.8,52.36,54.0,51.8,3822681,11.28,10.98,11.32,10.86,3822681.0,-0.2699999999999996,-0.0202
2009-01-07,12.62,13.0,12.57,12.9,NKE,5041177.0,0.019484925840953824,0.019484925840953824,51.61,50.46,52.0,50.3,5041177,10.82,10.58,10.9,10.55,5041177.0,-0.47000000000000064,-0.0359
2009-01-08,12.85,12.85,12.43,12.57,NKE,3932567.0,0.03806507900604256,0.03806507900604256,50.29,51.39,51.4,49.72,3932567,10.55,10.78,10.78,10.43,3932567.0,0.23000000000000043,0.0182
2009-01-09,12.4,12.95,12.34,12.86,NKE,3311615.0,0.0017126054221734198,0.0017126054221734198,51.45,49.61,51.78,49.37,3311615,10.79,10.4,10.86,10.35,3311615.0,-0.4499999999999993,-0.035
2009-01-12,12.53,12.62,12.24,12.35,NKE,3432623.0,0.012214431124179996,0.012214431124179996,49.4,50.12,50.47,48.96,3432623,10.36,10.51,10.58,10.27,3432623.0,0.129999999999999,0.0105
2009-01-13,12.38,12.74,12.28,12.45,NKE,3894834.0,9.69399295570456e-05,9.69399295570456e-05,49.81,49.5,50.95,49.11,3894834,10.45,10.38,10.68,10.3,3894834.0,-0.14999999999999858,-0.012
2009-01-14,11.66,12.12,11.54,12.05,NKE,6851041.0,-0.05806701780463372,-0.05806701780463372,48.22,46.65,48.46,46.17,6851041,10.11,9.78,10.16,9.68,6851041.0,-0.7200000000000006,-0.0582
2009-01-15,11.74,11.84,11.43,11.66,NKE,4108419.0,-0.05160435583416808,-0.05160435583416808,46.65,46.96,47.37,45.72,4108419,9.78,9.85,9.93,9.59,4108419.0,0.08000000000000007,0.0069
2009-01-16,11.7,11.85,11.47,11.85,NKE,3529279.0,-0.05483568681940097,-0.05483568681940097,47.38,46.8,47.4,45.87,3529279,9.94,9.81,9.94,9.62,3529279.0,-0.040000000000000924,-0.0034
2009-01-19,11.7,11.85,11.47,11.85,NKE,3529279.0,-0.05483568681940097,-0.05483568681940097,47.38,46.8,47.4,45.87,3529279,9.94,9.81,9.94,9.62,3529279.0,0.0,0.0
2009-01-20,11.04,11.73,11.0,11.53,NKE,3686428.0,-0.10815264807574247,-0.10815264807574247,46.13,44.14,46.94,44.0,3686428,9.67,9.26,9.84,9.23,3686428.0,-0.6600000000000001,-0.0564
2009-01-21,11.41,11.44,10.88,11.17,NKE,3485910.0,-0.07826283646233882,-0.07826283646233882,44.69,45.66,45.74,43.54,3485910,9.37,9.57,9.59,9.13,3485910.0,0.370000000000001,0.0335
2009-01-22,11.41,11.71,11.04,11.26,NKE,3592450.0,-0.07826283646233882,-0.07826283646233882,45.03,45.63,46.86,44.18,3592450,9.44,9.57,9.83,9.26,3592450.0,0.0,0.0
2009-01-23,11.42,11.57,11.01,11.19,NKE,2844799.0,-0.07745500371603065,-0.07745500371603065,44.77,45.68,46.27,44.04,2844799,9.39,9.58,9.7,9.24,2844799.0,0.009999999999999787,0.0009
2009-01-26,11.42,11.77,11.25,11.45,NKE,2001309.0,-0.07745500371603065,-0.07745500371603065,45.79,45.67,47.08,45.0,2001309,9.6,9.58,9.87,9.44,2001309.0,0.0,0.0
2009-01-27,11.38,11.54,11.21,11.48,NKE,2422306.0,-0.08068633470126339,-0.08068633470126339,45.92,45.51,46.16,44.85,2422306,9.63,9.54,9.68,9.41,2422306.0,-0.03999999999999915,-0.0035
2009-01-28,11.9,12.09,11.57,11.58,NKE,2977786.0,-0.0386790318932368,-0.0386790318932368,46.32,47.6,48.35,46.3,2977786,9.71,9.98,10.14,9.71,2977786.0,0.5199999999999996,0.0457
2009-01-29,11.5,11.92,11.46,11.78,NKE,2184407.0,-0.070992341745565,-0.070992341745565,47.13,45.99,47.68,45.82,2184407,9.88,9.64,10.0,9.61,2184407.0,-0.40000000000000036,-0.0336
2009-01-30,11.31,11.62,11.23,11.57,NKE,2667573.0,-0.08634116392542084,-0.08634116392542084,46.3,45.25,46.49,44.94,2667573,9.71,9.49,9.75,9.42,2667573.0,-0.1899999999999995,-0.0165
2009-02-02,11.11,11.32,10.96,11.14,NKE,2504181.0,-0.10249781885158502,-0.10249781885158502,44.57,44.43,45.3,43.82,2504181,9.35,9.32,9.5,9.19,2504181.0,-0.20000000000000107,-0.0177
2009-02-03,11.57,11.62,11.03,11.17,NKE,2774645.0,-0.06533751252140754,-0.06533751252140754,44.68,46.3,46.49,44.11,2774645,9.37,9.71,9.75,9.25,2774645.0,0.46000000000000085,0.0414
2009-02-04,11.45,11.61,11.31,11.61,NKE,3763720.0,-0.07503150547710608,-0.07503150547710608,46.42,45.78,46.43,45.26,3763720,9.73,9.6,9.74,9.49,3763720.0,-0.120000000000001,-0.0104
2009-02-05,11.8,11.86,11.33,11.45,NKE,3613542.0,-0.04675735935631881,-0.04675735935631881,45.78,47.2,47.43,45.33,3613542,9.6,9.9,9.95,9.51,3613542.0,0.3500000000000014,0.0306
2009-02-06,12.17,12.28,11.7,11.83,NKE,3466785.0,-0.016867547742915316,-0.016867547742915316,47.32,48.68,49.12,46.8,3466785,9.92,10.21,10.3,9.81,3466785.0,0.3699999999999992,0.0314
2009-02-09,11.94,12.19,11.79,12.19,NKE,2845385.0,-0.035447700908004046,-0.035447700908004046,48.74,47.77,48.74,47.14,2845385,10.22,10.02,10.22,9.89,2845385.0,-0.23000000000000043,-0.0189
2009-02-10,11.26,11.94,11.19,11.82,NKE,4504122.0,-0.09038032765696193,-0.09038032765696193,47.27,45.05,47.77,44.76,4504122,9.91,9.45,10.02,9.39,4504122.0,-0.6799999999999997,-0.057
2009-02-11,11.08,11.35,10.84,11.35,NKE,5995072.0,-0.10492131709050957,-0.10492131709050957,45.38,44.31,45.39,43.37,5995072,9.52,9.29,9.52,9.09,5995072.0,-0.17999999999999972,-0.016
2009-02-12,11.12,11.15,10.73,10.92,NKE,3718228.0,-0.10168998610527683,-0.10168998610527683,43.69,44.46,44.61,42.94,3718228,9.16,9.32,9.35,9.0,3718228.0,0.03999999999999915,0.0036
2009-02-13,10.86,11.26,10.8,11.06,NKE,3020656.0,-0.12269363750929012,-0.12269363750929012,44.23,43.43,45.03,43.21,3020656,9.28,9.11,9.44,9.06,3020656.0,-0.2599999999999998,-0.0234
2009-02-17,10.48,10.68,10.34,10.68,NKE,5569585.0,-0.1533912818690018,-0.1533912818690018,42.72,41.94,42.72,41.37,5569585,8.96,8.79,8.96,8.68,5569585.0,-0.379999999999999,-0.035
2009-02-18,10.88,10.98,10.49,10.58,NKE,5862627.0,-0.12107797201667361,-0.12107797201667361,42.32,43.52,43.94,41.95,5862627,8.87,9.13,9.21,8.8,5862627.0,0.40000000000000036,0.0382
2009-02-19,10.7,11.1,10.59,10.98,NKE,3261139.0,-0.1356189614502214,-0.1356189614502214,43.94,42.81,44.38,42.34,3261139,9.21,8.98,9.31,8.88,3261139.0,-0.1800000000000015,-0.0165
2009-02-20,10.73,10.84,10.48,10.58,NKE,3021023.0,-0.1331954632112967,-0.1331954632112967,42.32,42.93,43.36,41.92,3021023,8.87,9.0,9.09,8.79,3021023.0,0.030000000000001137,0.0028
2009-02-23,10.4,10.97,10.35,10.86,NKE,3229249.0,-0.15985394383946744,-0.15985394383946744,43.45,41.61,43.9,41.41,3229249,9.11,8.73,9.21,8.68,3229249.0,-0.33000000000000007,-0.0308
2009-02-24,10.73,10.78,10.12,10.41,NKE,3464545.0,-0.1331954632112967,-0.1331954632112967,41.64,42.94,43.12,40.49,3464545,8.73,9.0,9.04,8.49,3464545.0,0.33000000000000007,0.0317
2009-02-25,10.54,10.79,10.39,10.66,NKE,3971272.0,-0.1485442853911527,-0.1485442853911527,42.64,42.15,43.16,41.56,3971272,8.94,8.84,9.05,8.72,3971272.0,-0.19000000000000128,-0.0177
2009-02-26,10.26,10.63,10.25,10.63,NKE,3162251.0,-0.17116360228778235,-0.17116360228778235,42.5,41.03,42.53,41.0,3162251,8.91,8.6,8.92,8.6,3162251.0,-0.27999999999999936,-0.0266
2009-02-27,10.38,10.54,10.02,10.06,NKE,4684696.0,-0.16146960933208382,-0.16146960933208382,40.23,41.53,42.18,40.08,4684696,8.44,8.71,8.85,8.4,4684696.0,0.120000000000001,0.0117
2009-03-02,9.94,10.32,9.91,10.21,NKE,4355872.0,-0.1970142501696449,-0.1970142501696449,40.83,39.76,41.29,39.63,4355872,8.56,8.34,8.66,8.31,4355872.0,-0.4400000000000013,-0.0424
2009-03-03,10.01,10.31,10.01,10.09,NKE,4276936.0,-0.19135942094548747,-0.19135942094548747,40.37,40.05,41.25,40.02,4276936,8.47,8.4,8.65,8.39,4276936.0,0.07000000000000028,0.007
2009-03-04,10.64,10.83,10.19,10.09,NKE,4173876.0,-0.14046595792807054,-0.14046595792807054,40.37,42.55,43.32,40.74,4173876,8.47,8.92,9.08,8.54,4173876.0,0.6300000000000008,0.0629
2009-03-05,9.98,10.48,9.86,10.34,NKE,5919219.0,-0.19378291918441204,-0.19378291918441204,41.37,39.94,41.94,39.44,5919219,8.72,8.42,8.85,8.32,5919219.0,-0.6600000000000001,-0.062
2009-03-06,9.98,10.23,9.75,10.06,NKE,5991849.0,-0.19378291918441204,-0.19378291918441204,40.25,39.94,40.91,39.0,5991849,8.49,8.42,8.63,8.23,5991849.0,0.0,0.0
2009-03-09,9.64,10.02,9.56,9.84,NKE,5173804.0,-0.22124923255889095,-0.22124923255889095,39.35,38.57,40.08,38.24,5173804,8.3,8.13,8.45,8.06,5173804.0,-0.33999999999999986,-0.0341
2009-03-10,10.4,10.5,9.74,9.74,NKE,5738954.0,-0.15985394383946744,-0.15985394383946744,38.97,41.61,42.0,38.97,5738954,8.22,8.78,8.86,8.22,5738954.0,0.7599999999999998,0.0788
2009-03-11,10.86,10.98,10.44,10.49,NKE,4812098.0,-0.12269363750929012,-0.12269363750929012,41.98,43.43,43.94,41.75,4812098,8.85,9.16,9.27,8.81,4812098.0,0.4599999999999991,0.0442
2009-03-12,11.15,11.21,10.6,10.86,NKE,4528177.0,-0.09926648786635213,-0.09926648786635213,43.43,44.59,44.84,42.41,4528177,9.16,9.4,9.46,8.94,4528177.0,0.2900000000000009,0.0267
2009-03-13,11.17,11.21,10.82,11.19,NKE,4974968.0,-0.09765082237373575,-0.09765082237373575,44.76,44.67,44.82,43.27,4974968,9.44,9.42,9.45,9.13,4974968.0,0.019999999999999574,0.0018
2009-03-16,10.98,11.27,10.9,11.25,NKE,4155787.0,-0.11299964455359159,-0.11299964455359159,45.0,43.91,45.08,43.61,4155787,9.49,9.26,9.51,9.2,4155787.0,-0.1899999999999995,-0.017
2009-03-17,11.35,11.41,10.88,10.96,NKE,5466698.0,-0.08310983294018809,-0.08310983294018809,43.85,45.41,45.65,43.54,5466698,9.25,9.58,9.63,9.18,5466698.0,0.3699999999999992,0.0337
2009-03-18,11.48,11.63,11.23,11.49,NKE,5852150.0,-0.07260800723818138,-0.07260800723818138,45.95,45.92,46.53,44.94,5852150,9.69,9.68,9.81,9.48,5852150.0,0.13000000000000078,0.0115
2009-03-19,11.63,11.75,10.81,10.95,NKE,8070486.0,-0.06049051604355828,-0.06049051604355828,43.78,46.5,47.0,43.25,8070486,9.23,9.81,9.91,9.12,8070486.0,0.15000000000000036,0.0131
2009-03-20,11.26,11.96,11.08,11.74,NKE,6237879.0,-0.09038032765696193,-0.09038032765696193,46.97,45.02,47.86,44.31,6237879,9.91,9.49,10.09,9.34,6237879.0,-0.370000000000001,-0.0318
2009-03-23,11.9,11.93,11.22,11.49,NKE,3596206.0,-0.0386790318932368,-0.0386790318932368,45.97,47.62,47.71,44.87,3596206,9.7,10.04,10.06,9.46,3596206.0,0.6400000000000006,0.0568
2009-03-24,11.4,11.8,11.34,11.69,NKE,3208034.0,-0.07907066920864701,-0.07907066920864701,46.74,45.6,47.21,45.37,3208034,9.86,9.62,9.96,9.57,3208034.0,-0.5,-0.042
2009-03-25,11.59,11.81,11.29,11.53,NKE,3361010.0,-0.06372184702879118,-0.06372184702879118,46.12,46.37,47.25,45.15,3361010,9.73,9.78,9.97,9.52,3361010.0,0.1899999999999995,0.0167
2009-03-26,11.9,12.07,11.63,11.67,NKE,3529449.0,-0.0386790318932368,-0.0386790318932368,46.68,47.6,48.29,46.54,3529449,9.84,10.04,10.18,9.82,3529449.0,0.3100000000000005,0.0267
2009-03-27,11.71,11.91,11.64,11.86,NKE,1990461.0,-0.05402785407309264,-0.05402785407309264,47.42,46.84,47.65,46.58,1990461,10.0,9.88,10.05,9.82,1990461.0,-0.1899999999999995,-0.016
2009-03-30,11.56,11.61,11.26,11.5,NKE,3322296.0,-0.06614534526771573,-0.06614534526771573,46.0,46.26,46.44,45.02,3322296,9.7,9.76,9.79,9.49,3322296.0,-0.15000000000000036,-0.0128
2009-03-31,11.72,11.91,11.45,11.69,NKE,4476955.0,-0.05322002132678445,-0.05322002132678445,46.74,46.89,47.64,45.8,4476955,9.86,9.89,10.05,9.66,4476955.0,0.16000000000000014,0.0138
2009-04-01,11.75,11.8,11.41,11.54,NKE,3251756.0,-0.05079652308785989,-0.05079652308785989,46.18,47.0,47.2,45.64,3251756,9.74,9.91,9.95,9.63,3251756.0,0.02999999999999936,0.0026
2009-04-02,12.62,12.84,11.9,11.9,NKE,5970572.0,0.019484925840953824,0.019484925840953824,47.61,50.49,51.34,47.61,5970572,10.04,10.65,10.83,10.04,5970572.0,0.8699999999999992,0.074
2009-04-03,12.97,12.97,12.55,12.56,NKE,3593947.0,0.04775907196174109,0.04775907196174109,50.26,51.87,51.89,50.2,3593947,10.6,10.94,10.94,10.59,3593947.0,0.3500000000000014,0.0277
2009-04-06,12.82,12.88,12.62,12.82,NKE,2770010.0,0.035641580767118,0.035641580767118,51.28,51.27,51.5,50.46,2770010,10.81,10.81,10.86,10.64,2770010.0,-0.15000000000000036,-0.0116
2009-04-07,12.46,12.6,12.38,12.59,NKE,2895094.0,0.006559601900022686,0.006559601900022686,50.37,49.86,50.38,49.51,2895094,10.62,10.52,10.63,10.44,2895094.0,-0.35999999999999943,-0.0281
2009-04-08,12.56,12.65,12.36,12.49,NKE,3275816.0,0.014637929363104702,0.014637929363104702,49.96,50.24,50.62,49.45,3275816,10.54,10.6,10.68,10.43,3275816.0,0.09999999999999964,0.008
2009-04-09,13.32,13.38,12.65,12.81,NKE,4511184.0,0.07603321808252822,0.07603321808252822,51.25,53.27,53.5,50.59,4511184,10.81,11.23,11.28,10.67,4511184.0,0.7599999999999998,0.0605
2009-04-13,13.28,13.37,12.9,13.18,NKE,3300582.0,0.07280188709729532,0.07280188709729532,52.73,53.12,53.47,51.59,3300582,11.12,11.2,11.28,10.88,3300582.0,-0.040000000000000924,-0.003
2009-04-14,12.85,13.15,12.54,13.15,NKE,4243937.0,0.03806507900604256,0.03806507900604256,52.6,51.4,52.6,50.18,4243937,11.09,10.84,11.09,10.58,4243937.0,-0.4299999999999997,-0.0324
2009-04-15,13.03,13.05,12.76,12.85,NKE,2774973.0,0.05260606843959021,0.05260606843959021,51.4,52.11,52.2,51.05,2774973,10.84,10.99,11.01,10.77,2774973.0,0.17999999999999972,0.014
2009-04-16,13.44,13.52,12.98,13.05,NKE,2891565.0,0.0857272110382266,0.0857272110382266,52.2,53.77,54.09,51.93,2891565,11.01,11.34,11.41,10.95,2891565.0,0.41000000000000014,0.0315
2009-04-17,13.65,13.75,13.3,13.51,NKE,3466005.0,0.10269169871069897,0.10269169871069897,54.03,54.61,55.0,53.22,3466005,11.39,11.52,11.6,11.22,3466005.0,0.21000000000000085,0.0156
2009-04-20,13.09,13.47,13.01,13.47,NKE,2490331.0,0.05745306491743948,0.05745306491743948,53.88,52.36,53.88,52.02,2490331,11.36,11.04,11.36,10.97,2490331.0,-0.5600000000000005,-0.041
2009-04-21,13.32,13.41,13.01,13.08,NKE,2573177.0,0.07603321808252822,0.07603321808252822,52.31,53.27,53.65,52.03,2573177,11.03,11.23,11.31,10.97,2573177.0,0.23000000000000043,0.0176
2009-04-22,13.75,14.0,13.06,13.23,NKE,3533694.0,0.11077002617378098,0.11077002617378098,52.91,55.0,55.99,52.25,3533694,11.16,11.6,11.81,11.02,3533694.0,0.4299999999999997,0.0323
2009-04-23,13.6,13.86,13.31,13.75,NKE,3052993.0,0.09865253497915788,0.09865253497915788,55.0,54.39,55.43,53.26,3052993,11.6,11.47,11.69,11.23,3052993.0,-0.15000000000000036,-0.0109
2009-04-24,13.68,13.81,13.51,13.68,NKE,2099036.0,0.10511519694962353,0.10511519694962353,54.73,54.73,55.24,54.03,2099036,11.54,11.54,11.65,11.39,2099036.0,0.08000000000000007,0.0059
2009-04-27,13.53,13.82,13.39,13.5,NKE,2301621.0,0.09299770575500044,0.09299770575500044,54.01,54.13,55.28,53.57,2301621,11.39,11.42,11.66,11.3,2301621.0,-0.15000000000000036,-0.011
2009-04-28,13.9,14.07,13.35,13.36,NKE,2470160.0,0.12288751736840407,0.12288751736840407,53.42,55.59,56.3,53.4,2470160,11.27,11.72,11.87,11.26,2470160.0,0.370000000000001,0.0273
2009-04-29,13.24,13.94,13.13,13.9,NKE,5464545.0,0.06957055611206257,0.06957055611206257,55.6,52.96,55.75,52.5,5464545,11.73,11.17,11.76,11.07,5464545.0,-0.6600000000000001,-0.0475
2009-04-30,13.12,13.76,13.04,13.38,NKE,4831644.0,0.05987656315636404,0.05987656315636404,53.54,52.47,55.02,52.18,4831644,11.29,11.07,11.6,11.0,4831644.0,-0.120000000000001,-0.0091
2009-05-01,13.23,13.34,13.13,13.22,NKE,3475540.0,0.06876272336575438,0.06876272336575438,52.87,52.92,53.37,52.5,3475540,11.15,11.16,11.26,11.07,3475540.0,0.11000000000000121,0.0084
2009-05-04,13.82,13.82,13.22,13.23,NKE,3637471.0,0.11642485539793843,0.11642485539793843,52.91,55.27,55.27,52.87,3637471,11.16,11.66,11.66,11.15,3637471.0,0.5899999999999999,0.0446
2009-05-05,13.75,13.79,13.59,13.61,NKE,3311954.0,0.11077002617378098,0.11077002617378098,54.42,55.0,55.18,54.35,3311954,11.48,11.6,11.64,11.46,3311954.0,-0.07000000000000028,-0.0051
2009-05-06,13.65,13.95,13.56,13.86,NKE,3702145.0,0.10269169871069897,0.10269169871069897,55.45,54.61,55.78,54.24,3702145,11.69,11.52,11.76,11.44,3702145.0,-0.09999999999999964,-0.0073
2009-05-07,13.27,13.92,13.11,13.83,NKE,4636656.0,0.07199405435098713,0.07199405435098713,55.32,53.08,55.67,52.43,4636656,11.67,11.19,11.74,11.06,4636656.0,-0.3800000000000008,-0.0278
2009-05-08,13.61,13.71,13.0,13.44,NKE,2842947.0,0.09946036772546607,0.09946036772546607,53.76,54.42,54.86,52.0,2842947,11.34,11.48,11.57,10.97,2842947.0,0.33999999999999986,0.0256
2009-05-11,13.29,13.45,13.2,13.4,NKE,3763913.0,0.07360971984360351,0.07360971984360351,53.6,53.14,53.81,52.79,3763913,11.3,11.21,11.35,11.13,3763913.0,-0.3200000000000003,-0.0235
2009-05-12,12.74,13.21,12.56,13.13,NKE,6068896.0,0.029178918796652357,0.029178918796652357,52.5,50.98,52.85,50.24,6068896,11.07,10.75,11.15,10.6,6068896.0,-0.5499999999999989,-0.0414
2009-05-13,12.38,12.6,12.19,12.6,NKE,4574700.0,9.69399295570456e-05,9.69399295570456e-05,50.4,49.52,50.4,48.76,4574700,10.63,10.44,10.63,10.28,4574700.0,-0.35999999999999943,-0.0283
2009-05-14,12.74,12.84,12.35,12.35,NKE,4174548.0,0.029178918796652357,0.029178918796652357,49.4,50.95,51.37,49.4,4174548,10.42,10.75,10.83,10.42,4174548.0,0.35999999999999943,0.0291
2009-05-15,12.44,12.9,12.41,12.52,NKE,3678783.0,0.004943936407406168,0.004943936407406168,50.09,49.75,51.6,49.64,3678783,10.56,10.49,10.88,10.47,3678783.0,-0.3000000000000007,-0.0235
2009-05-18,12.8,12.82,12.5,12.53,NKE,2715025.0,0.03402591527450162,0.03402591527450162,50.12,51.2,51.28,50.0,2715025,10.57,10.8,10.81,10.54,2715025.0,0.3600000000000012,0.0289
2009-05-19,13.01,13.15,12.63,12.88,NKE,3656404.0,0.05099040294697384,0.05099040294697384,51.5,52.04,52.6,50.53,3656404,10.86,10.98,11.09,10.66,3656404.0,0.20999999999999908,0.0164
2009-05-20,12.67,13.13,12.63,13.08,NKE,3715795.0,0.023524089572494904,0.023524089572494904,52.33,50.69,52.54,50.54,3715795,11.04,10.69,11.08,10.66,3715795.0,-0.33999999999999986,-0.0261
2009-05-21,12.84,12.86,12.52,12.59,NKE,3835263.0,0.037257246259734374,0.037257246259734374,50.36,51.35,51.43,50.07,3835263,10.62,10.83,10.85,10.56,3835263.0,0.16999999999999993,0.0134
2009-05-22,13.1,13.22,12.8,12.84,NKE,3709846.0,0.05826089766374767,0.05826089766374767,51.35,52.41,52.89,51.19,3709846,10.83,11.05,11.15,10.8,3709846.0,0.2599999999999998,0.0202
2009-05-26,13.54,13.64,12.99,12.99,NKE,4192822.0,0.09380553850130861,0.09380553850130861,51.97,54.17,54.57,51.97,4192822,10.96,11.42,11.51,10.96,4192822.0,0.4399999999999995,0.0336
2009-05-27,13.6,13.82,13.46,13.54,NKE,3781800.0,0.09865253497915788,0.09865253497915788,54.17,54.41,55.29,53.84,3781800,11.42,11.48,11.66,11.35,3781800.0,0.0600000000000005,0.0044
2009-05-28,13.78,13.84,13.4,13.61,NKE,3760175.0,0.11319352441270554,0.11319352441270554,54.45,55.11,55.36,53.61,3760175,11.48,11.62,11.68,11.31,3760175.0,0.17999999999999972,0.0132
2009-05-29,14.26,14.29,13.68,13.81,NKE,4142265.0,0.15196949623549938,0.15196949623549938,55.26,57.05,57.14,54.7,4142265,11.65,12.03,12.05,11.54,4142265.0,0.4800000000000004,0.0348
2009-06-01,14.81,14.99,14.39,14.46,NKE,4403686.0,0.19640029728245068,0.19640029728245068,57.86,59.26,59.95,57.56,4403686,12.2,12.5,12.64,12.14,4403686.0,0.5500000000000007,0.0386
2009-06-02,14.46,14.83,14.44,14.75,NKE,4735697.0,0.16812615116166355,0.16812615116166355,58.99,57.83,59.32,57.75,4735697,12.44,12.2,12.51,12.18,4735697.0,-0.34999999999999964,-0.0236
2009-06-03,14.54,14.55,14.2,14.35,NKE,3504649.0,0.17458881313212904,0.17458881313212904,57.39,58.17,58.22,56.8,3504649,12.1,12.27,12.28,11.98,3504649.0,0.0799999999999983,0.0055
2009-06-04,14.38,14.54,14.16,14.54,NKE,3274515.0,0.1616634891911979,0.1616634891911979,58.14,57.54,58.14,56.63,3274515,12.31,12.19,12.31,12.0,3274515.0,-0.15999999999999837,-0.011
2009-06-05,14.57,14.78,14.49,14.65,NKE,4112895.0,0.17701231137105375,0.17701231137105375,58.6,58.29,59.12,57.95,4112895,12.41,12.35,12.52,12.27,4112895.0,0.1899999999999995,0.0132
2009-06-08,14.5,14.65,14.32,14.53,NKE,2670868.0,0.1713574821468963,0.1713574821468963,58.12,58.0,58.62,57.27,2670868,12.31,12.28,12.42,12.13,2670868.0,-0.07000000000000028,-0.0048
2009-06-09,14.66,14.74,14.41,14.5,NKE,2429107.0,0.18428280608782757,0.18428280608782757,57.99,58.66,58.95,57.64,2429107,12.28,12.42,12.49,12.21,2429107.0,0.16000000000000014,0.011
2009-06-10,14.26,14.77,14.06,14.72,NKE,5960099.0,0.15196949623549938,0.15196949623549938,58.87,57.05,59.06,56.25,5960099,12.47,12.08,12.51,11.91,5960099.0,-0.40000000000000036,-0.0273
2009-06-11,14.15,14.47,14.14,14.29,NKE,3863067.0,0.14308333602610918,0.14308333602610918,57.16,56.62,57.89,56.57,3863067,12.11,11.99,12.26,11.98,3863067.0,-0.10999999999999943,-0.0077
2009-06-12,14.15,14.25,13.91,14.11,NKE,3871692.0,0.14308333602610918,0.14308333602610918,56.42,56.61,56.99,55.65,3871692,11.95,11.99,12.07,11.79,3871692.0,0.0,0.0
2009-06-15,13.98,14.12,13.85,14.1,NKE,3228201.0,0.12935017933886972,0.12935017933886972,56.39,55.94,56.47,55.41,3228201,11.94,11.85,11.96,11.74,3228201.0,-0.16999999999999993,-0.012
2009-06-16,13.83,14.19,13.79,13.99,NKE,2443502.0,0.11723268814424662,0.11723268814424662,55.95,55.33,56.75,55.14,2443502,11.85,11.72,12.02,11.68,2443502.0,-0.15000000000000036,-0.0107
2009-06-17,13.66,13.88,13.6,13.79,NKE,3396613.0,0.10349953145700715,0.10349953145700715,55.15,54.63,55.53,54.39,3396613,11.68,11.57,11.76,11.52,3396613.0,-0.16999999999999993,-0.0123
2009-06-18,14.07,14.36,13.68,13.8,NKE,4424989.0,0.13662067405564354,0.13662067405564354,55.2,56.3,57.43,54.7,4424989,11.69,11.92,12.16,11.59,4424989.0,0.41000000000000014,0.03
2009-06-19,14.18,14.49,14.13,14.21,NKE,3838370.0,0.14550683426503375,0.14550683426503375,56.83,56.7,57.96,56.53,3838370,12.04,12.01,12.28,11.97,3838370.0,0.10999999999999943,0.0078
2009-06-22,13.81,14.05,13.78,14.05,NKE,3075023.0,0.11561702265163025,0.11561702265163025,56.2,55.26,56.2,55.11,3075023,11.9,11.7,11.9,11.67,3075023.0,-0.3699999999999992,-0.0261
2009-06-23,13.38,13.81,13.34,13.8,NKE,4018516.0,0.08088021456037749,0.08088021456037749,55.21,53.54,55.26,53.35,4018516,11.69,11.34,11.7,11.3,4018516.0,-0.4299999999999997,-0.0311
2009-06-24,13.26,13.59,13.19,13.49,NKE,5050581.0,0.07118622160467895,0.07118622160467895,53.95,53.02,54.36,52.76,5050581,11.43,11.23,11.51,11.17,5050581.0,-0.120000000000001,-0.009
2009-06-25,12.82,12.89,12.54,12.66,NKE,14901767.0,0.035641580767118,0.035641580767118,50.65,51.28,51.57,50.16,14901767,10.73,10.86,10.92,10.62,14901767.0,-0.4399999999999995,-0.0332
2009-06-26,12.71,12.84,12.63,12.69,NKE,5341757.0,0.026755420557727796,0.026755420557727796,50.74,50.84,51.37,50.51,5341757,10.75,10.77,10.88,10.7,5341757.0,-0.10999999999999943,-0.0086
2009-06-29,12.94,13.04,12.7,12.79,NKE,3456246.0,0.04533557372281639,0.04533557372281639,51.15,51.75,52.16,50.8,3456246,10.83,10.96,11.05,10.76,3456246.0,0.22999999999999865,0.0181
2009-06-30,12.95,13.12,12.82,12.96,NKE,2925142.0,0.04614340646912457,0.04614340646912457,51.86,51.78,52.48,51.28,2925142,10.98,10.97,11.12,10.86,2925142.0,0.009999999999999787,0.0008
2009-07-01,13.11,13.25,12.84,13.04,NKE,3091295.0,0.05906873041005586,0.05906873041005586,52.14,52.42,52.99,51.35,3091295,11.04,11.1,11.22,10.88,3091295.0,0.16000000000000014,0.0124
2009-07-02,12.77,12.96,12.77,12.94,NKE,3831670.0,0.03160241703557692,0.03160241703557692,51.77,51.06,51.83,51.06,3831670,10.96,10.81,10.98,10.81,3831670.0,-0.33999999999999986,-0.0259
2009-07-03,12.77,12.96,12.77,12.94,NKE,3831670.0,0.03160241703557692,0.03160241703557692,51.77,51.06,51.83,51.06,3831670,10.96,10.81,10.98,10.81,3831670.0,0.0,0.0
2009-07-06,12.98,13.07,12.69,12.69,NKE,3719764.0,0.04856690470804928,0.04856690470804928,50.74,51.91,52.3,50.74,3719764,10.75,10.99,11.08,10.75,3719764.0,0.21000000000000085,0.0164
2009-07-07,12.8,12.96,12.72,12.93,NKE,3046445.0,0.03402591527450162,0.03402591527450162,51.7,51.21,51.85,50.89,3046445,10.95,10.85,10.98,10.78,3046445.0,-0.17999999999999972,-0.0139
2009-07-08,12.88,12.93,12.69,12.75,NKE,2603424.0,0.04048857724496726,0.04048857724496726,50.99,51.51,51.71,50.75,2603424,10.8,10.91,10.95,10.75,2603424.0,0.08000000000000007,0.0063
2009-07-09,12.77,12.96,12.69,12.96,NKE,2134484.0,0.03160241703557692,0.03160241703557692,51.86,51.06,51.86,50.77,2134484,10.98,10.81,10.98,10.75,2134484.0,-0.11000000000000121,-0.0085
2009-07-10,12.82,12.95,12.65,12.67,NKE,2359043.0,0.035641580767118,0.035641580767118,50.67,51.3,51.79,50.62,2359043,10.73,10.87,10.97,10.72,2359043.0,0.05000000000000071,0.0039
2009-07-13,12.88,12.98,12.7,12.87,NKE,3117276.0,0.04048857724496726,0.04048857724496726,51.46,51.54,51.91,50.81,3117276,10.9,10.92,10.99,10.76,3117276.0,0.0600000000000005,0.0047
2009-07-14,12.97,13.07,12.8,12.87,NKE,2004389.0,0.04775907196174109,0.04775907196174109,51.49,51.9,52.29,51.21,2004389,10.91,10.99,11.08,10.85,2004389.0,0.08999999999999986,0.007
2009-07-15,13.23,13.25,12.83,13.09,NKE,3886195.0,0.06876272336575438,0.06876272336575438,52.35,52.93,52.99,51.32,3886195,11.09,11.21,11.22,10.87,3886195.0,0.2599999999999998,0.02
2009-07-16,13.3,13.37,13.0,13.2,NKE,3339090.0,0.07441755258991184,0.07441755258991184,52.78,53.19,53.48,52.0,3339090,11.18,11.27,11.33,11.01,3339090.0,0.07000000000000028,0.0053
2009-07-17,13.11,13.29,12.99,13.29,NKE,3275398.0,0.05906873041005586,0.05906873041005586,53.15,52.44,53.15,51.98,3275398,11.26,11.11,11.26,11.01,3275398.0,-0.19000000000000128,-0.0143
2009-07-20,13.21,13.31,13.02,13.15,NKE,2661482.0,0.06714705787313802,0.06714705787313802,52.59,52.83,53.24,52.09,2661482,11.14,11.19,11.28,11.03,2661482.0,0.10000000000000142,0.0076
2009-07-21,13.02,13.36,12.92,13.36,NKE,2751843.0,0.05179823569328203,0.05179823569328203,53.43,52.07,53.44,51.68,2751843,11.32,11.03,11.32,10.95,2751843.0,-0.19000000000000128,-0.0144
2009-07-22,12.88,13.11,12.86,13.0,NKE,3575249.0,0.04048857724496726,0.04048857724496726,52.0,51.53,52.43,51.42,3575249,11.01,10.91,11.1,10.89,3575249.0,-0.1399999999999988,-0.0108
2009-07-23,12.79,13.02,12.75,12.88,NKE,5383231.0,0.03321808252819329,0.03321808252819329,51.5,51.14,52.08,51.0,5383231,10.91,10.83,11.03,10.8,5383231.0,-0.09000000000000163,-0.007
2009-07-24,13.04,13.11,12.65,12.78,NKE,3682756.0,0.0534139011858984,0.0534139011858984,51.11,52.17,52.42,50.59,3682756,10.83,11.05,11.1,10.71,3682756.0,0.25,0.0195
2009-07-27,13.09,13.1,12.91,13.05,NKE,1569106.0,0.05745306491743948,0.05745306491743948,52.21,52.37,52.4,51.64,1569106,11.06,11.09,11.1,10.94,1569106.0,0.05000000000000071,0.0038
2009-07-28,13.23,13.23,12.86,12.99,NKE,2638280.0,0.06876272336575438,0.06876272336575438,51.98,52.91,52.94,51.43,2638280,11.01,11.21,11.21,10.89,2638280.0,0.14000000000000057,0.0107
2009-07-29,13.59,13.63,13.09,13.13,NKE,5303766.0,0.0978447022328497,0.0978447022328497,52.5,54.37,54.5,52.36,5303766,11.12,11.52,11.54,11.09,5303766.0,0.35999999999999943,0.0272
2009-07-30,14.02,14.13,13.64,13.73,NKE,5014923.0,0.13258151032410245,0.13258151032410245,54.93,56.09,56.53,54.58,5014923,11.63,11.88,11.97,11.56,5014923.0,0.4299999999999997,0.0316
2009-07-31,14.16,14.44,13.89,13.92,NKE,5449233.0,0.14389116877241737,0.14389116877241737,55.67,56.64,57.77,55.56,5449233,11.79,12.0,12.24,11.77,5449233.0,0.14000000000000057,0.01
2009-08-03,14.15,14.27,14.06,14.24,NKE,3377471.0,0.14308333602610918,0.14308333602610918,56.98,56.62,57.08,56.24,3377471,12.07,11.99,12.09,11.91,3377471.0,-0.009999999999999787,-0.0007
2009-08-04,14.38,14.39,14.04,14.13,NKE,3710717.0,0.1616634891911979,0.1616634891911979,56.53,57.54,57.57,56.15,3710717,11.97,12.19,12.19,11.89,3710717.0,0.23000000000000043,0.0163
2009-08-05,14.26,14.54,14.18,14.38,NKE,4083391.0,0.15196949623549938,0.15196949623549938,57.54,57.02,58.17,56.73,4083391,12.19,12.08,12.32,12.02,4083391.0,-0.120000000000001,-0.0083
2009-08-06,14.4,14.45,14.21,14.31,NKE,3640335.0,0.1632791546838143,0.1632791546838143,57.25,57.62,57.8,56.82,3640335,12.13,12.2,12.24,12.03,3640335.0,0.14000000000000057,0.0098
2009-08-07,14.52,14.57,14.28,14.49,NKE,2862074.0,0.1729731476395127,0.1729731476395127,57.96,58.07,58.27,57.13,2862074,12.28,12.3,12.34,12.1,2862074.0,0.11999999999999922,0.0083
2009-08-10,14.29,14.47,14.18,14.47,NKE,2385994.0,0.15439299447442395,0.15439299447442395,57.87,57.14,57.87,56.71,2385994,12.26,12.1,12.26,12.01,2385994.0,-0.23000000000000043,-0.0158
2009-08-11,14.2,14.27,14.01,14.23,NKE,1903600.0,0.14712249975765013,0.14712249975765013,56.92,56.79,57.09,56.02,1903600,12.06,12.03,12.09,11.87,1903600.0,-0.08999999999999986,-0.0063
2009-08-12,14.38,14.47,14.11,14.15,NKE,3049318.0,0.1616634891911979,0.1616634891911979,56.6,57.52,57.9,56.42,3049318,11.99,12.18,12.26,11.95,3049318.0,0.1800000000000015,0.0127
2009-08-13,14.45,14.46,14.24,14.35,NKE,2094464.0,0.16731831841535522,0.16731831841535522,57.38,57.81,57.83,56.98,2094464,12.15,12.24,12.25,12.07,2094464.0,0.06999999999999851,0.0049
2009-08-14,14.21,14.5,14.07,14.41,NKE,2281242.0,0.14793033250395846,0.14793033250395846,57.66,56.86,58.0,56.3,2281242,12.21,12.04,12.28,11.92,2281242.0,-0.23999999999999844,-0.0166
2009-08-17,13.86,14.12,13.79,14.02,NKE,2745240.0,0.11965618638317117,0.11965618638317117,56.07,55.44,56.46,55.16,2745240,11.88,11.74,11.96,11.68,2745240.0,-0.3500000000000014,-0.0246
2009-08-18,13.9,13.96,13.8,13.88,NKE,3328107.0,0.12288751736840407,0.12288751736840407,55.52,55.61,55.85,55.19,3328107,11.76,11.78,11.83,11.69,3328107.0,0.040000000000000924,0.0029
2009-08-19,14.19,14.23,13.77,13.77,NKE,2826555.0,0.14631466701134194,0.14631466701134194,55.09,56.77,56.92,55.09,2826555,11.67,12.02,12.06,11.67,2826555.0,0.28999999999999915,0.0209
2009-08-20,14.25,14.29,14.05,14.2,NKE,2975913.0,0.1511616634891912,0.1511616634891912,56.8,57.0,57.14,56.2,2975913,12.03,12.07,12.1,11.9,2975913.0,0.0600000000000005,0.0042
2009-08-21,13.91,14.13,13.81,14.0,NKE,5639327.0,0.12369535011471226,0.12369535011471226,55.99,55.65,56.5,55.24,5639327,11.86,11.79,11.97,11.7,5639327.0,-0.33999999999999986,-0.0239
2009-08-24,14.0,14.06,13.89,13.93,NKE,3809447.0,0.1309658448314861,0.1309658448314861,55.7,56.0,56.25,55.56,3809447,11.8,11.86,11.91,11.77,3809447.0,0.08999999999999986,0.0065
2009-08-25,13.79,14.12,13.78,14.07,NKE,4581283.0,0.11400135715901373,0.11400135715901373,56.29,55.16,56.47,55.1,4581283,11.92,11.68,11.96,11.67,4581283.0,-0.21000000000000085,-0.015
2009-08-26,13.86,14.0,13.73,13.82,NKE,3349829.0,0.11965618638317117,0.11965618638317117,55.28,55.45,56.0,54.93,3349829,11.71,11.74,11.86,11.63,3349829.0,0.07000000000000028,0.0051
2009-08-27,14.21,14.28,13.7,13.88,NKE,4770498.0,0.14793033250395846,0.14793033250395846,55.54,56.83,57.13,54.8,4770498,11.76,12.04,12.1,11.61,4770498.0,0.3500000000000014,0.0253
2009-08-28,14.04,14.35,13.95,14.26,NKE,2144576.0,0.13419717581671883,0.13419717581671883,57.05,56.18,57.38,55.81,2144576,12.08,11.9,12.15,11.82,2144576.0,-0.1700000000000017,-0.012
2009-08-31,13.85,14.0,13.79,13.98,NKE,1838654.0,0.118848353636863,0.118848353636863,55.92,55.39,56.0,55.15,1838654,11.84,11.73,11.86,11.68,1838654.0,-0.1899999999999995,-0.0135
2009-09-01,13.59,13.88,13.53,13.73,NKE,5040527.0,0.0978447022328497,0.0978447022328497,54.91,54.36,55.52,54.11,5040527,11.63,11.51,11.76,11.46,5040527.0,-0.2599999999999998,-0.0188
2009-09-02,13.33,13.58,13.3,13.53,NKE,4385247.0,0.0768410508288364,0.0768410508288364,54.12,53.31,54.33,53.22,4385247,11.46,11.29,11.51,11.27,4385247.0,-0.2599999999999998,-0.0191
2009-09-03,13.43,13.47,13.33,13.37,NKE,3521570.0,0.08491937829191841,0.08491937829191841,53.49,53.73,53.9,53.31,3521570,11.38,11.43,11.47,11.34,3521570.0,0.09999999999999964,0.0075
2009-09-04,13.56,13.6,13.36,13.47,NKE,2426489.0,0.09542120399392513,0.09542120399392513,53.87,54.23,54.38,53.42,2426489,11.46,11.54,11.57,11.37,2426489.0,0.13000000000000078,0.0097
2009-09-08,13.81,13.81,13.55,13.66,NKE,2900237.0,0.11561702265163025,0.11561702265163025,54.63,55.24,55.26,54.21,2900237,11.63,11.76,11.76,11.54,2900237.0,0.25,0.0184
2009-09-09,13.84,13.87,13.63,13.73,NKE,3996020.0,0.1180405208905548,0.1180405208905548,54.93,55.35,55.48,54.53,3996020,11.69,11.78,11.81,11.6,3996020.0,0.02999999999999936,0.0022
2009-09-10,13.86,13.95,13.72,13.84,NKE,4663259.0,0.11965618638317117,0.11965618638317117,55.35,55.42,55.8,54.87,4663259,11.78,11.79,11.87,11.68,4663259.0,0.019999999999999574,0.0014
2009-09-11,13.75,13.97,13.69,13.89,NKE,4342044.0,0.11077002617378098,0.11077002617378098,55.56,54.99,55.89,54.76,4342044,11.82,11.7,11.89,11.65,4342044.0,-0.10999999999999943,-0.0079
2009-09-14,13.73,13.8,13.38,13.62,NKE,3574778.0,0.1091543606811646,0.1091543606811646,54.48,54.91,55.22,53.52,3574778,11.59,11.68,11.75,11.39,3574778.0,-0.019999999999999574,-0.0015
2009-09-15,13.67,13.75,13.49,13.69,NKE,3704634.0,0.10430736420331534,0.10430736420331534,54.76,54.69,55.0,53.97,3704634,11.65,11.64,11.7,11.48,3704634.0,-0.0600000000000005,-0.0044
2009-09-16,14.29,14.36,13.6,13.69,NKE,6086697.0,0.15439299447442395,0.15439299447442395,54.76,57.18,57.45,54.41,6086697,11.65,12.17,12.23,11.58,6086697.0,0.6199999999999992,0.0454
2009-09-17,14.52,14.7,14.22,14.25,NKE,3690560.0,0.1729731476395127,0.1729731476395127,57.0,58.09,58.81,56.87,3690560,12.13,12.36,12.51,12.1,3690560.0,0.23000000000000043,0.0161
2009-09-18,14.65,14.72,14.49,14.56,NKE,2881368.0,0.1834749733415194,0.1834749733415194,58.25,58.59,58.88,57.95,2881368,12.4,12.47,12.53,12.33,2881368.0,0.13000000000000078,0.009
2009-09-21,14.64,14.84,14.41,14.51,NKE,2368180.0,0.18266714059521122,0.18266714059521122,58.05,58.55,59.37,57.66,2368180,12.35,12.46,12.63,12.27,2368180.0,-0.009999999999999787,-0.0007
2009-09-22,14.64,14.88,14.61,14.74,NKE,3093516.0,0.18266714059521122,0.18266714059521122,58.97,58.57,59.5,58.44,3093516,12.55,12.46,12.66,12.44,3093516.0,0.0,0.0
2009-09-23,14.57,14.81,14.56,14.7,NKE,10893054.0,0.17701231137105375,0.17701231137105375,58.8,58.3,59.25,58.23,10893054,12.51,12.41,12.61,12.39,10893054.0,-0.07000000000000028,-0.0048
2009-09-24,14.54,14.69,14.46,14.58,NKE,6555397.0,0.17458881313212904,0.17458881313212904,58.31,58.17,58.74,57.83,6555397,12.41,12.38,12.5,12.31,6555397.0,-0.030000000000001137,-0.0021
2009-09-25,14.66,14.96,14.57,14.58,NKE,4373657.0,0.18428280608782757,0.18428280608782757,58.33,58.64,59.85,58.3,4373657,12.41,12.48,12.74,12.41,4373657.0,0.120000000000001,0.0083
2009-09-28,14.75,14.83,14.62,14.68,NKE,2526636.0,0.19155330080460142,0.19155330080460142,58.73,59.0,59.31,58.46,2526636,12.5,12.56,12.62,12.44,2526636.0,0.08999999999999986,0.0061
2009-09-29,15.02,15.05,14.78,14.81,NKE,8690806.0,0.2133647849549229,0.2133647849549229,59.23,60.09,60.19,59.12,8690806,12.6,12.79,12.81,12.58,8690806.0,0.2699999999999996,0.0183
2009-09-30,16.18,16.24,16.0,16.0,NKE,16793792.0,0.3070733835266746,0.3070733835266746,64.01,64.7,64.95,64.01,16793792,13.62,13.77,13.82,13.62,16793792.0,1.1600000000000001,0.0772
2009-10-01,15.63,16.1,15.63,16.0,NKE,8259046.0,0.26264258247972344,0.26264258247972344,64.0,62.5,64.4,62.5,8259046,13.62,13.3,13.7,13.3,8259046.0,-0.5499999999999989,-0.034
2009-10-02,15.51,15.6,15.27,15.38,NKE,5642028.0,0.25294858952402494,0.25294858952402494,61.53,62.02,62.39,61.08,5642028,13.09,13.2,13.28,13.0,5642028.0,-0.120000000000001,-0.0077
2009-10-05,15.7,15.73,15.44,15.47,NKE,2968332.0,0.2682974117038808,0.2682974117038808,61.88,62.78,62.92,61.75,2968332,13.17,13.36,13.39,13.14,2968332.0,0.1899999999999995,0.0123
2009-10-06,15.77,16.11,15.71,15.73,NKE,3651473.0,0.2739522409280382,0.2739522409280382,62.91,63.09,64.42,62.84,3651473,13.39,13.43,13.71,13.37,3651473.0,0.07000000000000028,0.0045
2009-10-07,15.86,15.93,15.7,15.73,NKE,2190694.0,0.28122273564481204,0.28122273564481204,62.94,63.42,63.73,62.8,2190694,13.39,13.5,13.56,13.36,2190694.0,0.08999999999999986,0.0057
2009-10-08,16.0,16.09,15.89,15.93,NKE,2341244.0,0.292532394093127,0.292532394093127,63.71,64.02,64.36,63.55,2341244,13.56,13.62,13.7,13.52,2341244.0,0.14000000000000057,0.0088
2009-10-09,15.9,16.05,15.75,16.03,NKE,2217472.0,0.28445406663004497,0.28445406663004497,64.12,63.59,64.19,63.0,2217472,13.64,13.53,13.66,13.41,2217472.0,-0.09999999999999964,-0.0062
2009-10-12,15.81,16.0,15.81,15.96,NKE,1550075.0,0.2771835719132711,0.2771835719132711,63.85,63.25,64.0,63.23,1550075,13.59,13.46,13.62,13.46,1550075.0,-0.08999999999999986,-0.0057
2009-10-13,15.92,15.96,15.75,15.81,NKE,1765591.0,0.2860697321226613,0.2860697321226613,63.26,63.68,63.85,63.01,1765591,13.46,13.55,13.59,13.41,1765591.0,0.10999999999999943,0.007
2009-10-14,16.23,16.31,15.98,16.02,NKE,3657923.0,0.3111125472582157,0.3111125472582157,64.08,64.9,65.23,63.91,3657923,13.64,13.81,13.88,13.6,3657923.0,0.3100000000000005,0.0195
2009-10-15,16.24,16.25,16.03,16.18,NKE,3661882.0,0.3119203800045237,0.3119203800045237,64.73,64.96,65.01,64.13,3661882,13.77,13.82,13.83,13.65,3661882.0,0.00999999999999801,0.0006
2009-10-16,16.27,16.3,16.07,16.09,NKE,3654283.0,0.31434387824344845,0.31434387824344845,64.34,65.1,65.2,64.26,3654283,13.69,13.85,13.87,13.67,3654283.0,0.030000000000001137,0.0018
2009-10-19,16.52,16.59,16.1,16.26,NKE,4628366.0,0.33453969690115354,0.33453969690115354,65.04,66.09,66.35,64.41,4628366,13.84,14.06,14.12,13.71,4628366.0,0.25,0.0154
2009-10-20,16.27,16.45,16.16,16.38,NKE,3389910.0,0.31434387824344845,0.31434387824344845,65.53,65.09,65.79,64.65,3389910,13.94,13.85,14.0,13.76,3389910.0,-0.25,-0.0151
2009-10-21,16.19,16.45,16.18,16.27,NKE,3328329.0,0.3078812162729829,0.3078812162729829,65.1,64.75,65.8,64.7,3328329,13.85,13.78,14.0,13.77,3328329.0,-0.0799999999999983,-0.0049
2009-10-22,16.3,16.43,16.1,16.2,NKE,2497763.0,0.31676737648237313,0.31676737648237313,64.82,65.19,65.7,64.4,2497763,13.79,13.87,13.98,13.7,2497763.0,0.10999999999999943,0.0068
2009-10-23,16.04,16.29,15.89,16.26,NKE,3174560.0,0.2957637250783597,0.2957637250783597,65.05,64.17,65.16,63.55,3174560,13.84,13.66,13.87,13.52,3174560.0,-0.26000000000000156,-0.016
2009-10-26,15.94,16.24,15.9,16.02,NKE,2953515.0,0.28768539761527767,0.28768539761527767,64.08,63.75,64.96,63.59,2953515,13.64,13.57,13.82,13.53,2953515.0,-0.09999999999999964,-0.0062
2009-10-27,16.02,16.17,15.63,15.91,NKE,3927901.0,0.2941480595857433,0.2941480595857433,63.65,64.09,64.69,62.5,3927901,13.54,13.64,13.77,13.3,3927901.0,0.08000000000000007,0.005
2009-10-28,15.64,16.07,15.57,15.91,NKE,3705163.0,0.26345041522603163,0.26345041522603163,63.63,62.57,64.26,62.28,3705163,13.54,13.31,13.67,13.25,3705163.0,-0.379999999999999,-0.0237
2009-10-29,15.93,16.03,15.65,15.75,NKE,2712256.0,0.2868775648689695,0.2868775648689695,63.0,63.71,64.11,62.6,2712256,13.41,13.56,13.64,13.32,2712256.0,0.28999999999999915,0.0185
2009-10-30,15.54,15.95,15.51,15.84,NKE,3668007.0,0.2553720877629495,0.2553720877629495,63.35,62.18,63.79,62.02,3668007,13.48,13.23,13.57,13.2,3668007.0,-0.39000000000000057,-0.0245
2009-11-02,15.63,15.9,15.46,15.59,NKE,2881658.0,0.26264258247972344,0.26264258247972344,62.34,62.5,63.62,61.83,2881658,13.27,13.3,13.54,13.16,2881658.0,0.09000000000000163,0.0058
2009-11-03,15.66,15.76,15.45,15.56,NKE,2747376.0,0.265066080718648,0.265066080718648,62.25,62.66,63.05,61.8,2747376,13.25,13.33,13.42,13.15,2747376.0,0.02999999999999936,0.0019
2009-11-04,15.68,15.95,15.49,15.71,NKE,2168719.0,0.2666817462112644,0.2666817462112644,62.82,62.73,63.8,61.97,2168719,13.37,13.35,13.58,13.19,2168719.0,0.019999999999999574,0.0013
2009-11-05,16.19,16.2,15.77,15.87,NKE,2644564.0,0.3078812162729829,0.3078812162729829,63.49,64.76,64.79,63.07,2644564,13.51,13.78,13.79,13.42,2644564.0,0.5100000000000016,0.0325
2009-11-06,16.14,16.2,15.97,16.16,NKE,1908898.0,0.30384205254144186,0.30384205254144186,64.65,64.56,64.82,63.88,1908898,13.76,13.74,13.79,13.59,1908898.0,-0.05000000000000071,-0.0031
2009-11-09,16.33,16.33,16.09,16.13,NKE,2286708.0,0.31919087472129754,0.31919087472129754,64.5,65.32,65.33,64.36,2286708,13.73,13.9,13.9,13.7,2286708.0,0.18999999999999773,0.0118
2009-11-10,16.12,16.42,16.0,16.34,NKE,2474556.0,0.3022263870488255,0.3022263870488255,65.34,64.47,65.69,64.0,2474556,13.9,13.72,13.98,13.62,2474556.0,-0.2099999999999973,-0.0129
2009-11-11,16.23,16.39,16.14,16.15,NKE,1670165.0,0.3111125472582157,0.3111125472582157,64.61,64.93,65.57,64.57,1670165,13.75,13.82,13.95,13.74,1670165.0,0.10999999999999943,0.0068
2009-11-12,16.02,16.35,15.95,16.23,NKE,1654315.0,0.2941480595857433,0.2941480595857433,64.94,64.09,65.39,63.81,1654315,13.82,13.64,13.91,13.58,1654315.0,-0.21000000000000085,-0.0129
2009-11-13,16.11,16.24,15.93,16.07,NKE,1827723.0,0.3014185543025172,0.3014185543025172,64.27,64.42,64.96,63.72,1827723,13.68,13.71,13.82,13.56,1827723.0,0.08999999999999986,0.0056
2009-11-16,16.52,16.59,16.13,16.16,NKE,2595027.0,0.33453969690115354,0.33453969690115354,64.66,66.1,66.34,64.52,2595027,13.76,14.07,14.12,13.73,2595027.0,0.41000000000000014,0.0255
2009-11-17,16.24,16.5,16.11,16.47,NKE,1963567.0,0.3119203800045237,0.3119203800045237,65.89,64.96,66.0,64.43,1963567,14.02,13.82,14.04,13.71,1963567.0,-0.28000000000000114,-0.0169
2009-11-18,16.11,16.2,15.95,16.2,NKE,2024513.0,0.3014185543025172,0.3014185543025172,64.79,64.42,64.79,63.79,2024513,13.79,13.71,13.79,13.57,2024513.0,-0.129999999999999,-0.008
2009-11-19,15.89,16.07,15.72,15.98,NKE,2463282.0,0.2836462338837368,0.2836462338837368,63.93,63.56,64.3,62.88,2463282,13.6,13.53,13.68,13.38,2463282.0,-0.21999999999999886,-0.0137
2009-11-20,15.98,16.02,15.68,15.84,NKE,3153663.0,0.2909167286005106,0.2909167286005106,63.34,63.92,64.08,62.7,3153663,13.48,13.6,13.64,13.34,3153663.0,0.08999999999999986,0.0057
2009-11-23,16.12,16.38,16.01,16.2,NKE,2358029.0,0.3022263870488255,0.3022263870488255,64.82,64.49,65.53,64.04,2358029,13.79,13.72,13.94,13.63,2358029.0,0.14000000000000057,0.0088
2009-11-24,16.13,16.27,16.08,16.17,NKE,1612276.0,0.3030342197951335,0.3030342197951335,64.68,64.52,65.1,64.32,1612276,13.76,13.73,13.85,13.69,1612276.0,0.00999999999999801,0.0006
2009-11-25,16.43,16.47,16.13,16.13,NKE,1996503.0,0.3272692021843797,0.3272692021843797,64.53,65.7,65.87,64.53,1996503,13.73,13.98,14.02,13.73,1996503.0,0.3000000000000007,0.0186
2009-11-27,16.26,16.36,16.0,16.13,NKE,1174735.0,0.31353604549714037,0.31353604549714037,64.52,65.05,65.44,64.0,1174735,13.73,13.84,13.93,13.62,1174735.0,-0.16999999999999815,-0.0103
2009-11-30,16.22,16.39,16.1,16.2,NKE,2315290.0,0.3103047145119074,0.3103047145119074,64.8,64.89,65.54,64.39,2315290,13.79,13.81,13.95,13.7,2315290.0,-0.0400000000000027,-0.0025
2009-12-01,16.35,16.52,16.18,16.32,NKE,1987660.0,0.32080654021391425,0.32080654021391425,65.27,65.4,66.09,64.74,1987660,13.89,13.92,14.06,13.78,1987660.0,0.13000000000000256,0.008
2009-12-02,16.34,16.53,16.13,16.13,NKE,1484286.0,0.3199987074676059,0.3199987074676059,64.53,65.35,66.13,64.53,1484286,13.73,13.91,14.07,13.73,1484286.0,-0.010000000000001563,-0.0006
2009-12-03,16.17,16.4,16.14,16.32,NKE,2758791.0,0.30626555078036655,0.30626555078036655,65.26,64.67,65.59,64.54,2758791,13.95,13.82,14.02,13.79,2758791.0,-0.16999999999999815,-0.0104
2009-12-04,16.07,16.46,15.96,16.32,NKE,2545050.0,0.2981872233172844,0.2981872233172844,65.28,64.3,65.85,63.82,2545050,13.95,13.74,14.07,13.64,2545050.0,-0.10000000000000142,-0.0062
2009-12-07,16.14,16.25,16.07,16.07,NKE,2237054.0,0.30384205254144186,0.30384205254144186,64.3,64.54,64.99,64.3,2237054,13.74,13.79,13.89,13.74,2237054.0,0.07000000000000028,0.0044
2009-12-08,15.88,16.1,15.85,16.0,NKE,3627782.0,0.2828384011374286,0.2828384011374286,64.0,63.53,64.39,63.38,3627782,13.68,13.58,13.76,13.54,3627782.0,-0.2599999999999998,-0.0161
2009-12-09,15.49,15.88,15.44,15.88,NKE,5859592.0,0.25133292403140856,0.25133292403140856,63.51,61.95,63.51,61.75,5859592,13.57,13.24,13.57,13.2,5859592.0,-0.39000000000000057,-0.0246
2009-12-10,15.68,15.85,15.55,15.55,NKE,2993105.0,0.2666817462112644,0.2666817462112644,62.2,62.7,63.4,62.2,2993105,13.29,13.4,13.55,13.29,2993105.0,0.1899999999999995,0.0123
2009-12-11,15.96,16.05,15.77,15.79,NKE,2715023.0,0.2893010631078942,0.2893010631078942,63.16,63.86,64.19,63.09,2715023,13.5,13.65,13.72,13.48,2715023.0,0.28000000000000114,0.0179
2009-12-14,16.04,16.08,15.78,16.0,NKE,2314488.0,0.2957637250783597,0.2957637250783597,64.01,64.16,64.32,63.12,2314488,13.68,13.71,13.75,13.49,2314488.0,0.0799999999999983,0.005
2009-12-15,16.09,16.27,15.9,15.98,NKE,2401254.0,0.2998028888099008,0.2998028888099008,63.93,64.35,65.09,63.62,2401254,13.66,13.75,13.91,13.6,2401254.0,0.05000000000000071,0.0031
2009-12-16,16.01,16.17,15.91,16.17,NKE,1909904.0,0.2933402268394353,0.2933402268394353,64.68,64.05,64.68,63.63,1909904,13.82,13.69,13.82,13.6,1909904.0,-0.0799999999999983,-0.005
2009-12-17,15.81,16.01,15.77,15.89,NKE,2919974.0,0.2771835719132711,0.2771835719132711,63.57,63.25,64.05,63.07,2919974,13.58,13.52,13.69,13.48,2919974.0,-0.20000000000000107,-0.0125
2009-12-18,16.11,16.34,16.01,16.1,NKE,5080872.0,0.3014185543025172,0.3014185543025172,64.4,64.42,65.35,64.05,5080872,13.76,13.77,13.97,13.69,5080872.0,0.29999999999999893,0.019
2009-12-21,16.22,16.32,16.11,16.13,NKE,1849885.0,0.3103047145119074,0.3103047145119074,64.52,64.88,65.27,64.45,1849885,13.79,13.86,13.95,13.77,1849885.0,0.10999999999999943,0.0068
2009-12-22,16.27,16.33,16.05,16.22,NKE,2059746.0,0.31434387824344845,0.31434387824344845,64.88,65.1,65.33,64.18,2059746,13.86,13.91,13.96,13.72,2059746.0,0.05000000000000071,0.0031
2009-12-23,16.36,16.38,16.22,16.27,NKE,1537186.0,0.3216143729602223,0.3216143729602223,65.07,65.44,65.53,64.89,1537186,13.91,13.98,14.0,13.87,1537186.0,0.08999999999999986,0.0055
2009-12-24,16.31,16.39,16.25,16.36,NKE,575554.0,0.3175752092286812,0.3175752092286812,65.44,65.25,65.56,65.0,575554,13.98,13.94,14.01,13.89,575554.0,-0.05000000000000071,-0.0031
2009-12-28,16.38,16.39,16.2,16.31,NKE,1412019.0,0.32323003845283865,0.32323003845283865,65.25,65.5,65.55,64.78,1412019,13.94,14.0,14.01,13.84,1412019.0,0.07000000000000028,0.0043
2009-12-29,16.55,16.61,16.3,16.38,NKE,2020808.0,0.3369631951400783,0.3369631951400783,65.5,66.21,66.43,65.22,2020808,14.0,14.15,14.2,13.94,2020808.0,0.1700000000000017,0.0104
2009-12-30,16.54,16.56,16.43,16.46,NKE,1733039.0,0.3361553623937699,0.3361553623937699,65.85,66.14,66.24,65.71,1733039,14.07,14.13,14.16,14.04,1733039.0,-0.010000000000001563,-0.0006
2009-12-31,16.52,16.66,16.51,16.55,NKE,1586924.0,0.33453969690115354,0.33453969690115354,66.21,66.07,66.62,66.05,1586924,14.15,14.12,14.24,14.11,1586924.0,-0.019999999999999574,-0.0012
2010-01-04,16.34,16.52,16.28,16.52,NKE,2993147.0,0.3199987074676059,0.3199987074676059,66.06,65.35,66.07,65.12,2993147,14.12,13.97,14.12,13.92,2993147.0,-0.17999999999999972,-0.0109
2010-01-05,16.4,16.45,16.18,16.29,NKE,1568864.0,0.32484570394545503,0.32484570394545503,65.14,65.61,65.79,64.7,1568864,13.92,14.02,14.06,13.83,1568864.0,0.05999999999999872,0.0037
2010-01-06,16.3,16.42,16.23,16.35,NKE,3349807.0,0.31676737648237313,0.31676737648237313,65.4,65.21,65.69,64.94,3349807,13.98,13.94,14.04,13.88,3349807.0,-0.09999999999999787,-0.0061
2010-01-07,16.46,16.5,16.26,16.28,NKE,1796911.0,0.32969270042330445,0.32969270042330445,65.12,65.85,66.0,65.05,1796911,13.92,14.07,14.1,13.9,1796911.0,0.16000000000000014,0.0098
2010-01-08,16.43,16.46,16.23,16.45,NKE,1812409.0,0.3272692021843797,0.3272692021843797,65.79,65.72,65.85,64.94,1812409,14.06,14.04,14.07,13.88,1812409.0,-0.030000000000001137,-0.0018
2010-01-11,16.23,16.48,16.16,16.48,NKE,2669566.0,0.3111125472582157,0.3111125472582157,65.92,64.91,65.93,64.65,2669566,14.09,13.87,14.09,13.82,2669566.0,-0.1999999999999993,-0.0122
2010-01-12,16.2,16.27,16.07,16.15,NKE,2871429.0,0.308689049019291,0.308689049019291,64.6,64.82,65.1,64.28,2871429,13.81,13.85,13.91,13.74,2871429.0,-0.030000000000001137,-0.0018
2010-01-13,16.35,16.42,16.2,16.28,NKE,1412241.0,0.32080654021391425,0.32080654021391425,65.11,65.4,65.67,64.78,1412241,13.91,13.98,14.03,13.84,1412241.0,0.15000000000000213,0.0093
2010-01-14,16.25,16.46,16.19,16.37,NKE,1827981.0,0.31272821275083207,0.31272821275083207,65.49,64.99,65.83,64.75,1827981,14.0,13.89,14.07,13.84,1827981.0,-0.10000000000000142,-0.0061
2010-01-15,16.1,16.25,15.99,16.2,NKE,2823315.0,0.3006107215562091,0.3006107215562091,64.78,64.39,65.01,63.95,2823315,13.84,13.76,13.89,13.67,2823315.0,-0.14999999999999858,-0.0092
2010-01-18,16.1,16.25,15.99,16.2,NKE,2823315.0,0.3006107215562091,0.3006107215562091,64.78,64.39,65.01,63.95,2823315,13.84,13.76,13.89,13.67,2823315.0,0.0,0.0
2010-01-19,16.18,16.2,15.99,16.05,NKE,1863352.0,0.3070733835266746,0.3070733835266746,64.2,64.71,64.8,63.96,1863352,13.72,13.83,13.85,13.67,1863352.0,0.0799999999999983,0.005
2010-01-20,16.05,16.1,15.89,16.05,NKE,2002122.0,0.29657155782466804,0.29657155782466804,64.21,64.18,64.41,63.57,2002122,13.72,13.72,13.76,13.58,2002122.0,-0.129999999999999,-0.008
2010-01-21,15.91,16.09,15.76,16.08,NKE,3495881.0,0.28526189937635316,0.28526189937635316,64.31,63.64,64.34,63.03,3495881,13.74,13.6,13.75,13.47,3495881.0,-0.14000000000000057,-0.0087
2010-01-22,15.74,16.06,15.74,15.88,NKE,3330004.0,0.27152874268911364,0.27152874268911364,63.51,62.98,64.24,62.95,3330004,13.57,13.46,13.73,13.45,3330004.0,-0.16999999999999993,-0.0107
2010-01-25,15.92,16.01,15.83,15.84,NKE,2687487.0,0.2860697321226613,0.2860697321226613,63.37,63.67,64.04,63.31,2687487,13.54,13.61,13.69,13.53,2687487.0,0.17999999999999972,0.0114
2010-01-26,15.94,16.03,15.76,15.83,NKE,1677868.0,0.28768539761527767,0.28768539761527767,63.33,63.74,64.11,63.05,1677868,13.53,13.62,13.7,13.47,1677868.0,0.019999999999999574,0.0013
2010-01-27,16.0,16.04,15.81,15.92,NKE,3390138.0,0.292532394093127,0.292532394093127,63.67,64.0,64.17,63.25,3390138,13.61,13.68,13.71,13.52,3390138.0,0.0600000000000005,0.0038
2010-01-28,15.88,16.25,15.84,16.06,NKE,1789531.0,0.2828384011374286,0.2828384011374286,64.25,63.52,65.0,63.37,1789531,13.73,13.57,13.89,13.54,1789531.0,-0.11999999999999922,-0.0075
2010-01-29,15.94,16.16,15.89,15.91,NKE,2600631.0,0.28768539761527767,0.28768539761527767,63.64,63.75,64.65,63.55,2600631,13.6,13.62,13.82,13.58,2600631.0,0.05999999999999872,0.0038
2010-02-01,16.02,16.11,15.88,15.99,NKE,1601938.0,0.2941480595857433,0.2941480595857433,63.97,64.1,64.45,63.51,1601938,13.67,13.7,13.77,13.57,1601938.0,0.08000000000000007,0.005
2010-02-02,15.98,16.07,15.9,16.07,NKE,2384894.0,0.2909167286005106,0.2909167286005106,64.29,63.93,64.29,63.61,2384894,13.74,13.66,13.74,13.59,2384894.0,-0.03999999999999915,-0.0025
2010-02-03,16.0,16.02,15.83,15.92,NKE,1972343.0,0.292532394093127,0.292532394093127,63.69,64.0,64.1,63.32,1972343,13.61,13.68,13.7,13.53,1972343.0,0.019999999999999574,0.0013
2010-02-04,15.52,15.94,15.51,15.88,NKE,4481235.0,0.2537564222703331,0.2537564222703331,63.53,62.09,63.75,62.05,4481235,13.58,13.27,13.62,13.26,4481235.0,-0.4800000000000004,-0.03
2010-02-05,15.43,15.56,15.22,15.51,NKE,3277730.0,0.24648592755355928,0.24648592755355928,62.02,61.7,62.23,60.89,3277730,13.25,13.19,13.3,13.01,3277730.0,-0.08999999999999986,-0.0058
2010-02-08,15.32,15.53,15.31,15.4,NKE,2044316.0,0.23759976734416907,0.23759976734416907,61.62,61.3,62.12,61.23,2044316,13.17,13.1,13.28,13.08,2044316.0,-0.10999999999999943,-0.0071
2010-02-09,15.63,15.78,15.42,15.45,NKE,2359528.0,0.26264258247972344,0.26264258247972344,61.78,62.51,63.1,61.67,2359528,13.2,13.36,13.48,13.18,2359528.0,0.3100000000000005,0.0202
2010-02-10,15.66,15.74,15.56,15.63,NKE,1924636.0,0.265066080718648,0.265066080718648,62.51,62.64,62.95,62.25,1924636,13.36,13.39,13.45,13.3,1924636.0,0.02999999999999936,0.0019
2010-02-11,15.74,15.79,15.53,15.61,NKE,1752504.0,0.27152874268911364,0.27152874268911364,62.43,62.95,63.17,62.12,1752504,13.34,13.45,13.5,13.28,1752504.0,0.08000000000000007,0.0051
2010-02-12,15.62,15.64,15.43,15.63,NKE,2788070.0,0.26183474973341514,0.26183474973341514,62.52,62.49,62.55,61.72,2788070,13.36,13.35,13.37,13.19,2788070.0,-0.120000000000001,-0.0076
2010-02-16,15.91,15.91,15.58,15.71,NKE,2407038.0,0.28526189937635316,0.28526189937635316,62.82,63.65,63.65,62.33,2407038,13.42,13.6,13.6,13.32,2407038.0,0.2900000000000009,0.0186
2010-02-17,16.12,16.17,15.9,15.97,NKE,2660109.0,0.3022263870488255,0.3022263870488255,63.87,64.48,64.69,63.62,2660109,13.65,13.78,13.82,13.6,2660109.0,0.21000000000000085,0.0132
2010-02-18,16.11,16.15,15.98,16.12,NKE,1617006.0,0.3014185543025172,0.3014185543025172,64.49,64.44,64.59,63.91,1617006,13.78,13.77,13.8,13.66,1617006.0,-0.010000000000001563,-0.0006
2010-02-19,16.09,16.15,16.0,16.04,NKE,2374541.0,0.2998028888099008,0.2998028888099008,64.14,64.35,64.6,64.01,2374541,13.71,13.75,13.81,13.68,2374541.0,-0.019999999999999574,-0.0012
2010-02-22,16.08,16.19,16.01,16.14,NKE,1716274.0,0.29899505606359245,0.29899505606359245,64.57,64.31,64.77,64.03,1716274,13.8,13.74,13.84,13.68,1716274.0,-0.010000000000001563,-0.0006
2010-02-23,16.03,16.14,15.9,16.07,NKE,1934749.0,0.29495589233205166,0.29495589233205166,64.3,64.13,64.55,63.61,1934749,13.74,13.7,13.79,13.59,1934749.0,-0.04999999999999716,-0.0031
2010-02-24,16.23,16.25,16.0,16.0,NKE,2904548.0,0.3111125472582157,0.3111125472582157,64.0,64.93,65.02,64.0,2904548,13.68,13.88,13.89,13.68,2904548.0,0.1999999999999993,0.0125
2010-02-25,16.54,16.57,16.0,16.25,NKE,3991992.0,0.3361553623937699,0.3361553623937699,65.01,66.16,66.28,64.01,3991992,13.89,14.14,14.16,13.68,3991992.0,0.3099999999999987,0.0191
2010-02-26,16.9,16.96,16.56,16.56,NKE,4908332.0,0.3652373412608652,0.3652373412608652,66.23,67.6,67.85,66.23,4908332,14.15,14.45,14.5,14.15,4908332.0,0.35999999999999943,0.0218
2010-03-01,17.06,17.18,16.9,16.98,NKE,2668548.0,0.37816266520179653,0.37816266520179653,67.91,68.24,68.71,67.61,2668548,14.51,14.58,14.68,14.45,2668548.0,0.16000000000000014,0.0095
2010-03-02,17.01,17.08,16.92,17.02,NKE,2461281.0,0.37412350147025575,0.37412350147025575,68.06,68.03,68.33,67.68,2461281,14.54,14.54,14.6,14.46,2461281.0,-0.04999999999999716,-0.0029
2010-03-03,16.91,16.99,16.82,16.93,NKE,2167695.0,0.36604517400717357,0.36604517400717357,67.7,67.64,67.97,67.26,2167695,14.47,14.45,14.53,14.37,2167695.0,-0.10000000000000142,-0.0059
2010-03-04,16.91,17.02,16.86,17.0,NKE,1576609.0,0.36604517400717357,0.36604517400717357,68.02,67.63,68.06,67.44,1576609,14.59,14.51,14.6,14.47,1576609.0,0.0,0.0
2010-03-05,17.08,17.13,16.96,16.96,NKE,1865092.0,0.3797783306944129,0.3797783306944129,67.83,68.32,68.51,67.83,1865092,14.55,14.65,14.7,14.55,1865092.0,0.16999999999999815,0.0101
2010-03-08,17.2,17.24,16.99,16.99,NKE,1771080.0,0.3894723236501114,0.3894723236501114,67.97,68.82,68.96,67.97,1771080,14.58,14.76,14.79,14.58,1771080.0,0.120000000000001,0.007
2010-03-09,17.23,17.3,17.13,17.19,NKE,1510664.0,0.3918958218890361,0.3918958218890361,68.76,68.93,69.18,68.53,1510664,14.75,14.79,14.84,14.7,1510664.0,0.030000000000001137,0.0017
2010-03-10,17.28,17.31,17.1,17.23,NKE,1398247.0,0.3959349856205772,0.3959349856205772,68.91,69.12,69.25,68.41,1398247,14.78,14.83,14.85,14.67,1398247.0,0.05000000000000071,0.0029
2010-03-11,17.44,17.46,17.18,17.27,NKE,1740040.0,0.4088603095615085,0.4088603095615085,69.1,69.75,69.85,68.71,1740040,14.82,14.96,14.98,14.74,1740040.0,0.16000000000000014,0.0093
2010-03-12,17.48,17.5,17.35,17.36,NKE,1802188.0,0.41209164054674124,0.41209164054674124,69.42,69.9,69.99,69.41,1802188,14.89,14.99,15.01,14.89,1802188.0,0.03999999999999915,0.0023
2010-03-15,17.6,17.68,17.43,17.44,NKE,2378599.0,0.42178563350243975,0.42178563350243975,69.75,70.39,70.73,69.72,2378599,14.96,15.1,15.17,14.95,2378599.0,0.120000000000001,0.0069
2010-03-16,17.59,17.76,17.52,17.58,NKE,2526835.0,0.42097780075613145,0.42097780075613145,70.33,70.38,71.05,70.1,2526835,15.09,15.1,15.24,15.04,2526835.0,-0.010000000000001563,-0.0006
2010-03-17,17.72,17.83,17.57,17.6,NKE,3687902.0,0.43147962645813803,0.43147962645813803,70.39,70.88,71.33,70.28,3687902,15.1,15.2,15.3,15.08,3687902.0,0.129999999999999,0.0074
2010-03-18,18.66,18.84,18.32,18.34,NKE,10924062.0,0.5074159046111093,0.5074159046111093,73.35,74.66,75.35,73.3,10924062,15.73,16.01,16.16,15.72,10924062.0,0.9400000000000013,0.053
2010-03-19,18.38,18.58,18.28,18.57,NKE,4697425.0,0.48479658771447953,0.48479658771447953,74.26,73.52,74.32,73.12,4697425,15.93,15.77,15.94,15.68,4697425.0,-0.28000000000000114,-0.015
2010-03-22,18.47,18.54,18.2,18.22,NKE,2924011.0,0.49206708243125336,0.49206708243125336,72.89,73.88,74.16,72.82,2924011,15.63,15.85,15.91,15.62,2924011.0,0.08999999999999986,0.0049
2010-03-23,18.62,18.65,18.49,18.6,NKE,2246592.0,0.5041845736258765,0.5041845736258765,74.4,74.49,74.59,73.97,2246592,15.96,15.98,16.0,15.87,2246592.0,0.15000000000000213,0.0081
2010-03-24,18.34,18.6,18.25,18.59,NKE,2767302.0,0.48156525672924677,0.48156525672924677,74.35,73.38,74.39,73.01,2767302,15.95,15.74,15.96,15.66,2767302.0,-0.28000000000000114,-0.015
2010-03-25,18.39,18.7,18.38,18.54,NKE,2830414.0,0.48560442046078783,0.48560442046078783,74.17,73.57,74.78,73.53,2830414,15.91,15.78,16.04,15.77,2830414.0,0.05000000000000071,0.0027
2010-03-26,18.47,18.69,18.34,18.45,NKE,2165438.0,0.49206708243125336,0.49206708243125336,73.8,73.89,74.75,73.37,2165438,15.83,15.85,16.03,15.74,2165438.0,0.0799999999999983,0.0044
2010-03-29,18.49,18.58,18.39,18.54,NKE,1630646.0,0.49368274792386974,0.49368274792386974,74.16,73.97,74.33,73.58,1630646,15.91,15.87,15.94,15.78,1630646.0,0.019999999999999574,0.0011
2010-03-30,18.45,18.6,18.39,18.5,NKE,1615346.0,0.490451416938637,0.490451416938637,74.01,73.81,74.4,73.55,1615346,15.88,15.83,15.96,15.78,1615346.0,-0.03999999999999915,-0.0022
2010-03-31,18.38,18.52,18.32,18.37,NKE,1979054.0,0.48479658771447953,0.48479658771447953,73.49,73.5,74.1,73.28,1979054,15.76,15.77,15.89,15.72,1979054.0,-0.07000000000000028,-0.0038
2010-04-01,18.5,18.6,18.44,18.49,NKE,2094125.0,0.49449058067017804,0.49449058067017804,73.96,74.01,74.39,73.75,2094125,15.86,15.88,15.96,15.82,2094125.0,0.120000000000001,0.0065
2010-04-05,18.53,18.7,18.41,18.55,NKE,1770448.0,0.4969140789091028,0.4969140789091028,74.19,74.11,74.82,73.62,1770448,15.91,15.9,16.05,15.79,1770448.0,0.030000000000001137,0.0016
2010-04-06,18.48,18.54,18.38,18.39,NKE,2107096.0,0.49287491517756166,0.49287491517756166,73.54,73.91,74.15,73.5,2107096,15.77,15.85,15.91,15.77,2107096.0,-0.05000000000000071,-0.0027
2010-04-07,18.4,18.55,18.32,18.49,NKE,2212838.0,0.4864122532070959,0.4864122532070959,73.97,73.59,74.19,73.3,2212838,15.87,15.79,15.91,15.72,2212838.0,-0.08000000000000185,-0.0043
2010-04-08,18.5,18.57,18.27,18.36,NKE,2602697.0,0.49449058067017804,0.49449058067017804,73.46,73.99,74.28,73.06,2602697,15.76,15.87,15.93,15.67,2602697.0,0.10000000000000142,0.0054
2010-04-09,18.8,18.82,18.41,18.55,NKE,3125511.0,0.5187255630594242,0.5187255630594242,74.18,75.18,75.28,73.65,3125511,15.91,16.13,16.15,15.8,3125511.0,0.3000000000000007,0.0162
2010-04-12,18.88,18.99,18.8,18.82,NKE,2216839.0,0.5251882250298897,0.5251882250298897,75.29,75.53,75.95,75.2,2216839,16.15,16.2,16.29,16.13,2216839.0,0.0799999999999983,0.0043
2010-04-13,18.88,18.98,18.69,18.86,NKE,1756347.0,0.5251882250298897,0.5251882250298897,75.43,75.51,75.93,74.75,1756347,16.18,16.2,16.29,16.03,1756347.0,0.0,0.0
2010-04-14,18.95,18.96,18.75,18.9,NKE,1701192.0,0.5308430542540472,0.5308430542540472,75.61,75.8,75.86,75.0,1701192,16.22,16.26,16.27,16.09,1701192.0,0.07000000000000028,0.0037
2010-04-15,18.91,18.95,18.74,18.89,NKE,1753671.0,0.5276117232688144,0.5276117232688144,75.57,75.64,75.82,74.97,1753671,16.21,16.22,16.26,16.08,1753671.0,-0.03999999999999915,-0.0021
2010-04-16,18.79,19.0,18.75,18.9,NKE,3434890.0,0.5179177303131159,0.5179177303131159,75.59,75.17,76.0,74.98,3434890,16.21,16.12,16.3,16.08,3434890.0,-0.120000000000001,-0.0063
2010-04-19,18.89,18.95,18.56,18.74,NKE,2197663.0,0.5259960577761981,0.5259960577761981,74.95,75.58,75.8,74.25,2197663,16.08,16.21,16.26,15.93,2197663.0,0.10000000000000142,0.0053
2010-04-20,19.09,19.14,18.98,19.0,NKE,2396130.0,0.5421527127023621,0.5421527127023621,76.02,76.36,76.58,75.9,2396130,16.31,16.38,16.43,16.28,2396130.0,0.1999999999999993,0.0106
2010-04-21,19.18,19.28,19.04,19.1,NKE,2700262.0,0.5494232074191359,0.5494232074191359,76.4,76.72,77.14,76.17,2700262,16.39,16.46,16.55,16.34,2700262.0,0.08999999999999986,0.0047
2010-04-22,19.56,19.63,19.05,19.07,NKE,3462275.0,0.5801208517788476,0.5801208517788476,76.29,78.23,78.53,76.21,3462275,16.36,16.78,16.84,16.35,3462275.0,0.379999999999999,0.0198
2010-04-23,19.48,19.61,19.32,19.45,NKE,2537855.0,0.5736581898083821,0.5736581898083821,77.82,77.9,78.44,77.3,2537855,16.69,16.71,16.83,16.58,2537855.0,-0.0799999999999983,-0.0041
2010-04-26,19.5,19.62,19.45,19.48,NKE,1512620.0,0.5752738553009985,0.5752738553009985,77.91,78.02,78.47,77.78,1512620,16.71,16.74,16.83,16.68,1512620.0,0.019999999999999574,0.001
2010-04-27,19.18,19.62,19.15,19.42,NKE,2754212.0,0.5494232074191359,0.5494232074191359,77.67,76.74,78.49,76.61,2754212,16.66,16.46,16.84,16.43,2754212.0,-0.3200000000000003,-0.0164
2010-04-28,19.11,19.51,19.04,19.23,NKE,2703001.0,0.5437683781949785,0.5437683781949785,76.94,76.44,78.03,76.14,2703001,16.5,16.4,16.74,16.33,2703001.0,-0.07000000000000028,-0.0036
2010-04-29,19.39,19.42,19.18,19.27,NKE,2270938.0,0.5663876950916082,0.5663876950916082,77.1,77.57,77.69,76.72,2270938,16.54,16.64,16.66,16.46,2270938.0,0.28000000000000114,0.0147
2010-04-30,18.98,19.47,18.97,19.36,NKE,2467498.0,0.5332665524929718,0.5332665524929718,77.45,75.91,77.88,75.89,2467498,16.61,16.28,16.71,16.28,2467498.0,-0.41000000000000014,-0.0211
2010-05-03,19.44,19.6,18.98,19.0,NKE,2107129.0,0.5704268588231494,0.5704268588231494,76.01,77.77,78.39,75.91,2107129,16.3,16.68,16.81,16.28,2107129.0,0.46000000000000085,0.0242
2010-05-04,19.34,19.64,19.27,19.5,NKE,3632633.0,0.5623485313600672,0.5623485313600672,78.02,77.35,78.55,77.1,3632633,16.74,16.59,16.85,16.54,3632633.0,-0.10000000000000142,-0.0051
2010-05-05,18.8,19.32,18.68,19.22,NKE,4327628.0,0.5187255630594242,0.5187255630594242,76.87,75.21,77.3,74.7,4327628,16.49,16.13,16.58,16.02,4327628.0,-0.5399999999999991,-0.0279
2010-05-06,18.07,19.0,16.75,18.64,NKE,6582502.0,0.4597537725789253,0.4597537725789253,74.55,72.3,75.99,66.99,6582502,15.99,15.51,16.3,14.37,6582502.0,-0.7300000000000004,-0.0388
2010-05-07,17.65,18.11,17.44,17.84,NKE,5375651.0,0.42582479723398053,0.42582479723398053,71.35,70.61,72.44,69.78,5375651,15.3,15.15,15.54,14.97,5375651.0,-0.4200000000000017,-0.0232
2010-05-10,19.16,19.19,18.43,18.47,NKE,6619472.0,0.5478075419265196,0.5478075419265196,73.89,76.65,76.77,73.74,6619472,15.85,16.44,16.47,15.82,6619472.0,1.5100000000000016,0.0856
2010-05-11,19.11,19.27,18.94,18.95,NKE,3438833.0,0.5437683781949785,0.5437683781949785,75.8,76.43,77.07,75.76,3438833,16.26,16.39,16.53,16.25,3438833.0,-0.05000000000000071,-0.0026
2010-05-12,19.46,19.5,19.0,19.18,NKE,2489023.0,0.5720425243157657,0.5720425243157657,76.71,77.85,77.98,76.01,2489023,16.45,16.7,16.73,16.3,2489023.0,0.3500000000000014,0.0183
2010-05-13,18.89,19.5,18.84,19.41,NKE,5244273.0,0.5259960577761981,0.5259960577761981,77.65,75.55,77.99,75.35,5244273,16.66,16.21,16.73,16.16,5244273.0,-0.5700000000000003,-0.0293
2010-05-14,18.43,18.75,18.3,18.66,NKE,4753539.0,0.4888357514460206,0.4888357514460206,74.63,73.74,75.0,73.18,4753539,16.01,15.82,16.09,15.7,4753539.0,-0.46000000000000085,-0.0244
2010-05-17,18.41,18.46,18.01,18.43,NKE,4236117.0,0.4872200859534042,0.4872200859534042,73.73,73.63,73.85,72.03,4236117,15.82,15.79,15.84,15.45,4236117.0,-0.019999999999999574,-0.0011
2010-05-18,18.23,18.75,18.18,18.54,NKE,4713995.0,0.47267909651985657,0.47267909651985657,74.16,72.93,75.01,72.7,4713995,15.91,15.64,16.09,15.59,4713995.0,-0.17999999999999972,-0.0098
2010-05-19,18.06,18.18,17.75,18.14,NKE,5869777.0,0.45894593983261694,0.45894593983261694,72.54,72.25,72.72,71.0,5869777,15.56,15.5,15.6,15.23,5869777.0,-0.1700000000000017,-0.0093
2010-05-20,17.58,17.9,17.39,17.63,NKE,6264119.0,0.4201699680098231,0.4201699680098231,70.53,70.31,71.59,69.57,6264119,15.13,15.08,15.36,14.92,6264119.0,-0.4800000000000004,-0.0266
2010-05-21,17.85,17.95,17.04,17.29,NKE,4266012.0,0.4419814521601449,0.4419814521601449,69.14,71.39,71.78,68.14,4266012,14.83,15.31,15.4,14.62,4266012.0,0.2700000000000031,0.0154
2010-05-24,17.84,17.98,17.68,17.79,NKE,5671176.0,0.44117361941383654,0.44117361941383654,71.17,71.34,71.91,70.71,5671176,15.27,15.3,15.42,15.17,5671176.0,-0.010000000000001563,-0.0006
2010-05-25,18.23,18.25,17.32,17.52,NKE,5291089.0,0.47267909651985657,0.47267909651985657,70.09,72.91,73.0,69.27,5291089,15.03,15.64,15.66,14.86,5291089.0,0.39000000000000057,0.0219
2010-05-26,18.13,18.41,17.98,18.38,NKE,4181831.0,0.4646007690567744,0.4646007690567744,73.52,72.52,73.62,71.92,4181831,15.77,15.56,15.79,15.43,4181831.0,-0.10000000000000142,-0.0055
2010-05-27,18.48,18.49,18.19,18.32,NKE,3685941.0,0.49287491517756166,0.49287491517756166,73.28,73.9,73.96,72.76,3685941,15.72,15.85,15.86,15.61,3685941.0,0.3500000000000014,0.0193
2010-05-28,18.09,18.46,17.99,18.41,NKE,3889243.0,0.4613694380715416,0.4613694380715416,73.62,72.38,73.86,71.96,3889243,15.79,15.53,15.84,15.44,3889243.0,-0.39000000000000057,-0.0211
2010-06-01,17.8,18.16,17.68,17.86,NKE,3671003.0,0.4379422884286038,0.4379422884286038,71.44,71.18,72.62,70.7,3671003,15.32,15.27,15.58,15.17,3671003.0,-0.28999999999999915,-0.016
2010-06-02,18.25,18.27,17.83,17.83,NKE,3165274.0,0.47429476201247295,0.47429476201247295,71.31,73.0,73.06,71.31,3165274,15.3,15.66,15.67,15.3,3165274.0,0.4499999999999993,0.0253
2010-06-03,18.41,18.46,18.23,18.3,NKE,2839234.0,0.4872200859534042,0.4872200859534042,73.2,73.63,73.86,72.94,2839234,15.76,15.85,15.9,15.7,2839234.0,0.16000000000000014,0.0088
2010-06-04,17.69,18.12,17.54,18.09,NKE,3850996.0,0.4290561282192136,0.4290561282192136,72.36,70.77,72.47,70.16,3850996,15.58,15.24,15.6,15.11,3850996.0,-0.7199999999999989,-0.0391
2010-06-07,17.4,17.75,17.37,17.64,NKE,2764127.0,0.40562897857627545,0.40562897857627545,70.54,69.59,71.02,69.48,2764127,15.19,14.98,15.29,14.96,2764127.0,-0.2900000000000027,-0.0164
2010-06-08,17.57,17.61,17.16,17.4,NKE,3065814.0,0.41936213526351507,0.41936213526351507,69.59,70.26,70.43,68.65,3065814,14.98,15.13,15.16,14.78,3065814.0,0.1700000000000017,0.0098
2010-06-09,17.5,17.83,17.42,17.63,NKE,3228545.0,0.4137073060393576,0.4137073060393576,70.52,70.01,71.33,69.67,3228545,15.18,15.07,15.36,15.0,3228545.0,-0.07000000000000028,-0.004
2010-06-10,17.94,18.14,17.79,17.8,NKE,2957894.0,0.4492519468769187,0.4492519468769187,71.19,71.75,72.55,71.14,2957894,15.33,15.45,15.62,15.32,2957894.0,0.4400000000000013,0.0251
2010-06-11,18.08,18.16,17.76,17.82,NKE,2202198.0,0.4605616053252333,0.4605616053252333,71.29,72.33,72.64,71.03,2202198,15.35,15.57,15.64,15.29,2202198.0,0.13999999999999702,0.0078
2010-06-14,18.05,18.24,17.98,18.12,NKE,2186681.0,0.4581381070863089,0.4581381070863089,72.49,72.22,72.95,71.91,2186681,15.61,15.55,15.71,15.48,2186681.0,-0.029999999999997584,-0.0017
2010-06-15,18.5,18.5,18.07,18.07,NKE,2174484.0,0.49449058067017804,0.49449058067017804,72.29,73.98,73.98,72.29,2174484,15.56,15.93,15.93,15.56,2174484.0,0.4499999999999993,0.0249
2010-06-16,18.46,18.63,18.27,18.34,NKE,3175179.0,0.4912592496849453,0.4912592496849453,73.37,73.83,74.5,73.08,3175179,15.8,15.9,16.04,15.73,3175179.0,-0.03999999999999915,-0.0022
2010-06-17,18.64,18.68,18.41,18.61,NKE,2950653.0,0.5058002391184929,0.5058002391184929,74.42,74.57,74.7,73.63,2950653,16.02,16.05,16.08,15.85,2950653.0,0.17999999999999972,0.0098
2010-06-18,18.73,18.81,18.62,18.7,NKE,2799117.0,0.5130707338352668,0.5130707338352668,74.8,74.94,75.23,74.47,2799117,16.1,16.13,16.2,16.03,2799117.0,0.08999999999999986,0.0048
2010-06-21,18.59,18.98,18.45,18.87,NKE,2798007.0,0.5017610753869519,0.5017610753869519,75.49,74.35,75.92,73.82,2798007,16.25,16.01,16.35,15.89,2798007.0,-0.14000000000000057,-0.0075
2010-06-22,18.11,18.75,18.04,18.61,NKE,2597035.0,0.462985103564158,0.462985103564158,74.44,72.46,75.0,72.17,2597035,16.03,15.6,16.15,15.54,2597035.0,-0.4800000000000004,-0.0258
2010-06-23,18.13,18.29,17.88,18.16,NKE,2914758.0,0.4646007690567744,0.4646007690567744,72.66,72.52,73.18,71.5,2914758,15.64,15.61,15.76,15.39,2914758.0,0.019999999999999574,0.0011
2010-06-24,17.41,17.67,17.3,17.5,NKE,9026013.0,0.4064368113225838,0.4064368113225838,70.01,69.63,70.67,69.2,9026013,15.07,14.99,15.22,14.9,9026013.0,-0.7199999999999989,-0.0397
2010-06-25,17.53,17.62,17.23,17.46,NKE,4522534.0,0.4161308042782823,0.4161308042782823,69.86,70.12,70.47,68.9,4522534,15.04,15.1,15.17,14.83,4522534.0,0.120000000000001,0.0069
2010-06-28,17.63,17.72,17.41,17.63,NKE,3180199.0,0.4242091317413642,0.4242091317413642,70.5,70.5,70.87,69.63,3180199,15.18,15.18,15.26,14.99,3180199.0,0.09999999999999787,0.0057
2010-06-29,17.04,17.42,16.86,17.41,NKE,5830253.0,0.37654699970918015,0.37654699970918015,69.63,68.17,69.67,67.44,5830253,14.99,14.68,15.0,14.52,5830253.0,-0.5899999999999999,-0.0335
2010-06-30,16.89,17.29,16.82,16.98,NKE,4637817.0,0.3644295085145572,0.3644295085145572,67.94,67.55,69.14,67.3,4637817,14.63,14.54,14.89,14.49,4637817.0,-0.14999999999999858,-0.0088
2010-07-01,17.02,17.13,16.69,16.97,NKE,5120646.0,0.37493133421656377,0.37493133421656377,67.89,68.07,68.5,66.77,5120646,14.62,14.66,14.75,14.38,5120646.0,0.129999999999999,0.0077
2010-07-02,16.96,17.23,16.86,17.05,NKE,2906776.0,0.37008433773871463,0.37008433773871463,68.19,67.86,68.94,67.43,2906776,14.68,14.61,14.84,14.52,2906776.0,-0.05999999999999872,-0.0035
2010-07-06,16.8,17.29,16.59,17.05,NKE,4218750.0,0.35715901379778336,0.35715901379778336,68.21,67.21,69.17,66.34,4218750,14.69,14.47,14.89,14.28,4218750.0,-0.16000000000000014,-0.0094
2010-07-07,17.14,17.15,16.75,16.87,NKE,4292939.0,0.3846253271722623,0.3846253271722623,67.47,68.56,68.59,67.01,4292939,14.53,14.76,14.77,14.43,4292939.0,0.33999999999999986,0.0202
2010-07-08,17.57,17.62,17.25,17.31,NKE,4450477.0,0.41936213526351507,0.41936213526351507,69.23,70.28,70.48,69.02,4450477,14.91,15.13,15.17,14.86,4450477.0,0.4299999999999997,0.0251
2010-07-09,17.54,17.55,17.38,17.54,NKE,2740637.0,0.41693863702459033,0.41693863702459033,70.16,70.15,70.21,69.52,2740637,15.11,15.1,15.12,14.97,2740637.0,-0.030000000000001137,-0.0017
2010-07-12,17.45,17.62,17.32,17.49,NKE,2222494.0,0.4096681423078165,0.4096681423078165,69.97,69.81,70.47,69.28,2222494,15.06,15.03,15.17,14.92,2222494.0,-0.08999999999999986,-0.0051
2010-07-13,17.62,17.73,17.5,17.6,NKE,3032489.0,0.42340129899505613,0.42340129899505613,70.4,70.47,70.92,70.02,3032489,15.16,15.17,15.27,15.08,3032489.0,0.1700000000000017,0.0097
2010-07-14,17.64,17.65,17.37,17.54,NKE,2914097.0,0.4250169644876725,0.4250169644876725,70.16,70.54,70.6,69.47,2914097,15.11,15.19,15.2,14.96,2914097.0,0.019999999999999574,0.0011
2010-07-15,17.66,17.7,17.34,17.59,NKE,3525866.0,0.4266326299802889,0.4266326299802889,70.34,70.65,70.8,69.35,3525866,15.14,15.21,15.24,14.93,3525866.0,0.019999999999999574,0.0011
2010-07-16,17.24,17.66,17.17,17.59,NKE,3425939.0,0.3927036546353442,0.3927036546353442,70.35,68.96,70.66,68.69,3425939,15.15,14.85,15.21,14.79,3425939.0,-0.4200000000000017,-0.0238
2010-07-19,17.15,17.37,17.05,17.29,NKE,2395064.0,0.38543315991857036,0.38543315991857036,69.14,68.61,69.47,68.19,2395064,14.89,14.77,14.96,14.68,2395064.0,-0.08999999999999986,-0.0052
2010-07-20,17.46,17.5,16.91,16.98,NKE,3701060.0,0.41047597505412486,0.41047597505412486,67.9,69.84,70.0,67.62,3701060,14.62,15.04,15.07,14.56,3701060.0,0.3100000000000023,0.0181
2010-07-21,17.41,17.77,17.33,17.53,NKE,3947234.0,0.4064368113225838,0.4064368113225838,70.13,69.65,71.07,69.31,3947234,15.1,15.0,15.3,14.92,3947234.0,-0.05000000000000071,-0.0029
2010-07-22,17.89,18.03,17.59,17.6,NKE,3382089.0,0.4452127831453776,0.4452127831453776,70.39,71.56,72.12,70.36,3382089,15.15,15.41,15.53,15.15,3382089.0,0.4800000000000004,0.0276
2010-07-23,18.18,18.29,17.79,17.88,NKE,2879701.0,0.4686399327883155,0.4686399327883155,71.5,72.74,73.16,71.16,2879701,15.39,15.66,15.75,15.32,2879701.0,0.28999999999999915,0.0162
2010-07-26,18.3,18.49,18.12,18.18,NKE,2622987.0,0.478333925744014,0.478333925744014,72.71,73.22,73.95,72.48,2622987,15.65,15.76,15.92,15.61,2622987.0,0.120000000000001,0.0066
2010-07-27,18.42,18.46,18.21,18.43,NKE,2603145.0,0.48802791869971257,0.48802791869971257,73.7,73.68,73.85,72.84,2603145,15.87,15.86,15.9,15.68,2603145.0,0.120000000000001,0.0066
2010-07-28,18.28,18.5,18.22,18.41,NKE,2114190.0,0.47671826025139763,0.47671826025139763,73.64,73.11,74.02,72.87,2114190,15.85,15.74,15.94,15.69,2114190.0,-0.14000000000000057,-0.0076
2010-07-29,18.38,18.53,18.17,18.41,NKE,2416104.0,0.48479658771447953,0.48479658771447953,73.65,73.53,74.11,72.68,2416104,15.86,15.83,15.96,15.65,2416104.0,0.09999999999999787,0.0055
2010-07-30,18.41,18.49,18.16,18.25,NKE,2175716.0,0.4872200859534042,0.4872200859534042,73.01,73.64,73.95,72.64,2175716,15.72,15.85,15.92,15.64,2175716.0,0.030000000000001137,0.0016
2010-08-02,18.58,18.74,18.48,18.6,NKE,2567023.0,0.5009532426406436,0.5009532426406436,74.39,74.32,74.97,73.94,2567023,16.02,16.0,16.14,15.92,2567023.0,0.16999999999999815,0.0092
2010-08-03,18.27,18.55,18.21,18.55,NKE,3180921.0,0.47591042750508933,0.47591042750508933,74.2,73.1,74.2,72.85,3180921,15.98,15.74,15.98,15.68,3180921.0,-0.3099999999999987,-0.0167
2010-08-04,18.5,18.59,18.28,18.3,NKE,3039418.0,0.49449058067017804,0.49449058067017804,73.18,74.0,74.37,73.13,3039418,15.76,15.93,16.01,15.74,3039418.0,0.23000000000000043,0.0126
2010-08-05,18.52,18.59,18.32,18.36,NKE,2016441.0,0.4961062461627944,0.4961062461627944,73.45,74.06,74.36,73.3,2016441,15.81,15.95,16.01,15.78,2016441.0,0.019999999999999574,0.0011
2010-08-06,18.49,18.52,18.2,18.36,NKE,1924781.0,0.49368274792386974,0.49368274792386974,73.42,73.96,74.09,72.78,1924781,15.81,15.92,15.95,15.67,1924781.0,-0.030000000000001137,-0.0016
2010-08-09,18.53,18.75,18.47,18.54,NKE,1973403.0,0.4969140789091028,0.4969140789091028,74.14,74.12,75.0,73.88,1973403,15.96,15.96,16.15,15.91,1973403.0,0.0400000000000027,0.0022
2010-08-10,18.48,18.6,18.2,18.36,NKE,2346671.0,0.49287491517756166,0.49287491517756166,73.42,73.91,74.39,72.8,2346671,15.81,15.91,16.02,15.67,2346671.0,-0.05000000000000071,-0.0027
2010-08-11,18.02,18.2,17.87,18.19,NKE,3038051.0,0.4557146088473842,0.4557146088473842,72.77,72.08,72.78,71.48,3038051,15.67,15.52,15.67,15.39,3038051.0,-0.46000000000000085,-0.0249
2010-08-12,17.88,17.95,17.68,17.75,NKE,2438005.0,0.4444049503990693,0.4444049503990693,70.99,71.52,71.79,70.7,2438005,15.28,15.4,15.46,15.22,2438005.0,-0.14000000000000057,-0.0078
2010-08-13,17.64,17.87,17.62,17.85,NKE,2198650.0,0.4250169644876725,0.4250169644876725,71.41,70.58,71.48,70.48,2198650,15.37,15.2,15.39,15.17,2198650.0,-0.23999999999999844,-0.0134
2010-08-16,17.77,17.87,17.44,17.53,NKE,2381467.0,0.4355187901896791,0.4355187901896791,70.11,71.06,71.47,69.77,2381467,15.09,15.3,15.39,15.02,2381467.0,0.129999999999999,0.0074
2010-08-17,17.93,18.18,17.87,17.94,NKE,2530917.0,0.44844411413061036,0.44844411413061036,71.75,71.71,72.71,71.47,2530917,15.45,15.44,15.65,15.39,2530917.0,0.16000000000000014,0.009
2010-08-18,18.06,18.18,17.73,17.92,NKE,2195766.0,0.45894593983261694,0.45894593983261694,71.69,72.24,72.71,70.94,2195766,15.43,15.55,15.65,15.27,2195766.0,0.129999999999999,0.0073
2010-08-19,17.84,18.0,17.64,17.95,NKE,2470277.0,0.44117361941383654,0.44117361941383654,71.81,71.34,72.01,70.56,2470277,15.46,15.36,15.5,15.19,2470277.0,-0.21999999999999886,-0.0122
2010-08-20,17.82,17.85,17.62,17.68,NKE,1787968.0,0.43955795392122016,0.43955795392122016,70.73,71.26,71.41,70.49,1787968,15.23,15.34,15.37,15.18,1787968.0,-0.019999999999999574,-0.0011
2010-08-23,17.74,18.1,17.74,17.91,NKE,1964038.0,0.4330952919507544,0.4330952919507544,71.63,70.95,72.39,70.95,1964038,15.42,15.28,15.59,15.28,1964038.0,-0.08000000000000185,-0.0045
2010-08-24,17.51,17.68,17.35,17.51,NKE,2654065.0,0.4145151387856659,0.4145151387856659,70.03,70.05,70.73,69.41,2654065,15.08,15.08,15.23,14.94,2654065.0,-0.22999999999999687,-0.013
2010-08-25,17.53,17.59,17.08,17.36,NKE,3151142.0,0.4161308042782823,0.4161308042782823,69.45,70.13,70.36,68.32,3151142,14.95,15.1,15.15,14.71,3151142.0,0.019999999999999574,0.0011
2010-08-26,17.6,17.93,17.59,17.66,NKE,3401645.0,0.42178563350243975,0.42178563350243975,70.65,70.39,71.72,70.34,3401645,15.21,15.15,15.44,15.14,3401645.0,0.07000000000000028,0.004
2010-08-27,17.73,17.79,17.43,17.68,NKE,2656286.0,0.43228745920444633,0.43228745920444633,70.73,70.94,71.16,69.7,2656286,15.23,15.27,15.32,15.01,2656286.0,0.129999999999999,0.0074
2010-08-30,17.59,17.85,17.49,17.68,NKE,2521934.0,0.42097780075613145,0.42097780075613145,70.72,70.36,71.4,69.96,2521934,15.23,15.15,15.37,15.06,2521934.0,-0.14000000000000057,-0.0079
2010-08-31,17.5,17.69,17.39,17.5,NKE,2985406.0,0.4137073060393576,0.4137073060393576,70.01,70.0,70.76,69.58,2985406,15.07,15.07,15.23,14.98,2985406.0,-0.08999999999999986,-0.0051
2010-09-01,18.03,18.05,17.7,17.78,NKE,3434307.0,0.45652244159369254,0.45652244159369254,71.13,72.13,72.22,70.82,3434307,15.31,15.53,15.55,15.25,3434307.0,0.5300000000000011,0.0303
2010-09-02,18.24,18.27,17.94,18.02,NKE,2408034.0,0.4734869292661646,0.4734869292661646,72.08,72.96,73.07,71.77,2408034,15.58,15.77,15.79,15.51,2408034.0,0.2099999999999973,0.0116
2010-09-03,18.56,18.61,18.31,18.43,NKE,3069511.0,0.4993375771480272,0.4993375771480272,73.74,74.25,74.44,73.25,3069511,15.94,16.05,16.09,15.83,3069511.0,0.3200000000000003,0.0175
2010-09-07,18.5,18.62,18.44,18.45,NKE,2025384.0,0.49449058067017804,0.49449058067017804,73.78,74.02,74.47,73.75,2025384,15.94,16.0,16.09,15.94,2025384.0,-0.05999999999999872,-0.0032
2010-09-08,18.54,18.68,18.48,18.56,NKE,2299513.0,0.4977219116554108,0.4977219116554108,74.24,74.14,74.71,73.9,2299513,16.04,16.02,16.14,15.97,2299513.0,0.03999999999999915,0.0022
2010-09-09,18.48,18.75,18.4,18.71,NKE,1751703.0,0.49287491517756166,0.49287491517756166,74.83,73.92,75.02,73.6,1751703,16.17,15.97,16.21,15.9,1751703.0,-0.05999999999999872,-0.0032
2010-09-10,18.44,18.71,18.42,18.54,NKE,2039899.0,0.4896435841923289,0.4896435841923289,74.15,73.75,74.85,73.67,2039899,16.02,15.94,16.18,15.92,2039899.0,-0.03999999999999915,-0.0022
2010-09-13,18.67,18.82,18.6,18.6,NKE,2464637.0,0.5082237373574177,0.5082237373574177,74.41,74.68,75.28,74.38,2464637,16.08,16.14,16.27,16.07,2464637.0,0.23000000000000043,0.0125
2010-09-14,18.82,18.97,18.59,18.62,NKE,2498837.0,0.5203412285520406,0.5203412285520406,74.47,75.27,75.88,74.37,2498837,16.09,16.27,16.4,16.07,2498837.0,0.14999999999999858,0.008
2010-09-15,19.14,19.18,18.73,18.79,NKE,3952980.0,0.5461918764339032,0.5461918764339032,75.15,76.56,76.71,74.93,3952980,16.24,16.54,16.58,16.19,3952980.0,0.3200000000000003,0.017
2010-09-16,19.16,19.22,18.98,19.07,NKE,2173285.0,0.5478075419265196,0.5478075419265196,76.3,76.64,76.87,75.92,2173285,16.49,16.56,16.61,16.41,2173285.0,0.019999999999999574,0.001
2010-09-17,19.32,19.39,19.12,19.23,NKE,3036627.0,0.5607328658674509,0.5607328658674509,76.93,77.26,77.54,76.48,3036627,16.62,16.7,16.76,16.53,3036627.0,0.16000000000000014,0.0084
2010-09-20,19.59,19.76,19.32,19.32,NKE,3775424.0,0.5825443500177723,0.5825443500177723,77.3,78.37,79.04,77.29,3775424,16.7,16.94,17.08,16.7,3775424.0,0.2699999999999996,0.014
2010-09-21,19.42,19.52,19.3,19.48,NKE,3318435.0,0.568811193330533,0.568811193330533,77.93,77.69,78.07,77.22,3318435,16.84,16.79,16.87,16.69,3318435.0,-0.16999999999999815,-0.0087
2010-09-22,19.33,19.5,19.18,19.37,NKE,2622211.0,0.5615406986137589,0.5615406986137589,77.47,77.31,77.99,76.7,2622211,16.74,16.71,16.85,16.57,2622211.0,-0.09000000000000341,-0.0046
2010-09-23,19.42,19.53,19.15,19.23,NKE,4430425.0,0.568811193330533,0.568811193330533,76.9,77.67,78.12,76.59,4430425,16.62,16.78,16.88,16.55,4430425.0,0.09000000000000341,0.0047
2010-09-24,19.89,20.43,19.87,20.34,NKE,8346147.0,0.6067793324070185,0.6067793324070185,81.35,79.57,81.7,79.48,8346147,17.58,17.2,17.66,17.18,8346147.0,0.46999999999999886,0.0242
2010-09-27,19.78,19.88,19.54,19.86,NKE,4694081.0,0.5978931721976283,0.5978931721976283,79.42,79.11,79.5,78.15,4694081,17.16,17.1,17.18,16.89,4694081.0,-0.10999999999999943,-0.0055
2010-09-28,20.16,20.2,19.64,19.77,NKE,5427460.0,0.62859081655734,0.62859081655734,79.07,80.64,80.82,78.57,5427460,17.09,17.43,17.47,16.98,5427460.0,0.379999999999999,0.0192
2010-09-29,19.98,20.1,19.81,20.07,NKE,3643555.0,0.6140498271237923,0.6140498271237923,80.27,79.93,80.41,79.23,3643555,17.35,17.27,17.38,17.12,3643555.0,-0.17999999999999972,-0.0089
2010-09-30,20.04,20.2,19.88,20.0,NKE,3373302.0,0.6188968236016414,0.6188968236016414,80.01,80.14,80.8,79.51,3373302,17.29,17.32,17.46,17.18,3373302.0,0.05999999999999872,0.003
2010-10-01,20.06,20.24,19.96,20.24,NKE,3542555.0,0.6205124890942578,0.6205124890942578,80.96,80.25,80.96,79.83,3542555,17.5,17.34,17.5,17.25,3542555.0,0.019999999999999574,0.001
2010-10-04,19.97,20.07,19.76,19.98,NKE,2588305.0,0.613241994377484,0.613241994377484,79.92,79.88,80.26,79.04,2588305,17.27,17.26,17.34,17.08,2588305.0,-0.08999999999999986,-0.0045
2010-10-05,20.32,20.37,20.07,20.15,NKE,3367807.0,0.6415161404982712,0.6415161404982712,80.6,81.3,81.47,80.27,3367807,17.42,17.57,17.61,17.35,3367807.0,0.3500000000000014,0.0175
2010-10-06,20.33,20.33,20.2,20.26,NKE,2408652.0,0.6423239732445793,0.6423239732445793,81.03,81.31,81.31,80.82,2408652,17.51,17.57,17.57,17.47,2408652.0,0.00999999999999801,0.0005
2010-10-07,20.25,20.33,20.08,20.32,NKE,3045915.0,0.6358613112741138,0.6358613112741138,81.27,80.99,81.32,80.31,3045915,17.56,17.5,17.57,17.35,3045915.0,-0.0799999999999983,-0.0039
2010-10-08,20.51,20.65,20.23,20.23,NKE,4759630.0,0.6568649626781272,0.6568649626781272,80.94,82.04,82.6,80.9,4759630,17.49,17.73,17.85,17.48,4759630.0,0.26000000000000156,0.0128
2010-10-11,20.5,20.57,20.38,20.41,NKE,2475742.0,0.6560571299318189,0.6560571299318189,81.62,81.98,82.3,81.5,2475742,17.64,17.72,17.79,17.61,2475742.0,-0.010000000000001563,-0.0005
2010-10-12,20.47,20.85,20.45,20.75,NKE,5624337.0,0.6536336316928942,0.6536336316928942,83.0,81.89,83.4,81.8,5624337,17.94,17.7,18.02,17.68,5624337.0,-0.030000000000001137,-0.0015
2010-10-13,20.5,20.69,20.38,20.59,NKE,2622718.0,0.6560571299318189,0.6560571299318189,82.38,82.02,82.75,81.5,2622718,17.8,17.72,17.88,17.61,2622718.0,0.030000000000001137,0.0015
2010-10-14,20.44,20.57,20.34,20.43,NKE,2352571.0,0.6512101334539698,0.6512101334539698,81.72,81.77,82.27,81.34,2352571,17.66,17.67,17.78,17.58,2352571.0,-0.05999999999999872,-0.0029
2010-10-15,20.5,20.61,20.41,20.57,NKE,2069281.0,0.6560571299318189,0.6560571299318189,82.26,82.0,82.46,81.62,2069281,17.78,17.72,17.82,17.64,2069281.0,0.05999999999999872,0.0029
2010-10-18,20.41,20.53,20.38,20.5,NKE,1574437.0,0.6487866352150451,0.6487866352150451,82.0,81.66,82.12,81.5,1574437,17.72,17.65,17.75,17.61,1574437.0,-0.08999999999999986,-0.0044
2010-10-19,20.18,20.39,20.02,20.11,NKE,2704131.0,0.6302064820499563,0.6302064820499563,80.46,80.73,81.55,80.08,2704131,17.39,17.45,17.62,17.31,2704131.0,-0.23000000000000043,-0.0113
2010-10-20,20.31,20.42,20.21,20.26,NKE,1883342.0,0.640708307751963,0.640708307751963,81.04,81.24,81.67,80.85,1883342,17.51,17.56,17.65,17.47,1883342.0,0.129999999999999,0.0064
2010-10-21,20.53,20.71,20.37,20.41,NKE,2898366.0,0.6584806281707436,0.6584806281707436,81.62,82.11,82.84,81.49,2898366,17.64,17.74,17.9,17.61,2898366.0,0.22000000000000242,0.0108
2010-10-22,20.48,20.63,20.43,20.53,NKE,1060134.0,0.6544414644392026,0.6544414644392026,82.11,81.92,82.53,81.71,1060134,17.74,17.7,17.83,17.66,1060134.0,-0.05000000000000071,-0.0024
2010-10-25,20.51,20.76,20.5,20.64,NKE,2220786.0,0.6568649626781272,0.6568649626781272,82.57,82.05,83.03,82.01,2220786,17.84,17.73,17.94,17.72,2220786.0,0.030000000000001137,0.0015
2010-10-26,20.45,20.55,20.32,20.41,NKE,2572467.0,0.6520179662002779,0.6520179662002779,81.64,81.82,82.22,81.26,2572467,17.64,17.68,17.77,17.56,2572467.0,-0.060000000000002274,-0.0029
2010-10-27,20.26,20.34,20.07,20.31,NKE,2243573.0,0.6366691440204222,0.6366691440204222,81.24,81.03,81.35,80.27,2243573,17.56,17.51,17.58,17.35,2243573.0,-0.18999999999999773,-0.0093
2010-10-28,20.28,20.43,20.14,20.33,NKE,1626427.0,0.6382848095130385,0.6382848095130385,81.31,81.11,81.7,80.57,1626427,17.57,17.53,17.66,17.41,1626427.0,0.019999999999999574,0.001
2010-10-29,20.36,20.37,20.16,20.23,NKE,2012945.0,0.644747471483504,0.644747471483504,80.94,81.44,81.49,80.65,2012945,17.49,17.6,17.61,17.43,2012945.0,0.0799999999999983,0.0039
2010-11-01,20.27,20.5,20.15,20.47,NKE,1895856.0,0.6374769767667302,0.6374769767667302,81.88,81.1,82.0,80.59,1895856,17.69,17.53,17.72,17.42,1895856.0,-0.08999999999999986,-0.0044
2010-11-02,20.44,20.56,20.38,20.45,NKE,1779499.0,0.6512101334539698,0.6512101334539698,81.8,81.75,82.24,81.51,1779499,17.68,17.67,17.77,17.61,1779499.0,0.1700000000000017,0.0084
2010-11-03,20.46,20.54,20.24,20.43,NKE,1757395.0,0.6528257989465862,0.6528257989465862,81.73,81.83,82.17,80.96,1757395,17.66,17.68,17.76,17.5,1757395.0,0.019999999999999574,0.001
2010-11-04,20.85,20.87,20.6,20.68,NKE,2469036.0,0.6843312760526061,0.6843312760526061,82.72,83.41,83.49,82.4,2469036,17.88,18.02,18.04,17.81,2469036.0,0.39000000000000057,0.0191
2010-11-05,21.03,21.03,20.81,20.81,NKE,2259772.0,0.6988722654861539,0.6988722654861539,83.24,84.11,84.11,83.24,2259772,17.99,18.18,18.18,17.99,2259772.0,0.17999999999999972,0.0086
2010-11-08,20.9,20.96,20.74,20.91,NKE,1825100.0,0.688370439784147,0.688370439784147,83.66,83.61,83.84,82.96,1825100,18.08,18.07,18.12,17.93,1825100.0,-0.13000000000000256,-0.0062
2010-11-09,20.8,20.92,20.72,20.91,NKE,2426376.0,0.6802921123210651,0.6802921123210651,83.65,83.2,83.69,82.88,2426376,18.08,17.98,18.09,17.91,2426376.0,-0.09999999999999787,-0.0048
2010-11-10,20.97,21.0,20.7,20.79,NKE,2202872.0,0.6940252690083044,0.6940252690083044,83.14,83.88,83.99,82.82,2202872,17.97,18.13,18.15,17.9,2202872.0,0.16999999999999815,0.0082
2010-11-11,20.92,20.95,20.75,20.84,NKE,1672408.0,0.6899861052767636,0.6899861052767636,83.35,83.67,83.8,82.99,1672408,18.01,18.08,18.11,17.93,1672408.0,-0.04999999999999716,-0.0024
2010-11-12,20.66,20.91,20.51,20.8,NKE,1907636.0,0.6689824538727502,0.6689824538727502,83.19,82.62,83.65,82.04,1907636,17.98,17.85,18.08,17.73,1907636.0,-0.26000000000000156,-0.0124
2010-11-15,20.45,20.73,20.43,20.73,NKE,1993928.0,0.6520179662002779,0.6520179662002779,82.91,81.8,82.94,81.7,1993928,17.92,17.68,17.92,17.66,1993928.0,-0.21000000000000085,-0.0102
2010-11-16,20.13,20.56,20.07,20.39,NKE,3232712.0,0.6261673183184153,0.6261673183184153,81.58,80.51,82.24,80.26,3232712,17.63,17.4,17.77,17.34,3232712.0,-0.3200000000000003,-0.0156
2010-11-17,20.35,20.48,20.14,20.2,NKE,2690583.0,0.643939638737196,0.643939638737196,80.78,81.39,81.93,80.57,2690583,17.46,17.59,17.71,17.41,2690583.0,0.22000000000000242,0.0109
2010-11-18,20.62,20.73,20.54,20.54,NKE,2108067.0,0.6657511228875175,0.6657511228875175,82.17,82.47,82.94,82.17,2108067,17.76,17.82,17.92,17.76,2108067.0,0.2699999999999996,0.0133
2010-11-19,21.45,21.58,20.72,20.72,NKE,4819247.0,0.7328012408310983,0.7328012408310983,82.87,85.81,86.32,82.87,4819247,17.91,18.54,18.65,17.91,4819247.0,0.8299999999999983,0.0403
2010-11-22,21.48,21.5,21.27,21.27,NKE,1818995.0,0.735224739070023,0.735224739070023,85.08,85.92,86.0,85.08,1818995,18.39,18.57,18.58,18.39,1818995.0,0.030000000000001137,0.0014
2010-11-23,21.32,21.47,21.22,21.26,NKE,1658079.0,0.7222994151290917,0.7222994151290917,85.05,85.26,85.88,84.88,1658079,18.38,18.42,18.56,18.34,1658079.0,-0.16000000000000014,-0.0074
2010-11-24,21.63,21.74,21.36,21.36,NKE,2226411.0,0.747342230264646,0.747342230264646,85.44,86.53,86.97,85.44,2226411,18.46,18.7,18.79,18.46,2226411.0,0.3099999999999987,0.0145
2010-11-26,21.49,21.65,21.48,21.58,NKE,1012630.0,0.736032571816331,0.736032571816331,86.31,85.96,86.6,85.9,1012630,18.65,18.58,18.71,18.56,1012630.0,-0.14000000000000057,-0.0065
2010-11-29,21.29,21.35,20.98,21.35,NKE,2425141.0,0.719875916890167,0.719875916890167,85.4,85.16,85.4,83.92,2425141,18.45,18.4,18.45,18.14,2425141.0,-0.1999999999999993,-0.0093
2010-11-30,21.53,21.65,21.09,21.13,NKE,3291532.0,0.7392639028015641,0.7392639028015641,84.5,86.13,86.6,84.37,3291532,18.26,18.61,18.71,18.23,3291532.0,0.240000000000002,0.0113
2010-12-01,21.91,22.07,21.85,21.87,NKE,1990908.0,0.7699615471612757,0.7699615471612757,87.48,87.64,88.28,87.4,1990908,18.9,18.94,19.08,18.89,1990908.0,0.379999999999999,0.0176
2010-12-02,21.96,22.0,21.74,21.96,NKE,1612356.0,0.7740007108928169,0.7740007108928169,87.84,87.83,88.0,86.96,1612356,19.05,19.05,19.09,18.86,1612356.0,0.05000000000000071,0.0023
2010-12-03,21.88,22.0,21.7,21.88,NKE,2029158.0,0.767538048922351,0.767538048922351,87.51,87.53,87.98,86.82,2029158,18.98,18.99,19.08,18.83,2029158.0,-0.08000000000000185,-0.0036
2010-12-06,21.93,21.99,21.76,21.88,NKE,1201645.0,0.7715772126538921,0.7715772126538921,87.51,87.73,87.96,87.04,1201645,18.98,19.03,19.08,18.88,1201645.0,0.05000000000000071,0.0023
2010-12-07,21.8,22.11,21.78,22.1,NKE,1921790.0,0.7610753869518856,0.7610753869518856,88.39,87.19,88.45,87.12,1921790,19.17,18.91,19.18,18.9,1921790.0,-0.129999999999999,-0.0059
2010-12-08,21.83,21.91,21.6,21.86,NKE,1365782.0,0.76349888519081,0.76349888519081,87.45,87.32,87.65,86.4,1365782,18.97,18.94,19.01,18.74,1365782.0,0.029999999999997584,0.0014
2010-12-09,21.87,22.13,21.81,22.04,NKE,1605126.0,0.766730216176043,0.766730216176043,88.14,87.47,88.5,87.24,1605126,19.12,18.97,19.2,18.92,1605126.0,0.0400000000000027,0.0018
2010-12-10,21.95,22.1,21.88,21.94,NKE,1273823.0,0.7731928781465085,0.7731928781465085,87.76,87.8,88.39,87.5,1273823,19.04,19.04,19.17,18.98,1273823.0,0.0799999999999983,0.0037
2010-12-13,22.31,22.63,22.25,22.41,NKE,3239180.0,0.8022748570136038,0.8022748570136038,89.64,89.23,90.52,89.01,3239180,19.44,19.35,19.63,19.31,3239180.0,0.35999999999999943,0.0164
2010-12-14,22.32,22.43,22.13,22.25,NKE,1889783.0,0.8030826897599121,0.8030826897599121,88.98,89.28,89.74,88.51,1889783,19.3,19.36,19.46,19.2,1889783.0,0.010000000000001563,0.0004
2010-12-15,22.14,22.4,22.11,22.32,NKE,1750293.0,0.7885417003263645,0.7885417003263645,89.27,88.58,89.6,88.43,1750293,19.36,19.21,19.43,19.18,1750293.0,-0.17999999999999972,-0.0081
2010-12-16,22.31,22.31,21.94,22.14,NKE,1806120.0,0.8022748570136038,0.8022748570136038,88.54,89.23,89.25,87.77,1806120,19.2,19.35,19.36,19.04,1806120.0,0.16999999999999815,0.0077
2010-12-17,22.51,22.59,22.32,22.34,NKE,2888193.0,0.8184315119397682,0.8184315119397682,89.36,90.05,90.35,89.28,2888193,19.38,19.53,19.6,19.36,2888193.0,0.20000000000000284,0.009
2010-12-20,22.57,22.72,22.41,22.63,NKE,2173297.0,0.8232785084176172,0.8232785084176172,90.53,90.27,90.87,89.63,2173297,19.64,19.58,19.71,19.44,2173297.0,0.05999999999999872,0.0027
2010-12-21,23.07,23.12,22.62,22.75,NKE,6250006.0,0.8636701457330275,0.8636701457330275,91.0,92.3,92.49,90.48,6250006,19.74,20.02,20.06,19.63,6250006.0,0.5,0.0222
2010-12-22,21.74,22.06,21.65,21.75,NKE,8306004.0,0.7562283904740361,0.7562283904740361,87.0,86.95,88.25,86.6,8306004,18.87,18.86,19.14,18.78,8306004.0,-1.3300000000000018,-0.0577
2010-12-23,21.51,21.75,21.36,21.73,NKE,3443259.0,0.7376482373089477,0.7376482373089477,86.93,86.05,87.0,85.43,3443259,18.86,18.66,18.87,18.53,3443259.0,-0.22999999999999687,-0.0106
2010-12-27,21.46,21.52,21.38,21.5,NKE,1593408.0,0.7336090735774066,0.7336090735774066,85.98,85.83,86.08,85.5,1593408,18.65,18.62,18.67,18.54,1593408.0,-0.05000000000000071,-0.0023
2010-12-28,21.58,21.7,21.53,21.56,NKE,2114904.0,0.7433030665331049,0.7433030665331049,86.24,86.33,86.78,86.11,2114904,18.71,18.72,18.82,18.68,2114904.0,0.11999999999999744,0.0056
2010-12-29,21.32,21.64,21.31,21.64,NKE,1740130.0,0.7222994151290917,0.7222994151290917,86.54,85.27,86.54,85.25,1740130,18.77,18.5,18.77,18.49,1740130.0,-0.259999999999998,-0.012
2010-12-30,21.44,21.53,21.28,21.32,NKE,1477560.0,0.7319934080847902,0.7319934080847902,85.3,85.76,86.12,85.12,1477560,18.5,18.6,18.68,18.46,1477560.0,0.120000000000001,0.0056
2010-12-31,21.36,21.46,21.28,21.35,NKE,1449078.0,0.7255307461143244,0.7255307461143244,85.4,85.42,85.84,85.12,1449078,18.52,18.53,18.62,18.46,1449078.0,-0.08000000000000185,-0.0037
2011-01-03,21.52,21.64,21.32,21.46,NKE,2141609.0,0.7384560700552557,0.7384560700552557,85.83,86.09,86.58,85.26,2141609,18.62,18.67,18.78,18.49,2141609.0,0.16000000000000014,0.0075
2011-01-04,20.99,21.44,20.94,21.4,NKE,3449419.0,0.6956409345009208,0.6956409345009208,85.6,83.97,85.75,83.75,3449419,18.57,18.21,18.6,18.17,3449419.0,-0.5300000000000011,-0.0246
2011-01-05,21.13,21.21,20.88,20.91,NKE,2899795.0,0.7069505929492357,0.7069505929492357,83.65,84.52,84.83,83.51,2899795,18.14,18.33,18.4,18.11,2899795.0,0.14000000000000057,0.0067
2011-01-06,20.94,21.13,20.89,21.11,NKE,2014313.0,0.69160177076938,0.69160177076938,84.45,83.76,84.5,83.56,2014313,18.32,18.17,18.33,18.12,2014313.0,-0.18999999999999773,-0.009
2011-01-07,20.88,20.99,20.82,20.93,NKE,2043624.0,0.6867547742915306,0.6867547742915306,83.7,83.53,83.95,83.27,2043624,18.15,18.12,18.21,18.06,2043624.0,-0.060000000000002274,-0.0029
2011-01-10,21.04,21.12,20.77,20.81,NKE,2228660.0,0.6996800982324619,0.6996800982324619,83.25,84.17,84.49,83.06,2228660,18.06,18.26,18.33,18.02,2228660.0,0.16000000000000014,0.0077
2011-01-11,21.0,21.2,20.91,21.05,NKE,1390847.0,0.6964487672472292,0.6964487672472292,84.2,84.02,84.8,83.62,1390847,18.26,18.22,18.39,18.14,1390847.0,-0.03999999999999915,-0.0019
2011-01-12,20.93,21.12,20.92,21.1,NKE,2413440.0,0.6907939380230717,0.6907939380230717,84.4,83.73,84.49,83.68,2413440,18.31,18.16,18.33,18.15,2413440.0,-0.07000000000000028,-0.0033
2011-01-13,20.64,20.96,20.61,20.96,NKE,2443614.0,0.6673667883801339,0.6673667883801339,83.83,82.56,83.83,82.45,2443614,18.18,17.91,18.18,17.88,2443614.0,-0.28999999999999915,-0.0139
2011-01-14,21.02,21.07,20.59,20.66,NKE,2097734.0,0.6980644327398455,0.6980644327398455,82.62,84.07,84.3,82.37,2097734,17.92,18.23,18.28,17.87,2097734.0,0.379999999999999,0.0184
2011-01-18,21.02,21.25,20.97,21.11,NKE,2256196.0,0.6980644327398455,0.6980644327398455,84.42,84.06,84.98,83.87,2256196,18.31,18.23,18.43,18.19,2256196.0,0.0,0.0
2011-01-19,20.91,21.04,20.71,21.02,NKE,2725305.0,0.6891782725304553,0.6891782725304553,84.09,83.66,84.17,82.83,2725305,18.24,18.15,18.26,17.97,2725305.0,-0.10999999999999943,-0.0052
2011-01-20,20.77,20.91,20.63,20.8,NKE,2357806.0,0.6778686140821404,0.6778686140821404,83.2,83.07,83.65,82.5,2357806,18.05,18.02,18.14,17.89,2357806.0,-0.14000000000000057,-0.0067
2011-01-21,20.57,20.89,20.55,20.88,NKE,1857672.0,0.6617119591559764,0.6617119591559764,83.51,82.3,83.56,82.19,1857672,18.11,17.85,18.12,17.83,1857672.0,-0.1999999999999993,-0.0096
2011-01-24,20.66,20.73,20.38,20.5,NKE,2028973.0,0.6689824538727502,0.6689824538727502,82.0,82.66,82.9,81.5,2028973,17.79,17.93,17.98,17.68,2028973.0,0.08999999999999986,0.0044
2011-01-25,20.72,20.74,20.48,20.64,NKE,1858558.0,0.6738294503505993,0.6738294503505993,82.57,82.88,82.95,81.92,1858558,17.91,17.98,17.99,17.77,1858558.0,0.05999999999999872,0.0029
2011-01-26,21.0,21.04,20.7,20.79,NKE,2589414.0,0.6964487672472292,0.6964487672472292,83.14,84.0,84.17,82.79,2589414,18.03,18.22,18.26,17.96,2589414.0,0.28000000000000114,0.0135
2011-01-27,20.69,21.09,20.67,21.02,NKE,2442493.0,0.6714059521116749,0.6714059521116749,84.07,82.77,84.34,82.69,2442493,18.23,17.95,18.29,17.94,2442493.0,-0.3099999999999987,-0.0148
2011-01-28,20.36,20.75,20.32,20.73,NKE,2242054.0,0.644747471483504,0.644747471483504,82.91,81.46,82.98,81.3,2242054,17.98,17.67,18.0,17.63,2242054.0,-0.33000000000000185,-0.0159
2011-01-31,20.62,20.64,20.25,20.38,NKE,1920226.0,0.6657511228875175,0.6657511228875175,81.52,82.48,82.56,81.01,1920226,17.68,17.89,17.91,17.57,1920226.0,0.26000000000000156,0.0128
2011-02-01,20.89,20.93,20.66,20.69,NKE,2426377.0,0.6875626070378389,0.6875626070378389,82.75,83.55,83.7,82.62,2426377,17.95,18.12,18.15,17.92,2426377.0,0.2699999999999996,0.0131
2011-02-02,20.98,20.98,20.78,20.86,NKE,1941187.0,0.6948331017546128,0.6948331017546128,83.43,83.91,83.94,83.12,1941187,18.1,18.2,18.21,18.03,1941187.0,0.08999999999999986,0.0043
2011-02-03,20.95,21.08,20.84,20.89,NKE,2588102.0,0.692409603515688,0.692409603515688,83.57,83.8,84.3,83.38,2588102,18.13,18.18,18.28,18.09,2588102.0,-0.030000000000001137,-0.0014
2011-02-04,21.43,21.47,20.95,21.0,NKE,2409166.0,0.7311855753384819,0.7311855753384819,84.01,85.74,85.89,83.81,2409166,18.22,18.6,18.63,18.18,2409166.0,0.4800000000000004,0.0229
2011-02-07,21.63,21.7,21.41,21.45,NKE,2095232.0,0.747342230264646,0.747342230264646,85.8,86.5,86.8,85.66,2095232,18.61,18.76,18.83,18.58,2095232.0,0.1999999999999993,0.0093
2011-02-08,21.68,21.7,21.55,21.67,NKE,1709264.0,0.751381393996187,0.751381393996187,86.68,86.71,86.81,86.18,1709264,18.8,18.81,18.83,18.69,1709264.0,0.05000000000000071,0.0023
2011-02-09,21.81,21.93,21.61,21.68,NKE,2092227.0,0.7618832196981936,0.7618832196981936,86.71,87.25,87.7,86.45,2092227,18.81,18.92,19.02,18.75,2092227.0,0.129999999999999,0.006
2011-02-10,21.7,21.86,21.57,21.73,NKE,1688154.0,0.7529970594888034,0.7529970594888034,86.92,86.79,87.44,86.26,1688154,18.85,18.82,18.97,18.71,1688154.0,-0.10999999999999943,-0.005
2011-02-11,21.55,21.68,21.49,21.61,NKE,1848252.0,0.7408795682941804,0.7408795682941804,86.45,86.21,86.71,85.96,1848252,18.75,18.7,18.81,18.64,1848252.0,-0.14999999999999858,-0.0069
2011-02-14,21.44,21.63,21.36,21.58,NKE,1844074.0,0.7319934080847902,0.7319934080847902,86.32,85.77,86.54,85.45,1844074,18.72,18.6,18.77,18.53,1844074.0,-0.10999999999999943,-0.0051
2011-02-15,21.39,21.4,21.16,21.32,NKE,2027447.0,0.7279542443532492,0.7279542443532492,85.27,85.55,85.59,84.62,2027447,18.5,18.56,18.56,18.35,2027447.0,-0.05000000000000071,-0.0023
2011-02-16,21.44,21.49,21.28,21.38,NKE,2227267.0,0.7319934080847902,0.7319934080847902,85.52,85.75,85.95,85.12,2227267,18.55,18.6,18.64,18.46,2227267.0,0.05000000000000071,0.0023
2011-02-17,21.51,21.52,21.1,21.18,NKE,2984365.0,0.7376482373089477,0.7376482373089477,84.74,86.04,86.08,84.4,2984365,18.38,18.66,18.67,18.31,2984365.0,0.07000000000000028,0.0033
2011-02-18,22.2,22.21,21.5,21.62,NKE,3677339.0,0.7933886968042136,0.7933886968042136,86.48,88.82,88.83,86.0,3677339,18.76,19.27,19.27,18.65,3677339.0,0.6899999999999977,0.0321
2011-02-22,21.81,22.08,21.73,21.9,NKE,2744771.0,0.7618832196981936,0.7618832196981936,87.6,87.23,88.32,86.91,2744771,19.0,18.92,19.16,18.85,2744771.0,-0.39000000000000057,-0.0176
2011-02-23,21.55,21.96,21.45,21.72,NKE,2963601.0,0.7408795682941804,0.7408795682941804,86.89,86.19,87.83,85.79,2963601,18.85,18.69,19.05,18.61,2963601.0,-0.259999999999998,-0.0119
2011-02-24,21.63,21.73,21.38,21.48,NKE,2191362.0,0.747342230264646,0.747342230264646,85.92,86.52,86.92,85.5,2191362,18.64,18.77,18.85,18.54,2191362.0,0.0799999999999983,0.0037
2011-02-25,22.0,22.07,21.64,21.67,NKE,2249652.0,0.7772320418780496,0.7772320418780496,86.67,87.98,88.3,86.54,2249652,18.8,19.08,19.15,18.77,2249652.0,0.370000000000001,0.0171
2011-02-28,22.26,22.29,21.99,22.07,NKE,2588277.0,0.798235693282063,0.798235693282063,88.29,89.03,89.16,87.95,2588277,19.15,19.31,19.34,19.08,2588277.0,0.26000000000000156,0.0118
2011-03-01,21.93,22.45,21.88,22.41,NKE,3429630.0,0.7715772126538921,0.7715772126538921,89.65,87.7,89.81,87.51,3429630,19.45,19.02,19.48,18.98,3429630.0,-0.33000000000000185,-0.0148
2011-03-02,22.08,22.31,21.81,21.91,NKE,2366350.0,0.783694703848515,0.783694703848515,87.66,88.33,89.23,87.23,2366350,19.01,19.16,19.35,18.92,2366350.0,0.14999999999999858,0.0068
2011-03-03,22.46,22.5,22.23,22.23,NKE,2605334.0,0.814392348208227,0.814392348208227,88.91,89.84,89.99,88.9,2605334,19.28,19.49,19.52,19.28,2605334.0,0.38000000000000256,0.0172
2011-03-04,22.47,22.5,22.34,22.45,NKE,2545410.0,0.8152001809545351,0.8152001809545351,89.81,89.88,90.0,89.34,2545410,19.48,19.49,19.52,19.38,2545410.0,0.00999999999999801,0.0004
2011-03-07,22.23,22.78,22.07,22.5,NKE,4066642.0,0.7958121950431383,0.7958121950431383,90.0,88.92,91.12,88.27,4066642,19.52,19.29,19.76,19.15,4066642.0,-0.23999999999999844,-0.0107
2011-03-08,22.3,22.42,22.21,22.29,NKE,2405550.0,0.8014670242672958,0.8014670242672958,89.15,89.19,89.67,88.83,2405550,19.34,19.35,19.45,19.27,2405550.0,0.07000000000000028,0.0031
2011-03-09,22.24,22.41,22.06,22.19,NKE,2487635.0,0.7966200277894463,0.7966200277894463,88.76,88.95,89.66,88.25,2487635,19.25,19.29,19.45,19.14,2487635.0,-0.060000000000002274,-0.0027
2011-03-10,22.05,22.27,21.89,22.06,NKE,2269695.0,0.7812712056095906,0.7812712056095906,88.25,88.18,89.07,87.54,2269695,19.14,19.13,19.32,18.99,2269695.0,-0.18999999999999773,-0.0085
2011-03-11,21.79,21.9,21.37,21.87,NKE,3729362.0,0.7602675542055772,0.7602675542055772,87.48,87.17,87.59,85.47,3729362,18.97,18.91,19.0,18.54,3729362.0,-0.26000000000000156,-0.0118
2011-03-14,21.55,21.72,21.34,21.71,NKE,2559066.0,0.7408795682941804,0.7408795682941804,86.86,86.21,86.88,85.36,2559066,18.84,18.7,18.84,18.51,2559066.0,-0.23999999999999844,-0.011
2011-03-15,21.33,21.45,21.0,21.16,NKE,2472868.0,0.7231072478753997,0.7231072478753997,84.63,85.33,85.82,84.0,2472868,18.36,18.51,18.61,18.22,2472868.0,-0.22000000000000242,-0.0102
2011-03-16,21.2,21.47,21.01,21.25,NKE,2506226.0,0.7126054221733932,0.7126054221733932,85.0,84.82,85.87,84.05,2506226,18.44,18.4,18.63,18.23,2506226.0,-0.129999999999999,-0.0061
2011-03-17,21.35,21.43,21.12,21.39,NKE,3455599.0,0.7247229133680164,0.7247229133680164,85.57,85.41,85.74,84.49,3455599,18.56,18.53,18.6,18.33,3455599.0,0.15000000000000213,0.0071
2011-03-18,19.4,19.66,19.21,19.5,NKE,19723878.0,0.5671955278379163,0.5671955278379163,77.99,77.59,78.65,76.83,19723878,16.92,16.83,17.06,16.66,19723878.0,-1.9500000000000028,-0.0913
2011-03-21,19.21,19.49,19.16,19.41,NKE,5856542.0,0.5518467056580606,0.5518467056580606,77.62,76.84,77.95,76.62,5856542,16.84,16.67,16.91,16.62,5856542.0,-0.18999999999999773,-0.0098
2011-03-22,18.86,19.25,17.36,19.16,NKE,9157128.0,0.5235725595372733,0.5235725595372733,76.65,75.45,77.0,69.43,9157128,16.63,16.37,16.7,15.06,9157128.0,-0.3500000000000014,-0.0182
2011-03-23,19.3,19.43,18.76,18.8,NKE,12140588.0,0.5591172003748345,0.5591172003748345,75.18,77.22,77.7,75.05,12140588,16.31,16.75,16.85,16.28,12140588.0,0.4400000000000013,0.0233
2011-03-24,19.18,19.46,19.1,19.37,NKE,4431715.0,0.5494232074191359,0.5494232074191359,77.48,76.73,77.84,76.4,4431715,16.81,16.64,16.88,16.57,4431715.0,-0.120000000000001,-0.0062
2011-03-25,19.16,19.4,19.16,19.21,NKE,4708445.0,0.5478075419265196,0.5478075419265196,76.83,76.66,77.6,76.62,4708445,16.66,16.63,16.83,16.62,4708445.0,-0.019999999999999574,-0.001
2011-03-28,18.97,19.25,18.95,19.17,NKE,3698461.0,0.5324587197466636,0.5324587197466636,76.68,75.89,76.99,75.8,3698461,16.63,16.46,16.7,16.44,3698461.0,-0.19000000000000128,-0.0099
2011-03-29,19.09,19.16,18.91,19.02,NKE,3918107.0,0.5421527127023621,0.5421527127023621,76.1,76.36,76.66,75.62,3918107,16.51,16.56,16.63,16.4,3918107.0,0.120000000000001,0.0063
2011-03-30,19.19,19.25,19.06,19.12,NKE,2477808.0,0.5502310401654442,0.5502310401654442,76.47,76.75,77.0,76.24,2477808,16.59,16.65,16.7,16.54,2477808.0,0.10000000000000142,0.0052
2011-03-31,18.93,19.15,18.91,19.12,NKE,3274384.0,0.5292273887614308,0.5292273887614308,76.49,75.7,76.61,75.62,3274384,16.59,16.42,16.62,16.4,3274384.0,-0.26000000000000156,-0.0135
2011-04-01,19.13,19.23,18.95,18.98,NKE,3223160.0,0.5453840436875949,0.5453840436875949,75.94,76.53,76.9,75.82,3223160,16.47,16.6,16.68,16.45,3223160.0,0.1999999999999993,0.0106
2011-04-04,19.35,19.39,19.09,19.2,NKE,2491337.0,0.5631563641063755,0.5631563641063755,76.78,77.41,77.56,76.35,2491337,16.65,16.79,16.82,16.56,2491337.0,0.22000000000000242,0.0115
2011-04-05,19.48,19.5,19.21,19.3,NKE,3195890.0,0.5736581898083821,0.5736581898083821,77.18,77.93,78.0,76.85,3195890,16.74,16.9,16.92,16.67,3195890.0,0.129999999999999,0.0067
2011-04-06,19.67,19.75,19.56,19.66,NKE,3921083.0,0.5890070119882381,0.5890070119882381,78.64,78.67,79.0,78.24,3921083,17.06,17.06,17.14,16.97,3921083.0,0.19000000000000128,0.0098
2011-04-07,19.52,19.66,19.25,19.66,NKE,3705765.0,0.5768895207936149,0.5768895207936149,78.64,78.09,78.64,77.02,3705765,17.06,16.94,17.06,16.71,3705765.0,-0.15000000000000213,-0.0076
2011-04-08,19.35,19.75,19.27,19.67,NKE,2692470.0,0.5631563641063755,0.5631563641063755,78.67,77.39,79.0,77.06,2692470,17.06,16.79,17.14,16.71,2692470.0,-0.16999999999999815,-0.0087
2011-04-11,19.53,19.54,19.31,19.32,NKE,2082318.0,0.5776973535399231,0.5776973535399231,77.26,78.13,78.14,77.25,2082318,16.76,16.95,16.95,16.76,2082318.0,0.17999999999999972,0.0093
2011-04-12,19.55,19.59,19.34,19.38,NKE,2212553.0,0.5793130190325395,0.5793130190325395,77.52,78.2,78.37,77.35,2212553,16.81,16.96,17.0,16.78,2212553.0,0.019999999999999574,0.001
2011-04-13,19.85,19.88,19.54,19.55,NKE,3017467.0,0.6035480014217858,0.6035480014217858,78.18,79.41,79.53,78.15,3017467,16.96,17.22,17.25,16.95,3017467.0,0.3000000000000007,0.0153
2011-04-14,20.02,20.07,19.66,19.71,NKE,3521993.0,0.6172811581090251,0.6172811581090251,78.86,80.08,80.27,78.65,3521993,17.1,17.37,17.41,17.06,3521993.0,0.16999999999999815,0.0086
2011-04-15,19.68,20.1,19.67,20.1,NKE,3436717.0,0.5898148447345462,0.5898148447345462,80.41,78.73,80.41,78.67,3436717,17.44,17.08,17.44,17.06,3436717.0,-0.33999999999999986,-0.017
2011-04-18,19.64,19.66,19.3,19.52,NKE,2885872.0,0.5865835137493134,0.5865835137493134,78.07,78.58,78.65,77.2,2885872,16.93,17.04,17.06,16.74,2885872.0,-0.03999999999999915,-0.002
2011-04-19,19.68,19.89,19.62,19.67,NKE,2700771.0,0.5898148447345462,0.5898148447345462,78.67,78.73,79.55,78.49,2700771,17.06,17.08,17.25,17.02,2700771.0,0.03999999999999915,0.002
2011-04-20,20.02,20.06,19.82,19.86,NKE,3716321.0,0.6172811581090251,0.6172811581090251,79.44,80.07,80.25,79.26,3716321,17.23,17.37,17.41,17.19,3716321.0,0.33999999999999986,0.0173
2011-04-21,20.05,20.16,19.96,20.16,NKE,2176598.0,0.6197046563479498,0.6197046563479498,80.63,80.19,80.63,79.84,2176598,17.49,17.39,17.49,17.32,2176598.0,0.030000000000001137,0.0015
2011-04-22,20.05,20.16,19.96,20.16,NKE,2176598.0,0.6197046563479498,0.6197046563479498,80.63,80.19,80.63,79.84,2176598,17.49,17.39,17.49,17.32,2176598.0,0.0,0.0
2011-04-25,20.03,20.23,19.97,20.15,NKE,1744051.0,0.6180889908553334,0.6180889908553334,80.61,80.11,80.91,79.88,1744051,17.48,17.38,17.55,17.33,1744051.0,-0.019999999999999574,-0.001
2011-04-26,19.99,20.15,19.85,20.02,NKE,1829470.0,0.6148576598701003,0.6148576598701003,80.09,79.96,80.6,79.4,1829470,17.37,17.34,17.48,17.22,1829470.0,-0.0400000000000027,-0.002
2011-04-27,20.28,20.31,19.98,20.02,NKE,2495320.0,0.6382848095130385,0.6382848095130385,80.06,81.12,81.23,79.92,2495320,17.37,17.59,17.62,17.33,2495320.0,0.2900000000000027,0.0145
2011-04-28,20.64,20.68,20.15,20.27,NKE,2516024.0,0.6673667883801339,0.6673667883801339,81.08,82.57,82.73,80.6,2516024,17.59,17.91,17.94,17.48,2516024.0,0.35999999999999943,0.0178
2011-04-29,20.58,20.63,20.44,20.57,NKE,2211158.0,0.6625197919022844,0.6625197919022844,82.26,82.32,82.53,81.75,2211158,17.84,17.86,17.9,17.73,2211158.0,-0.060000000000002274,-0.0029
2011-05-02,20.56,20.87,20.5,20.7,NKE,3100686.0,0.660904126409668,0.660904126409668,82.78,82.24,83.48,82.0,3100686,17.95,17.84,18.11,17.79,3100686.0,-0.019999999999999574,-0.001
2011-05-03,20.41,20.65,20.39,20.59,NKE,2177775.0,0.6487866352150451,0.6487866352150451,82.35,81.66,82.6,81.54,2177775,17.86,17.71,17.92,17.69,2177775.0,-0.14999999999999858,-0.0073
2011-05-04,20.7,20.75,20.35,20.62,NKE,2989001.0,0.6722137848579829,0.6722137848579829,82.48,82.79,83.0,81.41,2989001,17.89,17.96,18.0,17.66,2989001.0,0.28999999999999915,0.0142
2011-05-05,20.7,20.75,20.35,20.62,NKE,2989001.0,0.6722137848579829,0.6722137848579829,82.48,82.79,83.0,81.41,2989001,17.89,17.96,18.0,17.66,2989001.0,0.0,0.0
2011-05-06,20.5,20.86,20.44,20.8,NKE,2406204.0,0.6560571299318189,0.6560571299318189,83.19,82.02,83.43,81.76,2406204,18.04,17.79,18.1,17.73,2406204.0,-0.1999999999999993,-0.0097
2011-05-09,20.73,20.74,20.43,20.45,NKE,1634277.0,0.6746372830969076,0.6746372830969076,81.8,82.91,82.97,81.7,1634277,17.74,17.98,18.0,17.72,1634277.0,0.23000000000000043,0.0112
2011-05-10,20.88,20.93,20.68,20.81,NKE,2601458.0,0.6867547742915306,0.6867547742915306,83.25,83.5,83.7,82.73,2601458,18.06,18.11,18.15,17.94,2601458.0,0.14999999999999858,0.0072
2011-05-11,20.66,20.91,20.55,20.79,NKE,2150498.0,0.6689824538727502,0.6689824538727502,83.17,82.66,83.66,82.2,2150498,18.04,17.93,18.15,17.83,2150498.0,-0.21999999999999886,-0.0105
2011-05-12,21.14,21.18,20.61,20.66,NKE,2560299.0,0.707758425695544,0.707758425695544,82.64,84.58,84.7,82.44,2560299,17.92,18.35,18.37,17.88,2560299.0,0.4800000000000004,0.0232
2011-05-13,21.57,21.63,21.18,21.18,NKE,3612292.0,0.7424952337867968,0.7424952337867968,84.72,86.26,86.53,84.7,3612292,18.38,18.71,18.77,18.37,3612292.0,0.4299999999999997,0.0203
2011-05-16,21.32,21.57,21.25,21.43,NKE,2664244.0,0.7222994151290917,0.7222994151290917,85.74,85.27,86.26,85.02,2664244,18.6,18.5,18.71,18.44,2664244.0,-0.25,-0.0116
2011-05-17,21.22,21.25,20.99,21.2,NKE,2493175.0,0.7142210876660096,0.7142210876660096,84.82,84.89,85.02,83.97,2493175,18.4,18.41,18.44,18.21,2493175.0,-0.10000000000000142,-0.0047
2011-05-18,21.21,21.4,21.13,21.22,NKE,2464466.0,0.7134132549197015,0.7134132549197015,84.89,84.83,85.6,84.53,2464466,18.41,18.4,18.57,18.33,2464466.0,-0.00999999999999801,-0.0005
2011-05-19,21.53,21.54,21.26,21.3,NKE,2059987.0,0.7392639028015641,0.7392639028015641,85.19,86.11,86.16,85.04,2059987,18.48,18.68,18.69,18.45,2059987.0,0.3200000000000003,0.0151
2011-05-20,21.26,21.62,21.1,21.6,NKE,2532681.0,0.7174524186512425,0.7174524186512425,86.39,85.05,86.48,84.39,2532681,18.74,18.45,18.76,18.3,2532681.0,-0.2699999999999996,-0.0125
2011-05-23,20.91,21.18,20.86,21.02,NKE,2278117.0,0.6891782725304553,0.6891782725304553,84.1,83.62,84.73,83.46,2278117,18.24,18.14,18.38,18.1,2278117.0,-0.3500000000000014,-0.0165
2011-05-24,21.08,21.18,20.91,20.95,NKE,1439083.0,0.7029114292176947,0.7029114292176947,83.79,84.33,84.73,83.63,1439083,18.17,18.29,18.38,18.14,1439083.0,0.16999999999999815,0.0081
2011-05-25,20.8,20.95,20.78,20.95,NKE,2307696.0,0.6802921123210651,0.6802921123210651,83.78,83.19,83.8,83.11,2307696,18.17,18.04,18.18,18.03,2307696.0,-0.2799999999999976,-0.0133
2011-05-26,21.02,21.06,20.75,20.79,NKE,1690514.0,0.6980644327398455,0.6980644327398455,83.17,84.07,84.24,82.99,1690514,18.04,18.23,18.27,18.0,1690514.0,0.21999999999999886,0.0106
2011-05-27,21.16,21.2,21.05,21.06,NKE,1519902.0,0.7093740911881604,0.7093740911881604,84.24,84.62,84.8,84.19,1519902,18.27,18.35,18.39,18.26,1519902.0,0.14000000000000057,0.0067
2011-05-31,21.11,21.24,20.95,21.21,NKE,2219862.0,0.7053349274566193,0.7053349274566193,84.84,84.45,84.95,83.82,2219862,18.4,18.32,18.43,18.18,2219862.0,-0.05000000000000071,-0.0024
2011-06-01,20.54,21.18,20.52,21.09,NKE,2531268.0,0.6592884609170516,0.6592884609170516,84.34,82.15,84.72,82.08,2531268,18.29,17.82,18.38,17.8,2531268.0,-0.5700000000000003,-0.027
2011-06-02,20.29,20.65,20.27,20.47,NKE,2957387.0,0.6390926422593466,0.6390926422593466,81.87,81.15,82.59,81.06,2957387,17.82,17.67,17.98,17.65,2957387.0,-0.25,-0.0122
2011-06-03,20.09,20.34,20.05,20.13,NKE,2814839.0,0.6229359873331826,0.6229359873331826,80.51,80.36,81.35,80.22,2814839,17.53,17.49,17.71,17.46,2814839.0,-0.1999999999999993,-0.0099
2011-06-06,19.94,20.24,19.93,20.09,NKE,2273276.0,0.6108184961385595,0.6108184961385595,80.37,79.77,80.95,79.74,2273276,17.5,17.37,17.62,17.36,2273276.0,-0.14999999999999858,-0.0075
2011-06-07,20.48,20.58,20.04,20.05,NKE,3452303.0,0.6544414644392026,0.6544414644392026,80.19,81.9,82.32,80.15,3452303,17.46,17.83,17.92,17.45,3452303.0,0.5399999999999991,0.0271
2011-06-08,20.02,20.5,19.97,20.38,NKE,3055884.0,0.6172811581090251,0.6172811581090251,81.53,80.1,81.99,79.87,3055884,17.75,17.44,17.85,17.39,3055884.0,-0.46000000000000085,-0.0225
2011-06-09,20.17,20.33,20.06,20.07,NKE,2384791.0,0.6293986493036483,0.6293986493036483,80.29,80.67,81.33,80.24,2384791,17.48,17.56,17.71,17.47,2384791.0,0.15000000000000213,0.0075
2011-06-10,19.91,20.39,19.89,20.15,NKE,2480004.0,0.6083949978996349,0.6083949978996349,80.59,79.66,81.56,79.55,2480004,17.54,17.34,17.76,17.32,2480004.0,-0.26000000000000156,-0.0129
2011-06-13,20.13,20.47,19.92,19.94,NKE,2696968.0,0.6261673183184153,0.6261673183184153,79.75,80.51,81.89,79.68,2696968,17.36,17.53,17.83,17.35,2696968.0,0.21999999999999886,0.011
2011-06-14,20.56,20.61,20.27,20.29,NKE,2932979.0,0.660904126409668,0.660904126409668,81.17,82.24,82.43,81.08,2932979,17.67,17.9,17.95,17.65,2932979.0,0.4299999999999997,0.0214
2011-06-15,20.1,20.48,19.98,20.39,NKE,2854778.0,0.6237438200794908,0.6237438200794908,81.56,80.39,81.91,79.9,2854778,17.76,17.5,17.83,17.39,2854778.0,-0.4599999999999973,-0.0224
2011-06-16,20.07,20.19,19.86,20.12,NKE,2273027.0,0.6213203218405662,0.6213203218405662,80.47,80.29,80.75,79.44,2273027,17.52,17.48,17.58,17.29,2273027.0,-0.030000000000001137,-0.0015
2011-06-17,20.28,20.4,20.2,20.2,NKE,2623614.0,0.6382848095130385,0.6382848095130385,80.81,81.11,81.59,80.8,2623614,17.59,17.66,17.76,17.59,2623614.0,0.21000000000000085,0.0105
2011-06-20,20.81,20.85,20.21,20.21,NKE,2285269.0,0.6810999450673731,0.6810999450673731,80.86,83.23,83.39,80.86,2285269,17.6,18.12,18.15,17.6,2285269.0,0.5299999999999976,0.0261
2011-06-21,21.13,21.21,20.76,20.79,NKE,2315878.0,0.7069505929492357,0.7069505929492357,83.15,84.51,84.83,83.05,2315878,18.1,18.4,18.47,18.08,2315878.0,0.3200000000000003,0.0154
2011-06-22,20.49,21.1,20.46,20.97,NKE,4592696.0,0.6552492971855106,0.6552492971855106,83.89,81.95,84.41,81.85,4592696,18.26,17.84,18.38,17.82,4592696.0,-0.6400000000000006,-0.0303
2011-06-23,20.55,20.59,20.16,20.34,NKE,4271534.0,0.66009629366336,0.66009629366336,81.36,82.19,82.36,80.63,4271534,17.71,17.89,17.93,17.55,4271534.0,0.060000000000002274,0.0029
2011-06-24,20.3,20.62,20.18,20.53,NKE,3891180.0,0.6399004750056548,0.6399004750056548,82.11,81.18,82.49,80.73,3891180,17.88,17.67,17.96,17.57,3891180.0,-0.25,-0.0122
2011-06-27,20.41,20.69,20.23,20.23,NKE,5748206.0,0.6487866352150451,0.6487866352150451,80.92,81.62,82.77,80.92,5748206,17.62,17.77,18.02,17.62,5748206.0,0.10999999999999943,0.0054
2011-06-28,22.48,22.64,21.29,21.32,NKE,15114285.0,0.8160080137008434,0.8160080137008434,85.27,89.9,90.58,85.16,15114285,18.56,19.57,19.72,18.54,15114285.0,2.0700000000000003,0.1014
2011-06-29,22.45,22.59,22.05,22.41,NKE,6356905.0,0.8135845154619187,0.8135845154619187,89.66,89.78,90.35,88.18,6356905,19.52,19.55,19.67,19.2,6356905.0,-0.030000000000001137,-0.0013
2011-06-30,22.5,22.61,22.3,22.3,NKE,4428856.0,0.8176236791934598,0.8176236791934598,89.22,89.98,90.43,89.22,4428856,19.42,19.59,19.69,19.42,4428856.0,0.05000000000000071,0.0022
2011-07-01,22.95,23.0,22.36,22.41,NKE,4195339.0,0.853976152777329,0.853976152777329,89.65,91.82,91.99,89.43,4195339,19.52,19.99,20.03,19.47,4195339.0,0.4499999999999993,0.02
2011-07-05,22.93,23.03,22.73,22.82,NKE,3734718.0,0.8523604872847126,0.8523604872847126,91.28,91.74,92.11,90.93,3734718,19.87,19.97,20.05,19.8,3734718.0,-0.019999999999999574,-0.0009
2011-07-06,23.09,23.12,22.84,22.85,NKE,3622099.0,0.8652858112256439,0.8652858112256439,91.39,92.35,92.49,91.37,3622099,19.9,20.1,20.14,19.89,3622099.0,0.16000000000000014,0.007
2011-07-07,23.41,23.56,23.18,23.19,NKE,4299546.0,0.8911364591075064,0.8911364591075064,92.76,93.66,94.23,92.71,4299546,20.19,20.39,20.51,20.18,4299546.0,0.3200000000000003,0.0139
2011-07-08,23.31,23.34,23.07,23.25,NKE,3168148.0,0.8830581316444243,0.8830581316444243,92.99,93.24,93.34,92.27,3168148,20.24,20.3,20.32,20.09,3168148.0,-0.10000000000000142,-0.0043
2011-07-11,22.86,23.26,22.78,22.97,NKE,3149922.0,0.8467056580605551,0.8467056580605551,91.87,91.43,93.05,91.13,3149922,20.0,19.9,20.26,19.84,3149922.0,-0.4499999999999993,-0.0193
2011-07-12,22.81,23.0,22.66,22.82,NKE,1821085.0,0.842666494329014,0.842666494329014,91.28,91.23,91.98,90.65,1821085,19.87,19.86,20.02,19.73,1821085.0,-0.05000000000000071,-0.0022
2011-07-13,23.01,23.22,22.75,22.75,NKE,2364660.0,0.8588231492551783,0.8588231492551783,90.98,92.05,92.87,90.98,2364660,19.81,20.04,20.22,19.81,2364660.0,0.20000000000000284,0.0088
2011-07-14,22.99,23.24,22.81,23.04,NKE,2710814.0,0.8572074837625616,0.8572074837625616,92.17,91.96,92.95,91.25,2710814,20.07,20.02,20.24,19.87,2710814.0,-0.020000000000003126,-0.0009
2011-07-15,22.93,23.09,22.71,23.09,NKE,3582630.0,0.8523604872847126,0.8523604872847126,92.37,91.7,92.37,90.83,3582630,20.11,19.96,20.11,19.77,3582630.0,-0.05999999999999872,-0.0026
2011-07-18,22.66,22.9,22.62,22.73,NKE,2915619.0,0.8305490031343911,0.8305490031343911,90.9,90.64,91.59,90.48,2915619,19.79,19.73,19.94,19.7,2915619.0,-0.2699999999999996,-0.0118
2011-07-19,22.68,22.88,22.63,22.86,NKE,4644968.0,0.8321646686270074,0.8321646686270074,91.45,90.74,91.53,90.51,4644968,19.91,19.75,19.93,19.7,4644968.0,0.019999999999999574,0.0009
2011-07-20,22.65,22.74,22.54,22.72,NKE,2479095.0,0.8297411703880827,0.8297411703880827,90.89,90.6,90.98,90.17,2479095,19.79,19.72,19.81,19.63,2479095.0,-0.030000000000001137,-0.0013
2011-07-21,22.96,23.15,22.57,22.69,NKE,2905351.0,0.8547839855236372,0.8547839855236372,90.76,91.84,92.59,90.29,2905351,19.76,19.99,20.16,19.66,2905351.0,0.3100000000000023,0.0137
2011-07-22,22.93,23.07,22.86,23.01,NKE,1804823.0,0.8523604872847126,0.8523604872847126,92.05,91.71,92.29,91.43,1804823,20.04,19.97,20.09,19.9,1804823.0,-0.030000000000001137,-0.0013
2011-07-25,22.73,22.85,22.58,22.59,NKE,1741316.0,0.8362038323585486,0.8362038323585486,90.34,90.93,91.41,90.32,1741316,19.67,19.8,19.9,19.66,1741316.0,-0.1999999999999993,-0.0087
2011-07-26,22.58,22.83,22.55,22.75,NKE,1891759.0,0.8240863411639253,0.8240863411639253,91.0,90.33,91.32,90.19,1891759,19.81,19.66,19.88,19.63,1891759.0,-0.15000000000000213,-0.0066
2011-07-27,22.18,22.64,22.14,22.48,NKE,3171624.0,0.7917730313115973,0.7917730313115973,89.94,88.72,90.57,88.55,3171624,19.58,19.31,19.72,19.28,3171624.0,-0.3999999999999986,-0.0177
2011-07-28,22.62,22.84,22.22,22.22,NKE,3702625.0,0.8273176721491583,0.8273176721491583,88.87,90.48,91.36,88.87,3702625,19.35,19.7,19.89,19.35,3702625.0,0.4400000000000013,0.0198
2011-07-29,22.54,22.7,22.31,22.45,NKE,2476315.0,0.8208550101786926,0.8208550101786926,89.81,90.15,90.8,89.25,2476315,19.55,19.63,19.77,19.43,2476315.0,-0.08000000000000185,-0.0035
2011-08-01,22.34,22.61,22.0,22.61,NKE,2511714.0,0.8046983552525285,0.8046983552525285,90.42,89.34,90.46,88.01,2511714,19.68,19.45,19.69,19.16,2511714.0,-0.1999999999999993,-0.0089
2011-08-02,21.28,22.3,21.25,22.07,NKE,4265428.0,0.7190680841438589,0.7190680841438589,88.26,85.11,89.2,84.98,4265428,19.21,18.53,19.42,18.5,4265428.0,-1.0599999999999987,-0.0474
2011-08-03,21.77,21.78,20.73,21.32,NKE,3988604.0,0.7586518887129609,0.7586518887129609,85.3,87.08,87.12,82.91,3988604,18.57,18.96,18.97,18.05,3988604.0,0.48999999999999844,0.023
2011-08-04,20.39,21.69,20.37,21.53,NKE,4712711.0,0.6471709697224287,0.6471709697224287,86.11,81.55,86.75,81.49,4712711,18.75,17.75,18.89,17.74,4712711.0,-1.379999999999999,-0.0634
2011-08-05,20.97,21.13,20.09,20.63,NKE,5377836.0,0.6940252690083044,0.6940252690083044,82.51,83.87,84.51,80.34,5377836,17.96,18.26,18.4,17.49,5377836.0,0.5799999999999983,0.0284
2011-08-08,19.8,20.84,19.5,20.34,NKE,5965435.0,0.5995088376902447,0.5995088376902447,81.38,79.19,83.34,78.0,5965435,17.72,17.24,18.14,16.98,5965435.0,-1.1699999999999982,-0.0558
2011-08-09,20.63,20.66,19.25,20.09,NKE,5386043.0,0.6665589556338255,0.6665589556338255,80.36,82.5,82.65,76.98,5386043,17.49,17.96,17.99,16.76,5386043.0,0.8299999999999983,0.0419
2011-08-10,19.83,20.73,19.76,20.42,NKE,4827422.0,0.6019323359291691,0.6019323359291691,81.67,79.33,82.9,79.04,4827422,17.78,17.27,18.05,17.21,4827422.0,-0.8000000000000007,-0.0388
2011-08-11,20.81,21.1,19.83,19.91,NKE,3737619.0,0.6810999450673731,0.6810999450673731,79.66,83.25,84.39,79.32,3737619,17.34,18.12,18.37,17.27,3737619.0,0.9800000000000004,0.0494
2011-08-12,21.06,21.26,20.85,20.96,NKE,2665857.0,0.7012957637250783,0.7012957637250783,83.86,84.24,85.05,83.39,2665857,18.26,18.34,18.52,18.15,2665857.0,0.25,0.012
2011-08-15,21.28,21.29,20.7,21.15,NKE,2506730.0,0.7190680841438589,0.7190680841438589,84.61,85.13,85.16,82.78,2506730,18.42,18.53,18.54,18.02,2506730.0,0.22000000000000242,0.0104
2011-08-16,20.8,21.38,20.78,21.02,NKE,3510387.0,0.6802921123210651,0.6802921123210651,84.09,83.22,85.53,83.13,3510387,18.31,18.12,18.62,18.1,3510387.0,-0.4800000000000004,-0.0226
2011-08-17,20.64,21.15,20.46,20.91,NKE,3004392.0,0.6673667883801339,0.6673667883801339,83.65,82.55,84.59,81.84,3004392,18.21,17.97,18.42,17.82,3004392.0,-0.16000000000000014,-0.0077
2011-08-18,19.98,20.35,19.74,20.19,NKE,4161024.0,0.6140498271237923,0.6140498271237923,80.76,79.92,81.39,78.97,4161024,17.58,17.4,17.72,17.19,4161024.0,-0.6600000000000001,-0.032
2011-08-19,19.64,20.37,19.63,19.73,NKE,3162261.0,0.5865835137493134,0.5865835137493134,78.94,78.58,81.49,78.5,3162261,17.19,17.11,17.74,17.09,3162261.0,-0.33999999999999986,-0.017
2011-08-22,19.81,20.14,19.76,20.01,NKE,2784718.0,0.6003166704365527,0.6003166704365527,80.03,79.25,80.58,79.03,2784718,17.42,17.25,17.54,17.2,2784718.0,0.16999999999999815,0.0087
2011-08-23,20.9,20.91,19.77,19.89,NKE,3011499.0,0.688370439784147,0.688370439784147,79.57,83.59,83.63,79.1,3011499,17.32,18.2,18.21,17.22,3011499.0,1.0899999999999999,0.055
2011-08-24,21.45,21.5,20.71,20.8,NKE,3820429.0,0.7328012408310983,0.7328012408310983,83.21,85.8,85.98,82.86,3820429,18.11,18.68,18.72,18.04,3820429.0,0.5500000000000007,0.0263
2011-08-25,20.94,21.62,20.87,21.46,NKE,3089976.0,0.69160177076938,0.69160177076938,85.85,83.76,86.49,83.49,3089976,18.69,18.23,18.83,18.18,3089976.0,-0.509999999999998,-0.0238
2011-08-26,21.57,21.61,20.57,20.82,NKE,3057753.0,0.7424952337867968,0.7424952337867968,83.3,86.29,86.46,82.3,3057753,18.13,18.79,18.82,17.92,3057753.0,0.629999999999999,0.0301
2011-08-29,22.14,22.15,21.7,21.78,NKE,2791054.0,0.7885417003263645,0.7885417003263645,87.11,88.54,88.6,86.8,2791054,18.96,19.28,19.29,18.9,2791054.0,0.5700000000000003,0.0264
2011-08-30,21.59,22.13,21.59,22.07,NKE,4707822.0,0.7441108992794132,0.7441108992794132,88.3,86.37,88.53,86.36,4707822,19.22,18.8,19.27,18.8,4707822.0,-0.5500000000000007,-0.0248
2011-08-31,21.66,22.13,21.54,21.76,NKE,3489577.0,0.7497657285035706,0.7497657285035706,87.04,86.65,88.53,86.15,3489577,18.95,18.86,19.27,18.75,3489577.0,0.07000000000000028,0.0032
2011-09-01,21.64,22.02,21.5,21.59,NKE,3938691.0,0.7481500630109542,0.7481500630109542,86.35,86.55,88.1,86.02,3938691,18.87,18.91,19.25,18.8,3938691.0,-0.019999999999999574,-0.0009
2011-09-02,21.01,21.46,20.95,21.22,NKE,2575371.0,0.6972565999935375,0.6972565999935375,84.87,84.04,85.83,83.8,2575371,18.54,18.36,18.75,18.31,2575371.0,-0.629999999999999,-0.0291
2011-09-06,20.94,20.98,20.05,20.29,NKE,2823343.0,0.69160177076938,0.69160177076938,81.15,83.76,83.91,80.2,2823343,17.73,18.3,18.33,17.52,2823343.0,-0.07000000000000028,-0.0033
2011-09-07,21.63,21.63,21.04,21.26,NKE,2851526.0,0.747342230264646,0.747342230264646,85.04,86.51,86.51,84.16,2851526,18.58,18.9,18.9,18.39,2851526.0,0.6899999999999977,0.033
2011-09-08,21.33,21.87,21.2,21.44,NKE,2799708.0,0.7231072478753997,0.7231072478753997,85.75,85.33,87.49,84.8,2799708,18.74,18.64,19.12,18.53,2799708.0,-0.3000000000000007,-0.0139
2011-09-09,20.63,21.35,20.62,21.11,NKE,3725833.0,0.6665589556338255,0.6665589556338255,84.43,82.5,85.39,82.48,3725833,18.45,18.03,18.66,18.02,3725833.0,-0.6999999999999993,-0.0328
2011-09-12,21.09,21.11,20.36,20.44,NKE,2479274.0,0.7037192619640029,0.7037192619640029,81.76,84.36,84.42,81.45,2479274,17.86,18.43,18.45,17.8,2479274.0,0.46000000000000085,0.0223
2011-09-13,21.45,21.59,21.02,21.1,NKE,2961445.0,0.7328012408310983,0.7328012408310983,84.41,85.82,86.38,84.06,2961445,18.44,18.75,18.87,18.37,2961445.0,0.35999999999999943,0.0171
2011-09-14,21.87,22.2,21.35,21.57,NKE,3854046.0,0.766730216176043,0.766730216176043,86.27,87.49,88.79,85.41,3854046,18.85,19.12,19.4,18.66,3854046.0,0.4200000000000017,0.0196
2011-09-15,22.01,22.1,21.69,22.07,NKE,2751494.0,0.7780398746243579,0.7780398746243579,88.26,88.04,88.4,86.76,2751494,19.28,19.24,19.32,18.96,2751494.0,0.14000000000000057,0.0064
2011-09-16,22.44,22.5,22.08,22.16,NKE,4043902.0,0.8127766827156107,0.8127766827156107,88.62,89.77,89.98,88.33,4043902,19.36,19.61,19.66,19.3,4043902.0,0.4299999999999997,0.0195
2011-09-19,22.55,22.63,22.01,22.06,NKE,3634534.0,0.8216628429250009,0.8216628429250009,88.24,90.2,90.5,88.03,3634534,19.28,19.71,19.77,19.23,3634534.0,0.10999999999999943,0.0049
2011-09-20,22.36,22.8,22.31,22.67,NKE,3963604.0,0.8063140207451449,0.8063140207451449,90.67,89.46,91.18,89.24,3963604,19.81,19.55,19.92,19.5,3963604.0,-0.19000000000000128,-0.0084
2011-09-21,21.43,22.41,21.39,22.31,NKE,5110763.0,0.7311855753384819,0.7311855753384819,89.24,85.74,89.62,85.55,5110763,19.5,18.73,19.58,18.69,5110763.0,-0.9299999999999997,-0.0416
2011-09-22,21.05,21.18,20.55,20.8,NKE,5940845.0,0.7004879309787702,0.7004879309787702,83.19,84.18,84.71,82.22,5940845,18.18,18.39,18.51,17.97,5940845.0,-0.379999999999999,-0.0177
2011-09-23,22.16,22.5,21.67,21.95,NKE,9104896.0,0.7901573658189809,0.7901573658189809,87.78,88.64,89.99,86.69,9104896,19.18,19.37,19.66,18.94,9104896.0,1.1099999999999994,0.0527
2011-09-26,22.33,22.5,21.8,22.39,NKE,4209634.0,0.8038905225062202,0.8038905225062202,89.56,89.31,89.98,87.22,4209634,19.57,19.51,19.66,19.06,4209634.0,0.16999999999999815,0.0077
2011-09-27,22.64,23.14,22.5,22.6,NKE,4365783.0,0.8289333376417747,0.8289333376417747,90.4,90.58,92.56,89.98,4365783,19.75,19.79,20.22,19.66,4365783.0,0.3100000000000023,0.0139
2011-09-28,22.12,23.0,22.06,22.67,NKE,3564508.0,0.7869260348337481,0.7869260348337481,90.67,88.47,91.98,88.25,3564508,19.81,19.33,20.1,19.28,3564508.0,-0.5199999999999996,-0.023
2011-09-29,22.0,22.5,21.36,22.45,NKE,3594599.0,0.7772320418780496,0.7772320418780496,89.79,87.99,90.0,85.44,3594599,19.62,19.23,19.66,18.67,3594599.0,-0.120000000000001,-0.0054
2011-09-30,21.38,22.06,21.37,21.75,NKE,3489718.0,0.7271464116069408,0.7271464116069408,86.98,85.51,88.24,85.48,3489718,19.01,18.68,19.28,18.68,3489718.0,-0.620000000000001,-0.0282
2011-10-03,20.76,21.55,20.75,21.24,NKE,3584038.0,0.6770607813358324,0.6770607813358324,84.95,83.05,86.19,83.0,3584038,18.56,18.15,18.83,18.14,3584038.0,-0.6199999999999974,-0.029
2011-10-04,21.43,21.48,20.25,20.39,NKE,3445456.0,0.7311855753384819,0.7311855753384819,81.54,85.73,85.9,81.01,3445456,17.82,18.73,18.77,17.7,3445456.0,0.6699999999999982,0.0323
2011-10-05,21.95,22.06,21.33,21.48,NKE,3696656.0,0.7731928781465085,0.7731928781465085,85.93,87.8,88.24,85.33,3696656,18.78,19.18,19.28,18.64,3696656.0,0.5199999999999996,0.0243
2011-10-06,22.32,22.45,21.8,21.88,NKE,2651011.0,0.8030826897599121,0.8030826897599121,87.53,89.28,89.8,87.22,2651011,19.13,19.51,19.62,19.06,2651011.0,0.370000000000001,0.0169
2011-10-07,22.04,22.47,21.9,22.32,NKE,2590453.0,0.7804633728632823,0.7804633728632823,89.29,88.15,89.87,87.59,2590453,19.51,19.26,19.64,19.14,2590453.0,-0.28000000000000114,-0.0125
2011-10-10,22.68,22.72,22.34,22.45,NKE,2052381.0,0.8321646686270074,0.8321646686270074,89.78,90.72,90.87,89.34,2052381,19.62,19.82,19.86,19.52,2052381.0,0.6400000000000006,0.029
2011-10-11,22.46,22.68,22.36,22.45,NKE,2172650.0,0.814392348208227,0.814392348208227,89.79,89.85,90.7,89.43,2172650,19.62,19.63,19.82,19.54,2172650.0,-0.21999999999999886,-0.0097
2011-10-12,22.95,23.13,22.49,22.58,NKE,3513894.0,0.853976152777329,0.853976152777329,90.33,91.79,92.5,89.95,3513894,19.74,20.06,20.21,19.65,3513894.0,0.48999999999999844,0.0218
2011-10-13,23.05,23.13,22.73,22.86,NKE,2116246.0,0.8620544802404111,0.8620544802404111,91.42,92.21,92.5,90.93,2116246,19.98,20.15,20.21,19.87,2116246.0,0.10000000000000142,0.0044
2011-10-14,23.24,23.3,22.98,23.14,NKE,2142760.0,0.8774033024202668,0.8774033024202668,92.58,92.97,93.18,91.91,2142760,20.23,20.31,20.36,20.08,2142760.0,0.18999999999999773,0.0082
2011-10-17,22.75,23.22,22.68,23.07,NKE,2051485.0,0.8378194978511649,0.8378194978511649,92.27,91.02,92.9,90.71,2051485,20.16,19.89,20.3,19.82,2051485.0,-0.48999999999999844,-0.0211
2011-10-18,22.87,23.08,22.0,22.65,NKE,2781508.0,0.8475134908068634,0.8475134908068634,90.61,91.48,92.33,87.98,2781508,19.8,19.99,20.17,19.22,2781508.0,0.120000000000001,0.0053
2011-10-19,22.82,23.13,22.77,22.92,NKE,2141772.0,0.8434743270753223,0.8434743270753223,91.67,91.29,92.5,91.07,2141772,20.03,19.95,20.21,19.9,2141772.0,-0.05000000000000071,-0.0022
2011-10-20,22.97,23.11,22.67,22.91,NKE,2111298.0,0.8555918182699453,0.8555918182699453,91.64,91.89,92.46,90.69,2111298,20.02,20.08,20.2,19.82,2111298.0,0.14999999999999858,0.0066
2011-10-21,23.59,23.59,23.13,23.2,NKE,3095909.0,0.905677448541054,0.905677448541054,92.8,94.35,94.35,92.53,3095909,20.28,20.62,20.62,20.22,3095909.0,0.620000000000001,0.027
2011-10-24,23.77,23.98,23.53,23.59,NKE,3293469.0,0.9202184379746017,0.9202184379746017,94.34,95.07,95.93,94.12,3293469,20.61,20.77,20.96,20.57,3293469.0,0.17999999999999972,0.0076
2011-10-25,23.44,23.84,23.37,23.53,NKE,2372258.0,0.8935599573464311,0.8935599573464311,94.11,93.75,95.34,93.47,2372258,20.56,20.48,20.83,20.42,2372258.0,-0.3299999999999983,-0.0139
2011-10-26,23.55,23.75,23.18,23.66,NKE,2388817.0,0.9024461175558213,0.9024461175558213,94.64,94.21,94.99,92.73,2388817,20.68,20.58,20.76,20.26,2388817.0,0.10999999999999943,0.0047
2011-10-27,23.96,24.12,23.86,24.04,NKE,3862256.0,0.9355672601544577,0.9355672601544577,96.17,95.83,96.49,95.43,3862256,21.01,20.94,21.08,20.85,3862256.0,0.41000000000000014,0.0174
2011-10-28,24.19,24.23,23.73,23.91,NKE,3055415.0,0.9541474133195464,0.9541474133195464,95.66,96.75,96.93,94.92,3055415,20.9,21.14,21.18,20.74,3055415.0,0.23000000000000043,0.0096
2011-10-31,24.09,24.42,23.89,23.94,NKE,3057049.0,0.9460690858564642,0.9460690858564642,95.76,96.35,97.68,95.54,3057049,20.92,21.05,21.34,20.88,3057049.0,-0.10000000000000142,-0.0041
2011-11-01,23.47,23.86,23.36,23.38,NKE,2662800.0,0.8959834555853555,0.8959834555853555,93.51,93.88,95.43,93.46,2662800,20.43,20.51,20.85,20.42,2662800.0,-0.620000000000001,-0.0257
2011-11-02,23.73,23.95,23.52,23.91,NKE,2906127.0,0.9169871069893689,0.9169871069893689,95.65,94.94,95.8,94.09,2906127,20.9,20.74,20.93,20.56,2906127.0,0.26000000000000156,0.0111
2011-11-03,23.92,24.06,23.39,24.04,NKE,2698218.0,0.9323359291692249,0.9323359291692249,96.15,95.68,96.24,93.57,2698218,21.01,20.91,21.03,20.45,2698218.0,0.19000000000000128,0.008
2011-11-04,23.59,24.0,23.4,23.8,NKE,2059868.0,0.905677448541054,0.905677448541054,95.2,94.38,95.99,93.61,2059868,20.8,20.62,20.97,20.45,2059868.0,-0.33000000000000185,-0.0138
2011-11-07,23.45,23.82,23.36,23.63,NKE,2182756.0,0.8943677900927391,0.8943677900927391,94.52,93.8,95.3,93.44,2182756,20.65,20.5,20.82,20.42,2182756.0,-0.14000000000000057,-0.0059
2011-11-08,23.86,23.91,23.43,23.6,NKE,2414807.0,0.9274889326913756,0.9274889326913756,94.39,95.42,95.64,93.7,2414807,20.62,20.85,20.9,20.47,2414807.0,0.41000000000000014,0.0175
2011-11-09,23.09,23.51,22.9,23.37,NKE,2926734.0,0.8652858112256439,0.8652858112256439,93.47,92.36,94.05,91.61,2926734,20.42,20.18,20.55,20.02,2926734.0,-0.7699999999999996,-0.0323
2011-11-10,23.48,23.64,23.14,23.36,NKE,2348409.0,0.8967912883316639,0.8967912883316639,93.42,93.92,94.54,92.57,2348409,20.41,20.52,20.66,20.23,2348409.0,0.39000000000000057,0.0169
2011-11-11,24.04,24.1,23.61,23.69,NKE,2027034.0,0.9420299221249232,0.9420299221249232,94.75,96.15,96.41,94.45,2027034,20.7,21.01,21.07,20.64,2027034.0,0.5599999999999987,0.0239
2011-11-14,23.94,24.22,23.8,23.96,NKE,1712317.0,0.9339515946618413,0.9339515946618413,95.84,95.75,96.89,95.2,1712317,20.94,20.92,21.17,20.8,1712317.0,-0.09999999999999787,-0.0042
2011-11-15,23.99,24.15,23.67,23.82,NKE,1753439.0,0.9379907583933821,0.9379907583933821,95.26,95.95,96.59,94.67,1753439,20.81,20.97,21.11,20.69,1753439.0,0.04999999999999716,0.0021
2011-11-16,23.43,23.88,23.39,23.79,NKE,2212584.0,0.8927521246001228,0.8927521246001228,95.14,93.7,95.5,93.54,2212584,20.79,20.47,20.87,20.44,2212584.0,-0.5599999999999987,-0.0233
2011-11-17,22.97,23.42,22.73,23.28,NKE,2259896.0,0.8555918182699453,0.8555918182699453,93.13,91.89,93.68,90.9,2259896,20.35,20.08,20.47,19.86,2259896.0,-0.46000000000000085,-0.0196
2011-11-18,23.19,23.37,22.86,23.16,NKE,2360227.0,0.873364138688726,0.873364138688726,92.62,92.75,93.48,91.45,2360227,20.24,20.27,20.43,19.98,2360227.0,0.22000000000000242,0.0096
2011-11-21,22.77,23.04,22.45,22.91,NKE,1838597.0,0.8394351633437812,0.8394351633437812,91.62,91.06,92.16,89.79,1838597,20.02,19.9,20.14,19.62,1838597.0,-0.4200000000000017,-0.0181
2011-11-22,22.91,23.16,22.75,22.8,NKE,1915028.0,0.8507448217920962,0.8507448217920962,91.19,91.63,92.62,90.99,1915028,19.93,20.02,20.24,19.88,1915028.0,0.14000000000000057,0.0061
2011-11-23,22.73,22.99,22.63,22.68,NKE,1867658.0,0.8362038323585486,0.8362038323585486,90.73,90.93,91.97,90.5,1867658,19.82,19.87,20.1,19.77,1867658.0,-0.17999999999999972,-0.0079
2011-11-25,22.57,22.96,22.57,22.66,NKE,868950.0,0.8232785084176172,0.8232785084176172,90.66,90.28,91.86,90.28,868950,19.81,19.73,20.07,19.73,868950.0,-0.16000000000000014,-0.007
2011-11-28,23.73,23.96,22.98,23.01,NKE,3860619.0,0.9169871069893689,0.9169871069893689,92.05,94.91,95.83,91.9,3860619,20.11,20.74,20.94,20.08,3860619.0,1.1600000000000001,0.0514
2011-11-29,23.72,23.86,23.58,23.82,NKE,2756184.0,0.9161792742430607,0.9161792742430607,95.26,94.87,95.43,94.31,2756184,20.81,20.73,20.85,20.61,2756184.0,-0.010000000000001563,-0.0004
2011-11-30,24.05,24.38,23.73,24.27,NKE,3373272.0,0.9428377548712316,0.9428377548712316,97.08,96.18,97.5,94.92,3373272,21.21,21.02,21.3,20.74,3373272.0,0.33000000000000185,0.0139
2011-12-01,23.81,24.09,23.63,23.84,NKE,2391755.0,0.9234497689598344,0.9234497689598344,95.36,95.25,96.34,94.51,2391755,20.91,20.89,21.13,20.73,2391755.0,-0.240000000000002,-0.01
2011-12-02,24.06,24.18,23.88,23.95,NKE,2366461.0,0.9436455876175396,0.9436455876175396,95.78,96.25,96.71,95.51,2366461,21.0,21.11,21.21,20.95,2366461.0,0.25,0.0105
2011-12-05,24.15,24.37,23.98,24.18,NKE,2213945.0,0.9509160823343134,0.9509160823343134,96.73,96.6,97.49,95.94,2213945,21.21,21.18,21.38,21.04,2213945.0,0.08999999999999986,0.0037
2011-12-06,24.06,24.31,23.99,24.3,NKE,1746927.0,0.9436455876175396,0.9436455876175396,97.2,96.25,97.24,95.96,1746927,21.32,21.11,21.32,21.04,1746927.0,-0.08999999999999986,-0.0037
2011-12-07,23.97,24.25,23.82,24.2,NKE,2802300.0,0.9363750929007657,0.9363750929007657,96.78,95.89,96.99,95.26,2802300,21.22,21.03,21.27,20.89,2802300.0,-0.08999999999999986,-0.0037
2011-12-08,23.8,24.12,23.75,23.9,NKE,2348387.0,0.9226419362135264,0.9226419362135264,95.6,95.18,96.48,95.0,2348387,20.97,20.87,21.16,20.83,2348387.0,-0.16999999999999815,-0.0071
2011-12-09,24.42,24.56,23.82,23.87,NKE,3105784.0,0.9727275664846352,0.9727275664846352,95.48,97.68,98.25,95.3,3105784,20.94,21.42,21.55,20.9,3105784.0,0.620000000000001,0.0261
2011-12-12,24.24,24.44,23.95,24.34,NKE,2713103.0,0.9581865770510872,0.9581865770510872,97.34,96.95,97.75,95.78,2713103,21.35,21.26,21.44,21.0,2713103.0,-0.18000000000000327,-0.0074
2011-12-13,23.76,24.45,23.6,24.28,NKE,2678591.0,0.9194106052282937,0.9194106052282937,97.13,95.05,97.79,94.41,2678591,21.3,20.84,21.45,20.7,2678591.0,-0.4799999999999969,-0.0198
2011-12-14,23.6,23.93,23.44,23.74,NKE,2363831.0,0.9064852812873624,0.9064852812873624,94.97,94.39,95.72,93.75,2363831,20.83,20.7,20.99,20.56,2363831.0,-0.16000000000000014,-0.0067
2011-12-15,23.52,23.93,23.35,23.86,NKE,2683026.0,0.9000226193168966,0.9000226193168966,95.44,94.08,95.74,93.41,2683026,20.93,20.63,21.0,20.48,2683026.0,-0.08000000000000185,-0.0034
2011-12-16,23.42,23.77,23.39,23.7,NKE,3197129.0,0.8919442918538147,0.8919442918538147,94.78,93.67,95.08,93.55,3197129,20.79,20.54,20.85,20.52,3197129.0,-0.09999999999999787,-0.0043
2011-12-19,23.34,23.54,23.27,23.48,NKE,2191338.0,0.8854816298833489,0.8854816298833489,93.92,93.38,94.14,93.06,2191338,20.6,20.48,20.64,20.41,2191338.0,-0.08000000000000185,-0.0034
2011-12-20,23.41,23.98,23.22,23.62,NKE,4575249.0,0.8911364591075064,0.8911364591075064,94.48,93.63,95.9,92.89,4575249,20.72,20.53,21.03,20.37,4575249.0,0.07000000000000028,0.003
2011-12-21,24.09,24.32,23.57,23.96,NKE,6261328.0,0.9460690858564642,0.9460690858564642,95.83,96.35,97.29,94.29,6261328,21.02,21.13,21.34,20.68,6261328.0,0.6799999999999997,0.029
2011-12-22,23.7,24.15,23.56,24.15,NKE,2927911.0,0.9145636087504443,0.9145636087504443,96.59,94.82,96.59,94.25,2927911,21.18,20.79,21.18,20.67,2927911.0,-0.39000000000000057,-0.0162
2011-12-23,24.23,24.23,23.69,23.82,NKE,1791332.0,0.9573787443047792,0.9573787443047792,95.27,96.9,96.93,94.77,1791332,20.89,21.25,21.26,20.78,1791332.0,0.5300000000000011,0.0224
2011-12-27,24.44,24.5,24.13,24.25,NKE,1612052.0,0.9743432319772515,0.9743432319772515,96.98,97.77,98.0,96.51,1612052,21.27,21.44,21.49,21.16,1612052.0,0.21000000000000085,0.0087
2011-12-28,24.11,24.5,24.07,24.48,NKE,1707578.0,0.9476847513490806,0.9476847513490806,97.93,96.43,98.0,96.28,1707578,21.48,21.15,21.49,21.11,1707578.0,-0.33000000000000185,-0.0135
2011-12-29,24.36,24.48,24.12,24.14,NKE,2142936.0,0.9678805700067857,0.9678805700067857,96.55,97.46,97.92,96.49,2142936,21.17,21.37,21.47,21.16,2142936.0,0.25,0.0104
2011-12-30,24.09,24.39,24.09,24.35,NKE,1652340.0,0.9460690858564642,0.9460690858564642,97.39,96.37,97.54,96.37,1652340,21.36,21.13,21.39,21.13,1652340.0,-0.2699999999999996,-0.0111
2012-01-03,24.2,24.5,24.18,24.34,NKE,2736187.0,0.9549552460658545,0.9549552460658545,97.37,96.81,97.99,96.7,2736187,21.35,21.23,21.49,21.21,2736187.0,0.10999999999999943,0.0046
2012-01-04,24.55,24.69,24.13,24.18,NKE,2360248.0,0.9832293921866417,0.9832293921866417,96.71,98.22,98.75,96.51,2360248,21.21,21.54,21.66,21.16,2360248.0,0.3500000000000014,0.0145
2012-01-05,24.54,24.64,24.25,24.45,NKE,2098368.0,0.9824215594403334,0.9824215594403334,97.79,98.16,98.58,97.0,2098368,21.45,21.53,21.62,21.27,2098368.0,-0.010000000000001563,-0.0004
2012-01-06,24.5,24.62,24.38,24.48,NKE,1940275.0,0.9791902284551006,0.9791902284551006,97.93,97.99,98.5,97.52,1940275,21.48,21.49,21.6,21.39,1940275.0,-0.03999999999999915,-0.0016
2012-01-09,24.59,24.73,24.43,24.52,NKE,2511410.0,0.9864607231718745,0.9864607231718745,98.1,98.35,98.93,97.7,2511410,21.51,21.57,21.7,21.43,2511410.0,0.08999999999999986,0.0037
2012-01-10,24.62,24.73,24.42,24.71,NKE,2453168.0,0.9888842214107992,0.9888842214107992,98.83,98.47,98.93,97.68,2453168,21.67,21.59,21.7,21.42,2453168.0,0.030000000000001137,0.0012
2012-01-11,24.54,24.65,24.45,24.57,NKE,1750723.0,0.9824215594403334,0.9824215594403334,98.27,98.14,98.6,97.79,1750723,21.55,21.52,21.62,21.45,1750723.0,-0.08000000000000185,-0.0032
2012-01-12,24.77,24.79,24.43,24.57,NKE,1879138.0,1.001001712605422,1.001001712605422,98.29,99.1,99.14,97.74,1879138,21.55,21.73,21.74,21.43,1879138.0,0.23000000000000043,0.0094
2012-01-13,24.57,24.73,24.51,24.6,NKE,1633526.0,0.9848450576792581,0.9848450576792581,98.39,98.3,98.93,98.04,1633526,21.58,21.56,21.7,21.5,1633526.0,-0.1999999999999993,-0.0081
2012-01-17,24.81,24.86,24.51,24.68,NKE,2060579.0,1.0042330435906548,1.0042330435906548,98.7,99.24,99.44,98.05,2060579,21.64,21.76,21.81,21.5,2060579.0,0.23999999999999844,0.0098
2012-01-18,25.21,25.28,24.68,24.7,NKE,3069740.0,1.0365463534429833,1.0365463534429833,98.81,100.86,101.12,98.7,3069740,21.67,22.12,22.18,21.64,3069740.0,0.40000000000000213,0.0161
2012-01-19,25.39,25.49,25.13,25.18,NKE,2289591.0,1.0510873428765308,1.0510873428765308,100.74,101.58,101.97,100.52,2289591,22.09,22.28,22.36,22.04,2289591.0,0.17999999999999972,0.0071
2012-01-20,25.44,25.5,25.25,25.39,NKE,2237405.0,1.055126506608072,1.055126506608072,101.55,101.76,102.0,101.02,2237405,22.27,22.32,22.37,22.15,2237405.0,0.05000000000000071,0.002
2012-01-23,25.39,25.74,25.29,25.48,NKE,2082460.0,1.0510873428765308,1.0510873428765308,101.92,101.56,102.97,101.17,2082460,22.35,22.27,22.58,22.19,2082460.0,-0.05000000000000071,-0.002
2012-01-24,25.55,25.59,25.25,25.34,NKE,1641147.0,1.064012666817462,1.064012666817462,101.34,102.21,102.38,101.02,1641147,22.22,22.41,22.45,22.15,1641147.0,0.16000000000000014,0.0063
2012-01-25,25.8,25.82,25.47,25.48,NKE,2845963.0,1.0842084854751672,1.0842084854751672,101.92,103.21,103.29,101.89,2845963,22.35,22.63,22.65,22.34,2845963.0,0.25,0.0098
2012-01-26,25.57,25.8,25.45,25.75,NKE,1882064.0,1.0656283323100786,1.0656283323100786,103.0,102.3,103.22,101.79,1882064,22.59,22.43,22.64,22.32,1882064.0,-0.23000000000000043,-0.0089
2012-01-27,25.53,25.66,25.38,25.54,NKE,1733589.0,1.0623970013248458,1.0623970013248458,102.17,102.11,102.63,101.5,1733589,22.41,22.39,22.51,22.26,1733589.0,-0.03999999999999915,-0.0016
2012-01-30,25.85,26.04,25.22,25.36,NKE,2973029.0,1.0882476492067084,1.0882476492067084,101.45,103.39,104.15,100.87,2973029,22.25,22.67,22.84,22.12,2973029.0,0.3200000000000003,0.0125
2012-01-31,26.0,26.23,25.86,26.14,NKE,6187919.0,1.1003651404013313,1.1003651404013313,104.57,103.99,104.94,103.46,6187919,22.93,22.81,23.01,22.69,6187919.0,0.14999999999999858,0.0058
2012-02-01,25.94,26.21,25.93,26.1,NKE,2500146.0,1.0955181439234822,1.0955181439234822,104.41,103.75,104.83,103.74,2500146,22.9,22.75,22.99,22.75,2500146.0,-0.05999999999999872,-0.0023
2012-02-02,25.7,26.05,25.64,26.0,NKE,2343239.0,1.0761301580120852,1.0761301580120852,104.0,102.82,104.19,102.57,2343239,22.81,22.55,22.85,22.49,2343239.0,-0.240000000000002,-0.0093
2012-02-03,25.88,26.0,25.77,25.88,NKE,3298029.0,1.0906711474456328,1.0906711474456328,103.5,103.5,104.0,103.1,3298029,22.7,22.7,22.81,22.61,3298029.0,0.17999999999999972,0.007
2012-02-06,25.86,25.96,25.67,25.76,NKE,1557628.0,1.0890554819530165,1.0890554819530165,103.04,103.46,103.86,102.68,1557628,22.6,22.69,22.78,22.52,1557628.0,-0.019999999999999574,-0.0008
2012-02-07,26.06,26.18,25.74,25.8,NKE,1307821.0,1.1052121368791805,1.1052121368791805,103.22,104.23,104.7,102.96,1307821,22.64,22.86,22.96,22.58,1307821.0,0.1999999999999993,0.0077
2012-02-08,26.48,26.66,26.13,26.13,NKE,2785721.0,1.139141112224125,1.139141112224125,104.52,105.93,106.66,104.52,2785721,22.92,23.23,23.39,22.92,2785721.0,0.4200000000000017,0.0161
2012-02-09,26.44,26.55,26.3,26.44,NKE,1461903.0,1.1359097812388923,1.1359097812388923,105.75,105.76,106.18,105.22,1461903,23.19,23.19,23.29,23.07,1461903.0,-0.03999999999999915,-0.0015
2012-02-10,26.35,26.4,26.19,26.27,NKE,1552560.0,1.1286392865221186,1.1286392865221186,105.07,105.41,105.59,104.76,1552560,23.04,23.12,23.16,22.97,1552560.0,-0.08999999999999986,-0.0034
2012-02-13,26.3,26.48,26.16,26.45,NKE,1468825.0,1.1246001227905775,1.1246001227905775,105.8,105.22,105.93,104.62,1468825,23.2,23.07,23.23,22.94,1468825.0,-0.05000000000000071,-0.0019
2012-02-14,26.66,26.66,26.07,26.2,NKE,2381526.0,1.1536821016576728,1.1536821016576728,104.79,106.63,106.64,104.29,2381526,22.98,23.38,23.39,22.87,2381526.0,0.35999999999999943,0.0137
2012-02-15,26.65,26.91,26.58,26.74,NKE,2483836.0,1.1528742689113645,1.1528742689113645,106.95,106.6,107.63,106.31,2483836,23.45,23.38,23.6,23.31,2483836.0,-0.010000000000001563,-0.0004
2012-02-16,26.54,26.86,26.39,26.62,NKE,1664512.0,1.1439881087019743,1.1439881087019743,106.47,106.16,107.43,105.55,1664512,23.35,23.28,23.56,23.15,1664512.0,-0.10999999999999943,-0.0041
2012-02-17,26.67,26.87,26.57,26.68,NKE,1739376.0,1.1544899344039812,1.1544899344039812,106.74,106.68,107.48,106.28,1739376,23.41,23.39,23.57,23.31,1739376.0,0.13000000000000256,0.0049
2012-02-21,26.24,26.8,26.18,26.65,NKE,1827203.0,1.119753126312728,1.119753126312728,106.59,104.95,107.18,104.71,1827203,23.38,23.02,23.5,22.96,1827203.0,-0.43000000000000327,-0.0161
2012-02-22,26.43,26.56,26.25,26.27,NKE,1559394.0,1.1351019484925842,1.1351019484925842,105.06,105.73,106.24,104.98,1559394,23.04,23.19,23.3,23.02,1559394.0,0.19000000000000128,0.0072
2012-02-23,26.54,26.68,26.39,26.48,NKE,1465178.0,1.1439881087019743,1.1439881087019743,105.92,106.14,106.7,105.54,1465178,23.23,23.28,23.4,23.14,1465178.0,0.10999999999999943,0.0042
2012-02-24,26.57,26.65,26.41,26.53,NKE,1168864.0,1.146411606940899,1.146411606940899,106.11,106.29,106.6,105.63,1168864,23.27,23.31,23.38,23.16,1168864.0,0.030000000000001137,0.0011
2012-02-27,26.79,26.93,26.39,26.47,NKE,1519334.0,1.1641839273596795,1.1641839273596795,105.88,107.17,107.7,105.54,1519334,23.22,23.5,23.62,23.14,1519334.0,0.21999999999999886,0.0083
2012-02-28,26.86,26.91,26.63,26.85,NKE,1261903.0,1.1698387565838368,1.1698387565838368,107.41,107.43,107.63,106.52,1261903,23.56,23.56,23.6,23.36,1261903.0,0.07000000000000028,0.0026
2012-02-29,26.98,27.07,26.73,26.88,NKE,1772196.0,1.1795327495395354,1.1795327495395354,107.51,107.92,108.28,106.93,1772196,23.58,23.67,23.75,23.45,1772196.0,0.120000000000001,0.0045
2012-03-01,27.14,27.25,27.01,27.22,NKE,1767621.0,1.1924580734804666,1.1924580734804666,108.89,108.54,108.98,108.02,1767621,23.96,23.88,23.98,23.77,1767621.0,0.16000000000000014,0.0059
2012-03-02,27.18,27.27,26.99,27.17,NKE,1752880.0,1.1956894044656994,1.1956894044656994,108.67,108.74,109.06,107.95,1752880,23.91,23.92,23.99,23.75,1752880.0,0.03999999999999915,0.0015
2012-03-05,27.31,27.42,27.07,27.18,NKE,1793360.0,1.206191230167706,1.206191230167706,108.7,109.24,109.67,108.3,1793360,23.91,24.03,24.13,23.83,1793360.0,0.129999999999999,0.0048
2012-03-06,26.84,27.3,26.74,27.14,NKE,1971883.0,1.1682230910912204,1.1682230910912204,108.56,107.34,109.22,106.97,1971883,23.88,23.61,24.03,23.53,1971883.0,-0.46999999999999886,-0.0172
2012-03-07,26.89,27.04,26.82,26.86,NKE,1794492.0,1.1722622548227615,1.1722622548227615,107.46,107.58,108.15,107.3,1794492,23.64,23.67,23.79,23.61,1794492.0,0.05000000000000071,0.0019
2012-03-08,26.98,27.13,26.91,27.03,NKE,1141246.0,1.1795327495395354,1.1795327495395354,108.13,107.9,108.5,107.66,1141246,23.79,23.74,23.87,23.69,1141246.0,0.08999999999999986,0.0033
2012-03-09,27.5,27.54,27.05,27.16,NKE,2453450.0,1.221540052347562,1.221540052347562,108.64,109.98,110.15,108.2,2453450,23.9,24.2,24.23,23.8,2453450.0,0.5199999999999996,0.0193
2012-03-12,27.36,27.48,27.15,27.2,NKE,2302038.0,1.2102303938992471,1.2102303938992471,108.8,109.45,109.92,108.6,2302038,23.94,24.08,24.18,23.89,2302038.0,-0.14000000000000057,-0.0051
2012-03-13,27.69,27.71,27.39,27.5,NKE,2382882.0,1.236888874527418,1.236888874527418,110.0,110.76,110.84,109.54,2382882,24.2,24.37,24.38,24.1,2382882.0,0.33000000000000185,0.0121
2012-03-14,27.57,27.81,27.54,27.73,NKE,1863119.0,1.2271948815717195,1.2271948815717195,110.9,110.3,111.23,110.16,1863119,24.4,24.27,24.47,24.24,1863119.0,-0.120000000000001,-0.0043
2012-03-15,27.68,27.77,27.58,27.71,NKE,1824342.0,1.2360810417811097,1.2360810417811097,110.83,110.73,111.07,110.31,1824342,24.38,24.36,24.44,24.27,1824342.0,0.10999999999999943,0.004
2012-03-16,27.8,27.95,27.64,27.68,NKE,3612426.0,1.2457750347368082,1.2457750347368082,110.74,111.22,111.78,110.56,3612426,24.36,24.47,24.59,24.32,3612426.0,0.120000000000001,0.0043
2012-03-19,28.03,28.13,27.74,27.98,NKE,2599965.0,1.2643551879018968,1.2643551879018968,111.9,112.13,112.52,110.96,2599965,24.62,24.67,24.75,24.41,2599965.0,0.23000000000000043,0.0083
2012-03-20,27.93,28.24,27.93,27.93,NKE,2670398.0,1.2562768604388148,1.2562768604388148,111.73,111.74,112.97,111.73,2670398,24.58,24.58,24.85,24.58,2670398.0,-0.10000000000000142,-0.0036
2012-03-21,27.61,28.18,27.59,28.02,NKE,3777463.0,1.230426212556952,1.230426212556952,112.07,110.44,112.7,110.38,3777463,24.66,24.3,24.79,24.28,3777463.0,-0.3200000000000003,-0.0115
2012-03-22,27.75,27.91,27.27,27.53,NKE,5113430.0,1.241735871005267,1.241735871005267,110.11,110.99,111.63,109.08,5113430,24.22,24.42,24.56,24.0,5113430.0,0.14000000000000057,0.0051
2012-03-23,26.86,27.88,26.52,27.8,NKE,6627376.0,1.1698387565838368,1.1698387565838368,111.21,107.42,111.5,106.07,6627376,24.47,23.63,24.53,23.34,6627376.0,-0.8900000000000006,-0.0321
2012-03-26,27.14,27.2,26.93,26.97,NKE,3128222.0,1.1924580734804666,1.1924580734804666,107.88,108.55,108.8,107.72,3128222,23.73,23.88,23.94,23.7,3128222.0,0.28000000000000114,0.0104
2012-03-27,26.97,27.29,26.93,27.18,NKE,2532767.0,1.178724916793227,1.178724916793227,108.71,107.88,109.17,107.72,2532767,23.92,23.73,24.02,23.7,2532767.0,-0.1700000000000017,-0.0063
2012-03-28,26.81,26.98,26.57,26.9,NKE,2309866.0,1.1657995928522957,1.1657995928522957,107.61,107.23,107.93,106.28,2309866,23.67,23.59,23.74,23.38,2309866.0,-0.16000000000000014,-0.0059
2012-03-29,26.96,27.0,26.57,26.57,NKE,1973351.0,1.177917084046919,1.177917084046919,106.3,107.85,107.99,106.3,1973351,23.39,23.73,23.76,23.39,1973351.0,0.15000000000000213,0.0056
2012-03-30,27.11,27.3,26.96,27.09,NKE,2318743.0,1.190034575241542,1.190034575241542,108.38,108.44,109.18,107.85,2318743,23.84,23.86,24.02,23.73,2318743.0,0.14999999999999858,0.0056
2012-04-02,27.25,27.46,27.0,27.11,NKE,2447038.0,1.2013442336898568,1.2013442336898568,108.42,109.02,109.83,107.99,2447038,23.85,23.98,24.16,23.76,2447038.0,0.14000000000000057,0.0052
2012-04-03,27.47,27.47,27.07,27.2,NKE,2207257.0,1.2191165541086373,1.2191165541086373,108.81,109.87,109.89,108.3,2207257,23.94,24.17,24.18,23.83,2207257.0,0.21999999999999886,0.0081
2012-04-04,27.37,27.47,27.17,27.29,NKE,2216657.0,1.2110382266455553,1.2110382266455553,109.15,109.49,109.89,108.68,2216657,24.01,24.09,24.18,23.91,2216657.0,-0.09999999999999787,-0.0036
2012-04-05,27.6,27.63,27.25,27.26,NKE,2196874.0,1.2296183798106441,1.2296183798106441,109.03,110.39,110.53,109.0,2196874,23.99,24.29,24.32,23.98,2196874.0,0.23000000000000043,0.0084
2012-04-09,27.67,27.75,27.13,27.22,NKE,2827382.0,1.2352732090348015,1.2352732090348015,108.89,110.69,111.0,108.51,2827382,23.96,24.35,24.42,23.87,2827382.0,0.07000000000000028,0.0025
2012-04-10,26.61,27.63,26.48,27.62,NKE,4216113.0,1.1496429379261317,1.1496429379261317,110.48,106.46,110.5,105.93,4216113,24.31,23.42,24.31,23.3,4216113.0,-1.0600000000000023,-0.0383
2012-04-11,27.06,27.19,26.87,26.93,NKE,3008663.0,1.1859954115100009,1.1859954115100009,107.7,108.25,108.77,107.47,3008663,23.69,23.82,23.93,23.64,3008663.0,0.4499999999999993,0.0169
2012-04-12,27.16,27.18,26.79,27.04,NKE,2888727.0,1.194073738973083,1.194073738973083,108.14,108.65,108.7,107.17,2888727,23.79,23.9,23.91,23.58,2888727.0,0.10000000000000142,0.0037
2012-04-13,27.2,27.41,27.07,27.21,NKE,1440361.0,1.1973050699583159,1.1973050699583159,108.85,108.8,109.63,108.28,1440361,23.95,23.94,24.12,23.82,1440361.0,0.03999999999999915,0.0015
2012-04-16,27.35,27.47,27.17,27.27,NKE,1783757.0,1.209422561152939,1.209422561152939,109.07,109.4,109.88,108.68,1783757,24.0,24.07,24.17,23.91,1783757.0,0.15000000000000213,0.0055
2012-04-17,27.46,27.5,27.3,27.46,NKE,1442908.0,1.2183087213623292,1.2183087213623292,109.86,109.83,110.0,109.2,1442908,24.17,24.16,24.2,24.02,1442908.0,0.10999999999999943,0.004
2012-04-18,27.64,27.74,27.26,27.34,NKE,2043701.0,1.232849710795877,1.232849710795877,109.34,110.56,110.95,109.05,2043701,24.05,24.32,24.41,23.99,2043701.0,0.17999999999999972,0.0066
2012-04-19,27.4,27.74,27.26,27.66,NKE,2006827.0,1.21346172488448,1.21346172488448,110.63,109.61,110.95,109.03,2006827,24.34,24.11,24.41,23.99,2006827.0,-0.240000000000002,-0.0087
2012-04-20,27.69,27.86,27.43,27.43,NKE,2324879.0,1.236888874527418,1.236888874527418,109.73,110.77,111.44,109.73,2324879,24.14,24.37,24.52,24.14,2324879.0,0.2900000000000027,0.0106
2012-04-23,27.44,27.5,27.17,27.46,NKE,1588803.0,1.2166930558697129,1.2166930558697129,109.83,109.75,109.98,108.67,1588803,24.16,24.14,24.2,23.91,1588803.0,-0.25,-0.009
2012-04-24,26.69,27.44,26.59,27.25,NKE,3314027.0,1.1561055998965974,1.1561055998965974,108.99,106.75,109.76,106.34,3314027,23.98,23.48,24.15,23.39,3314027.0,-0.75,-0.0273
2012-04-25,27.26,27.27,26.73,26.79,NKE,2097030.0,1.2021520664361651,1.2021520664361651,107.17,109.03,109.06,106.93,2097030,23.58,23.99,23.99,23.52,2097030.0,0.5700000000000003,0.0214
2012-04-26,27.59,27.69,27.18,27.26,NKE,1557261.0,1.2288105470643358,1.2288105470643358,109.03,110.35,110.75,108.73,1557261,23.99,24.28,24.36,23.92,1557261.0,0.3299999999999983,0.0121
2012-04-27,27.66,27.89,27.45,27.52,NKE,2227617.0,1.2344653762884932,1.2344653762884932,110.09,110.64,111.56,109.81,2227617,24.22,24.34,24.54,24.16,2227617.0,0.07000000000000028,0.0025
2012-04-30,27.97,28.0,27.75,27.75,NKE,2388008.0,1.2595081914240476,1.2595081914240476,111.0,111.87,112.0,111.0,2388008,24.42,24.61,24.64,24.42,2388008.0,0.3099999999999987,0.0112
2012-05-01,27.82,28.0,27.63,27.98,NKE,2541238.0,1.2473907002294244,1.2473907002294244,111.91,111.3,112.0,110.5,2541238,24.62,24.49,24.64,24.31,2541238.0,-0.14999999999999858,-0.0054
2012-05-02,28.57,28.64,27.76,27.76,NKE,2645710.0,1.30797815620254,1.30797815620254,111.04,114.28,114.56,111.04,2645710,24.43,25.14,25.2,24.43,2645710.0,0.75,0.027
2012-05-03,28.6,28.7,28.38,28.55,NKE,2585304.0,1.3104016544414647,1.3104016544414647,114.21,114.4,114.81,113.52,2585304,25.13,25.17,25.26,24.97,2585304.0,0.030000000000001137,0.0011
2012-05-04,27.95,28.51,27.89,28.48,NKE,1803354.0,1.257892525931431,1.257892525931431,113.9,111.81,114.05,111.54,1803354,25.06,24.6,25.09,24.54,1803354.0,-0.6500000000000021,-0.0227
2012-05-07,27.86,28.07,27.8,27.85,NKE,1715905.0,1.2506220312146572,1.2506220312146572,111.4,111.42,112.3,111.2,1715905,24.51,24.51,24.71,24.46,1715905.0,-0.08999999999999986,-0.0032
2012-05-08,27.18,27.54,26.64,27.45,NKE,3515331.0,1.1956894044656994,1.1956894044656994,109.8,108.73,110.15,106.56,3515331,24.16,23.92,24.23,23.44,3515331.0,-0.6799999999999997,-0.0244
2012-05-09,27.04,27.22,26.77,26.86,NKE,2260748.0,1.1843797460173844,1.1843797460173844,107.43,108.15,108.88,107.08,2260748,23.63,23.79,23.95,23.56,2260748.0,-0.14000000000000057,-0.0052
2012-05-10,26.89,27.38,26.81,27.26,NKE,2364661.0,1.1722622548227615,1.1722622548227615,109.03,107.56,109.51,107.24,2364661,23.99,23.66,24.09,23.59,2364661.0,-0.14999999999999858,-0.0055
2012-05-11,27.07,27.32,26.66,26.8,NKE,1582070.0,1.1868032442563092,1.1868032442563092,107.2,108.26,109.3,106.66,1582070,23.58,23.82,24.05,23.47,1582070.0,0.17999999999999972,0.0067
2012-05-14,26.87,27.11,26.73,26.91,NKE,1409085.0,1.1706465893301452,1.1706465893301452,107.65,107.47,108.46,106.94,1409085,23.68,23.64,23.86,23.53,1409085.0,-0.1999999999999993,-0.0074
2012-05-15,26.8,27.25,26.75,26.83,NKE,1781837.0,1.1649917601059878,1.1649917601059878,107.31,107.22,109.01,107.01,1781837,23.61,23.59,23.98,23.54,1781837.0,-0.07000000000000028,-0.0026
2012-05-16,26.75,27.23,26.55,26.93,NKE,2491237.0,1.1609525963744467,1.1609525963744467,107.74,107.0,108.92,106.22,2491237,23.7,23.54,23.96,23.37,2491237.0,-0.05000000000000071,-0.0019
2012-05-17,26.09,26.75,26.07,26.7,NKE,2361063.0,1.1076356351181051,1.1076356351181051,106.78,104.34,107.0,104.27,2361063,23.49,22.95,23.54,22.94,2361063.0,-0.6600000000000001,-0.0247
2012-05-18,26.36,26.95,26.27,26.35,NKE,3961169.0,1.1294471192684266,1.1294471192684266,105.4,105.44,107.78,105.08,3961169,23.19,23.2,23.71,23.12,3961169.0,0.2699999999999996,0.0103
2012-05-21,26.81,26.84,26.33,26.33,NKE,2258583.0,1.1657995928522957,1.1657995928522957,105.31,107.23,107.36,105.31,2258583,23.17,23.59,23.62,23.17,2258583.0,0.4499999999999993,0.0171
2012-05-22,27.11,27.29,26.8,26.81,NKE,2553426.0,1.190034575241542,1.190034575241542,107.24,108.45,109.15,107.2,2553426,23.59,23.86,24.01,23.58,2553426.0,0.3000000000000007,0.0112
2012-05-23,26.88,27.25,26.55,26.94,NKE,2128250.0,1.1714544220764531,1.1714544220764531,107.77,107.52,109.0,106.18,2128250,23.71,23.65,23.98,23.36,2128250.0,-0.23000000000000043,-0.0085
2012-05-24,26.87,27.16,26.7,26.92,NKE,2157308.0,1.1706465893301452,1.1706465893301452,107.67,107.48,108.64,106.78,2157308,23.69,23.65,23.9,23.49,2157308.0,-0.00999999999999801,-0.0004
2012-05-25,27.2,27.3,26.91,26.98,NKE,1672022.0,1.1973050699583159,1.1973050699583159,107.92,108.79,109.19,107.62,1672022,23.74,23.93,24.02,23.68,1672022.0,0.3299999999999983,0.0123
2012-05-29,27.73,27.73,27.29,27.38,NKE,2183786.0,1.2401202055126508,1.2401202055126508,109.51,110.92,110.92,109.14,2183786,24.09,24.4,24.4,24.01,2183786.0,0.5300000000000011,0.0195
2012-05-30,27.15,27.58,27.06,27.39,NKE,2589296.0,1.1932659062267748,1.1932659062267748,109.58,108.61,110.33,108.23,2589296,24.11,23.89,24.27,23.81,2589296.0,-0.5800000000000018,-0.0209
2012-05-31,27.05,27.21,26.66,27.13,NKE,2699191.0,1.1851875787636927,1.1851875787636927,108.5,108.18,108.85,106.66,2699191,23.95,23.88,24.02,23.54,2699191.0,-0.09999999999999787,-0.0037
2012-06-01,26.15,26.64,26.05,26.57,NKE,2344029.0,1.1124826315959542,1.1124826315959542,106.29,104.6,106.55,104.18,2344029,23.46,23.09,23.52,22.99,2344029.0,-0.9000000000000021,-0.0333
2012-06-04,26.18,26.28,25.79,26.14,NKE,2550438.0,1.114906129834879,1.114906129834879,104.55,104.7,105.12,103.14,2550438,23.07,23.11,23.2,22.76,2550438.0,0.030000000000001137,0.0011
2012-06-05,26.38,26.44,26.0,26.07,NKE,2295796.0,1.131062784761043,1.131062784761043,104.3,105.51,105.76,104.0,2295796,23.02,23.29,23.34,22.95,2295796.0,0.1999999999999993,0.0076
2012-06-06,26.77,26.77,26.43,26.52,NKE,1948435.0,1.162568261867063,1.162568261867063,106.09,107.07,107.1,105.73,1948435,23.41,23.63,23.64,23.33,1948435.0,0.39000000000000057,0.0148
2012-06-07,26.84,27.1,26.56,26.98,NKE,1769804.0,1.1682230910912204,1.1682230910912204,107.94,107.36,108.39,106.25,1769804,23.82,23.69,23.92,23.45,1769804.0,0.07000000000000028,0.0026
2012-06-08,27.16,27.19,26.58,26.84,NKE,1813554.0,1.194073738973083,1.194073738973083,107.38,108.64,108.77,106.31,1813554,23.7,23.98,24.01,23.46,1813554.0,0.3200000000000003,0.0119
2012-06-11,26.86,27.48,26.85,27.28,NKE,1564381.0,1.1698387565838368,1.1698387565838368,109.12,107.46,109.91,107.4,1564381,24.08,23.72,24.26,23.7,1564381.0,-0.3000000000000007,-0.011
2012-06-12,26.9,27.16,26.68,26.9,NKE,2539892.0,1.1730700875690696,1.1730700875690696,107.59,107.6,108.66,106.74,2539892,23.75,23.75,23.98,23.56,2539892.0,0.03999999999999915,0.0015
2012-06-13,25.55,26.88,25.32,26.8,NKE,5692525.0,1.064012666817462,1.064012666817462,107.21,102.22,107.53,101.28,5692525,23.66,22.56,23.73,22.35,5692525.0,-1.3499999999999979,-0.0502
2012-06-14,25.0,25.86,24.84,25.86,NKE,6013119.0,1.019581865770511,1.019581865770511,103.46,100.02,103.46,99.36,6013119,22.83,22.07,22.83,21.93,6013119.0,-0.5500000000000007,-0.0215
2012-06-15,25.44,25.5,24.89,25.06,NKE,4212340.0,1.055126506608072,1.055126506608072,100.25,101.75,102.0,99.56,4212340,22.13,22.46,22.51,21.97,4212340.0,0.4400000000000013,0.0176
2012-06-18,25.35,25.43,25.03,25.38,NKE,3164428.0,1.047856011891298,1.047856011891298,101.53,101.4,101.73,100.13,3164428,22.41,22.38,22.45,22.1,3164428.0,-0.08999999999999986,-0.0035
2012-06-19,25.39,25.66,25.33,25.36,NKE,2163714.0,1.0510873428765308,1.0510873428765308,101.44,101.54,102.65,101.33,2163714,22.39,22.41,22.65,22.36,2163714.0,0.03999999999999915,0.0016
2012-06-20,25.3,25.68,25.16,25.64,NKE,3210649.0,1.043816848159757,1.043816848159757,102.56,101.2,102.72,100.63,3210649,22.63,22.33,22.67,22.21,3210649.0,-0.08999999999999986,-0.0035
2012-06-21,24.66,25.61,24.63,25.32,NKE,4013522.0,0.9921155523960319,0.9921155523960319,101.26,98.66,102.46,98.53,4013522,22.35,21.77,22.61,21.75,4013522.0,-0.6400000000000006,-0.0253
2012-06-22,24.85,24.88,24.57,24.73,NKE,3841913.0,1.007464374575888,1.007464374575888,98.91,99.4,99.52,98.28,3841913,21.83,21.94,21.96,21.69,3841913.0,0.19000000000000128,0.0077
2012-06-25,24.36,24.68,24.18,24.59,NKE,2968419.0,0.9678805700067857,0.9678805700067857,98.38,97.46,98.74,96.7,2968419,21.71,21.51,21.79,21.34,2968419.0,-0.490000000000002,-0.0197
2012-06-26,24.61,24.71,24.32,24.44,NKE,2394991.0,0.9880763886644909,0.9880763886644909,97.76,98.45,98.86,97.3,2394991,21.58,21.73,21.82,21.47,2394991.0,0.25,0.0103
2012-06-27,24.53,24.9,24.38,24.73,NKE,2805589.0,0.9816137266940254,0.9816137266940254,98.93,98.11,99.61,97.5,2805589,21.83,21.65,21.98,21.52,2805589.0,-0.0799999999999983,-0.0033
2012-06-28,24.22,24.62,23.96,24.39,NKE,5979154.0,0.9565709115584708,0.9565709115584708,97.54,96.89,98.48,95.84,5979154,21.53,21.38,21.73,21.15,5979154.0,-0.3100000000000023,-0.0126
2012-06-29,21.95,22.63,21.27,21.96,NKE,21594494.0,0.7731928781465085,0.7731928781465085,87.84,87.78,90.5,85.1,21594494,19.39,19.37,19.97,18.78,21594494.0,-2.2699999999999996,-0.0937
2012-07-02,22.21,22.37,22.01,22.1,NKE,5876083.0,0.7941965295505219,0.7941965295505219,88.39,88.85,89.49,88.03,5876083,19.51,19.61,19.75,19.43,5876083.0,0.26000000000000156,0.0118
2012-07-03,22.62,22.65,22.06,22.34,NKE,3751773.0,0.8273176721491583,0.8273176721491583,89.37,90.48,90.6,88.25,3751773,19.72,19.97,20.0,19.48,3751773.0,0.41000000000000014,0.0185
2012-07-05,23.05,23.18,22.64,22.68,NKE,5564583.0,0.8620544802404111,0.8620544802404111,90.7,92.2,92.7,90.55,5564583,20.02,20.35,20.46,19.98,5564583.0,0.4299999999999997,0.019
2012-07-06,22.84,23.06,22.69,22.9,NKE,4055462.0,0.8450899925679387,0.8450899925679387,91.61,91.38,92.23,90.77,4055462,20.22,20.17,20.36,20.03,4055462.0,-0.21000000000000085,-0.0091
2012-07-09,22.57,22.93,22.5,22.8,NKE,3477616.0,0.8232785084176172,0.8232785084176172,91.21,90.28,91.7,90.0,3477616,20.13,19.92,20.24,19.86,3477616.0,-0.2699999999999996,-0.0118
2012-07-10,22.82,23.0,22.65,22.65,NKE,3632224.0,0.8434743270753223,0.8434743270753223,90.6,91.29,92.0,90.6,3632224,20.0,20.15,20.3,20.0,3632224.0,0.25,0.0111
2012-07-11,23.07,23.1,22.63,22.92,NKE,4348071.0,0.8636701457330275,0.8636701457330275,91.67,92.26,92.4,90.5,4348071,20.23,20.36,20.39,19.97,4348071.0,0.25,0.011
2012-07-12,22.95,23.06,22.55,22.98,NKE,3741886.0,0.853976152777329,0.853976152777329,91.92,91.82,92.23,90.21,3741886,20.29,20.26,20.36,19.91,3741886.0,-0.120000000000001,-0.0052
2012-07-13,23.49,23.57,23.01,23.07,NKE,2856873.0,0.8975991210779719,0.8975991210779719,92.26,93.97,94.29,92.04,2856873,20.36,20.74,20.81,20.31,2856873.0,0.5399999999999991,0.0235
2012-07-16,23.25,23.47,23.22,23.45,NKE,2921179.0,0.8782111351665751,0.8782111351665751,93.81,93.02,93.89,92.89,2921179,20.7,20.53,20.72,20.5,2921179.0,-0.23999999999999844,-0.0102
2012-07-17,23.19,23.36,22.98,23.12,NKE,2664964.0,0.873364138688726,0.873364138688726,92.48,92.76,93.43,91.91,2664964,20.41,20.47,20.62,20.28,2664964.0,-0.05999999999999872,-0.0026
2012-07-18,23.66,23.73,23.0,23.12,NKE,2740973.0,0.9113322777652115,0.9113322777652115,92.49,94.63,94.94,91.98,2740973,20.41,20.88,20.95,20.3,2740973.0,0.46999999999999886,0.0203
2012-07-19,23.82,24.0,23.53,23.8,NKE,2715276.0,0.9242576017061428,0.9242576017061428,95.2,95.26,95.98,94.11,2715276,21.01,21.02,21.18,20.77,2715276.0,0.16000000000000014,0.0068
2012-07-20,23.27,23.75,23.26,23.68,NKE,2994276.0,0.8798268006591915,0.8798268006591915,94.71,93.08,95.0,93.05,2994276,20.9,20.54,20.97,20.54,2994276.0,-0.5500000000000007,-0.0231
2012-07-23,23.21,23.32,22.84,23.01,NKE,2155035.0,0.8749798041813424,0.8749798041813424,92.05,92.85,93.26,91.34,2155035,20.32,20.49,20.58,20.16,2155035.0,-0.05999999999999872,-0.0026
2012-07-24,23.24,23.48,23.1,23.32,NKE,2076356.0,0.8774033024202668,0.8774033024202668,93.26,92.96,93.93,92.41,2076356,20.58,20.52,20.73,20.39,2076356.0,0.029999999999997584,0.0013
2012-07-25,23.38,23.56,23.27,23.39,NKE,2061194.0,0.8887129608685816,0.8887129608685816,93.54,93.51,94.25,93.1,2061194,20.64,20.64,20.8,20.55,2061194.0,0.14000000000000057,0.006
2012-07-26,24.14,24.22,23.57,23.62,NKE,3693021.0,0.9501082495880053,0.9501082495880053,94.49,96.58,96.89,94.29,3693021,20.85,21.32,21.38,20.81,3693021.0,0.7600000000000016,0.0325
2012-07-27,24.26,24.36,23.91,24.2,NKE,2604918.0,0.9598022425437038,0.9598022425437038,96.82,97.03,97.45,95.64,2604918,21.37,21.41,21.51,21.11,2604918.0,0.120000000000001,0.005
2012-07-30,23.96,24.44,23.87,24.23,NKE,2278217.0,0.9355672601544577,0.9355672601544577,96.93,95.85,97.75,95.49,2278217,21.39,21.15,21.57,21.07,2278217.0,-0.3000000000000007,-0.0124
2012-07-31,23.34,23.89,23.31,23.76,NKE,3267473.0,0.8854816298833489,0.8854816298833489,95.04,93.35,95.58,93.25,3267473,20.98,20.6,21.09,20.58,3267473.0,-0.620000000000001,-0.0259
2012-08-01,23.25,23.58,23.19,23.38,NKE,2398567.0,0.8782111351665751,0.8782111351665751,93.51,93.0,94.33,92.76,2398567,20.64,20.53,20.82,20.47,2398567.0,-0.08999999999999986,-0.0039
2012-08-02,23.14,23.25,22.76,23.0,NKE,2615482.0,0.8693249749571849,0.8693249749571849,91.98,92.54,92.99,91.04,2615482,20.3,20.42,20.52,20.09,2615482.0,-0.10999999999999943,-0.0047
2012-08-03,23.64,23.66,23.34,23.4,NKE,2249299.0,0.9097166122725951,0.9097166122725951,93.61,94.57,94.64,93.38,2249299,20.66,20.87,20.89,20.61,2249299.0,0.5,0.0216
2012-08-06,23.88,23.93,23.66,23.68,NKE,1580400.0,0.9291045981839919,0.9291045981839919,94.73,95.52,95.74,94.65,1580400,20.91,21.08,21.13,20.89,1580400.0,0.23999999999999844,0.0102
2012-08-07,24.04,24.3,23.91,23.91,NKE,2078257.0,0.9420299221249232,0.9420299221249232,95.65,96.17,97.19,95.65,2078257,21.11,21.22,21.45,21.11,2078257.0,0.16000000000000014,0.0067
2012-08-08,23.98,24.05,23.8,23.95,NKE,2068471.0,0.9371829256470741,0.9371829256470741,95.78,95.9,96.21,95.2,2068471,21.14,21.17,21.23,21.01,2068471.0,-0.05999999999999872,-0.0025
2012-08-09,23.77,23.99,23.73,23.91,NKE,2478550.0,0.9202184379746017,0.9202184379746017,95.63,95.06,95.97,94.92,2478550,21.11,20.98,21.18,20.95,2478550.0,-0.21000000000000085,-0.0088
2012-08-10,23.63,23.75,23.58,23.66,NKE,2320938.0,0.9089087795262868,0.9089087795262868,94.65,94.5,94.98,94.33,2320938,20.89,20.86,20.96,20.82,2320938.0,-0.14000000000000057,-0.0059
2012-08-13,23.96,23.98,23.46,23.58,NKE,1720066.0,0.9355672601544577,0.9355672601544577,94.31,95.85,95.91,93.86,1720066,20.81,21.15,21.17,20.71,1720066.0,0.33000000000000185,0.014
2012-08-14,23.73,24.03,23.68,24.03,NKE,2749701.0,0.9169871069893689,0.9169871069893689,96.12,94.91,96.14,94.7,2749701,21.21,20.95,21.22,20.9,2749701.0,-0.23000000000000043,-0.0096
2012-08-15,23.55,23.92,23.54,23.73,NKE,2616594.0,0.9024461175558213,0.9024461175558213,94.9,94.22,95.68,94.17,2616594,20.94,20.79,21.12,20.78,2616594.0,-0.17999999999999972,-0.0076
2012-08-16,23.7,23.85,23.36,23.55,NKE,3485689.0,0.9145636087504443,0.9145636087504443,94.21,94.78,95.39,93.43,3485689,20.79,20.92,21.05,20.62,3485689.0,0.14999999999999858,0.0064
2012-08-17,24.07,24.11,23.71,23.76,NKE,3073901.0,0.9444534203638479,0.9444534203638479,95.03,96.26,96.46,94.83,3073901,20.97,21.24,21.29,20.93,3073901.0,0.370000000000001,0.0156
2012-08-20,23.94,24.19,23.9,24.05,NKE,1860366.0,0.9339515946618413,0.9339515946618413,96.22,95.77,96.77,95.59,1860366,21.24,21.14,21.36,21.1,1860366.0,-0.129999999999999,-0.0054
2012-08-21,23.96,24.07,23.79,23.98,NKE,2138274.0,0.9355672601544577,0.9355672601544577,95.93,95.85,96.27,95.16,2138274,21.17,21.15,21.25,21.0,2138274.0,0.019999999999999574,0.0008
2012-08-22,23.94,24.0,23.8,23.95,NKE,1616630.0,0.9339515946618413,0.9339515946618413,95.78,95.77,95.98,95.19,1616630,21.14,21.14,21.18,21.01,1616630.0,-0.019999999999999574,-0.0008
2012-08-23,23.86,24.0,23.73,23.92,NKE,1690440.0,0.9274889326913756,0.9274889326913756,95.68,95.45,95.98,94.94,1690440,21.12,21.07,21.18,20.95,1690440.0,-0.08000000000000185,-0.0033
2012-08-24,24.21,24.28,23.86,23.86,NKE,2440934.0,0.9557630788121628,0.9557630788121628,95.44,96.86,97.13,95.44,2440934,21.06,21.38,21.44,21.06,2440934.0,0.3500000000000014,0.0147
2012-08-27,24.11,24.31,24.02,24.23,NKE,1730332.0,0.9476847513490806,0.9476847513490806,96.92,96.43,97.25,96.1,1730332,21.39,21.28,21.46,21.21,1730332.0,-0.10000000000000142,-0.0041
2012-08-28,24.72,24.82,23.96,24.05,NKE,4118375.0,0.996962548873881,0.996962548873881,96.21,98.87,99.29,95.85,4118375,21.23,21.82,21.91,21.15,4118375.0,0.6099999999999994,0.0253
2012-08-29,24.67,24.75,24.55,24.74,NKE,2366964.0,0.9929233851423402,0.9929233851423402,98.96,98.69,99.0,98.21,2366964,21.84,21.78,21.85,21.67,2366964.0,-0.04999999999999716,-0.002
2012-08-30,24.44,24.62,24.38,24.47,NKE,1755063.0,0.9743432319772515,0.9743432319772515,97.89,97.75,98.48,97.53,1755063,21.68,21.65,21.81,21.6,1755063.0,-0.23000000000000043,-0.0093
2012-08-31,24.34,24.63,24.24,24.52,NKE,2032297.0,0.9662649045141694,0.9662649045141694,98.07,97.36,98.52,96.95,2032297,21.72,21.57,21.82,21.47,2032297.0,-0.10000000000000142,-0.0041
2012-09-04,24.32,24.47,24.06,24.3,NKE,1897286.0,0.964649239021553,0.964649239021553,97.19,97.26,97.89,96.24,1897286,21.53,21.54,21.68,21.32,1897286.0,-0.019999999999999574,-0.0008
2012-09-05,24.34,24.45,24.24,24.38,NKE,1572000.0,0.9662649045141694,0.9662649045141694,97.52,97.35,97.78,96.97,1572000,21.6,21.56,21.66,21.48,1572000.0,0.019999999999999574,0.0008
2012-09-06,24.86,24.89,24.37,24.44,NKE,2272637.0,1.008272207322196,1.008272207322196,97.75,99.46,99.55,97.47,2272637,21.65,22.03,22.05,21.59,2272637.0,0.5199999999999996,0.0214
2012-09-07,24.82,24.94,24.72,24.83,NKE,1747877.0,1.0050408763369632,1.0050408763369632,99.32,99.29,99.75,98.88,1747877,22.0,21.99,22.09,21.9,1747877.0,-0.03999999999999915,-0.0016
2012-09-10,25.01,25.23,24.76,24.81,NKE,2169590.0,1.0203896985168193,1.0203896985168193,99.25,100.04,100.9,99.03,2169590,21.98,22.16,22.35,21.94,2169590.0,0.19000000000000128,0.0077
2012-09-11,24.92,25.05,24.78,24.86,NKE,2460001.0,1.0131192038000454,1.0131192038000454,99.43,99.68,100.19,99.11,2460001,22.02,22.08,22.19,21.95,2460001.0,-0.08999999999999986,-0.0036
2012-09-12,25.21,25.23,24.85,24.96,NKE,2299455.0,1.0365463534429833,1.0365463534429833,99.84,100.84,100.92,99.4,2299455,22.11,22.34,22.35,22.02,2299455.0,0.28999999999999915,0.0116
2012-09-13,24.8,24.95,24.57,24.84,NKE,4331407.0,1.0034252108443469,1.0034252108443469,99.35,99.2,99.8,98.27,4331407,22.01,21.97,22.11,21.77,4331407.0,-0.41000000000000014,-0.0163
2012-09-14,24.16,24.77,23.97,24.73,NKE,5723091.0,0.9517239150806217,0.9517239150806217,98.92,96.64,99.1,95.89,5723091,21.91,21.41,21.95,21.24,5723091.0,-0.6400000000000006,-0.0258
2012-09-17,24.49,24.52,24.02,24.08,NKE,2344718.0,0.9783823957087924,0.9783823957087924,96.32,97.97,98.06,96.08,2344718,21.33,21.7,21.72,21.28,2344718.0,0.3299999999999983,0.0137
2012-09-18,24.43,24.56,24.27,24.43,NKE,3400271.0,0.9735353992309432,0.9735353992309432,97.7,97.72,98.25,97.07,3400271,21.64,21.64,21.76,21.5,3400271.0,-0.05999999999999872,-0.0024
2012-09-19,24.41,25.13,24.4,25.06,NKE,4667985.0,0.9719197337383269,0.9719197337383269,100.23,97.66,100.5,97.6,4667985,22.2,21.63,22.26,21.62,4667985.0,-0.019999999999999574,-0.0008
2012-09-20,24.18,24.6,24.09,24.6,NKE,3213067.0,0.9533395805732381,0.9533395805732381,98.4,96.72,98.4,96.38,3213067,21.8,21.42,21.8,21.35,3213067.0,-0.23000000000000043,-0.0094
2012-09-21,24.13,24.39,24.05,24.39,NKE,3416817.0,0.949300416841697,0.949300416841697,97.54,96.52,97.54,96.2,3416817,21.61,21.38,21.61,21.31,3416817.0,-0.05000000000000071,-0.0021
2012-09-24,23.83,24.09,23.5,23.9,NKE,2956181.0,0.9250654344524508,0.9250654344524508,95.6,95.32,96.35,94.0,2956181,21.18,21.11,21.34,20.82,2956181.0,-0.3000000000000007,-0.0124
2012-09-25,23.77,24.09,23.75,23.8,NKE,3998158.0,0.9202184379746017,0.9202184379746017,95.19,95.08,96.35,95.0,3998158,21.08,21.06,21.34,21.04,3998158.0,-0.05999999999999872,-0.0025
2012-09-26,23.87,24.05,23.58,23.74,NKE,2966431.0,0.9282967654376839,0.9282967654376839,94.96,95.49,96.21,94.33,2966431,21.03,21.15,21.31,20.89,2966431.0,0.10000000000000142,0.0042
2012-09-27,24.0,24.16,23.66,23.95,NKE,4849443.0,0.9387985911396904,0.9387985911396904,95.8,96.0,96.64,94.65,4849443,21.22,21.26,21.41,20.96,4849443.0,0.129999999999999,0.0054
2012-09-28,23.73,24.05,23.2,23.27,NKE,6839059.0,0.9169871069893689,0.9169871069893689,93.06,94.91,96.18,92.79,6839059,20.61,21.02,21.3,20.55,6839059.0,-0.2699999999999996,-0.0112
2012-10-01,23.89,24.05,23.66,23.73,NKE,2769047.0,0.9299124309303002,0.9299124309303002,94.91,95.55,96.2,94.62,2769047,21.02,21.16,21.31,20.96,2769047.0,0.16000000000000014,0.0067
2012-10-02,23.74,24.05,23.64,24.02,NKE,2826384.0,0.9177949397356769,0.9177949397356769,96.06,94.95,96.2,94.58,2826384,21.28,21.03,21.31,20.95,2826384.0,-0.15000000000000213,-0.0063
2012-10-03,23.45,23.89,23.41,23.73,NKE,3692795.0,0.8943677900927391,0.8943677900927391,94.91,93.8,95.54,93.62,3692795,21.02,20.78,21.16,20.74,3692795.0,-0.28999999999999915,-0.0122
2012-10-04,23.97,23.99,23.5,23.58,NKE,3265555.0,0.9363750929007657,0.9363750929007657,94.33,95.89,95.96,94.0,3265555,20.89,21.24,21.26,20.82,3265555.0,0.5199999999999996,0.0222
2012-10-05,23.8,24.13,23.71,24.04,NKE,2311714.0,0.9226419362135264,0.9226419362135264,96.14,95.22,96.53,94.86,2311714,21.3,21.09,21.38,21.01,2311714.0,-0.16999999999999815,-0.0071
2012-10-08,23.75,23.95,23.69,23.75,NKE,1409426.0,0.9186027724819853,0.9186027724819853,95.01,94.99,95.79,94.75,1409426,21.04,21.04,21.22,20.99,1409426.0,-0.05000000000000071,-0.0021
2012-10-09,23.62,23.92,23.6,23.73,NKE,2444652.0,0.9081009467799788,0.9081009467799788,94.91,94.48,95.69,94.4,2444652,21.02,20.93,21.2,20.91,2444652.0,-0.129999999999999,-0.0055
2012-10-10,23.55,23.86,23.54,23.71,NKE,1802167.0,0.9024461175558213,0.9024461175558213,94.86,94.22,95.46,94.15,1802167,21.01,20.87,21.14,20.85,1802167.0,-0.07000000000000028,-0.003
2012-10-11,23.73,23.87,23.63,23.66,NKE,1984318.0,0.9169871069893689,0.9169871069893689,94.62,94.9,95.47,94.53,1984318,20.96,21.02,21.15,20.94,1984318.0,0.17999999999999972,0.0076
2012-10-12,23.61,23.86,23.58,23.76,NKE,1634235.0,0.9072931140336704,0.9072931140336704,95.04,94.42,95.46,94.33,1634235,21.05,20.91,21.14,20.89,1634235.0,-0.120000000000001,-0.0051
2012-10-15,23.9,23.95,23.59,23.67,NKE,1881923.0,0.9307202636766083,0.9307202636766083,94.67,95.61,95.82,94.38,1881923,20.97,21.18,21.22,20.91,1881923.0,0.28999999999999915,0.0123
2012-10-16,24.31,24.4,24.04,24.07,NKE,2502939.0,0.9638414062752446,0.9638414062752446,96.28,97.24,97.61,96.14,2502939,21.33,21.54,21.62,21.3,2502939.0,0.41000000000000014,0.0172
2012-10-17,24.39,24.5,24.23,24.23,NKE,1781445.0,0.9703040682457105,0.9703040682457105,96.91,97.57,98.0,96.91,1781445,21.47,21.61,21.71,21.47,1781445.0,0.08000000000000185,0.0033
2012-10-18,24.39,24.52,24.25,24.43,NKE,1949387.0,0.9703040682457105,0.9703040682457105,97.7,97.57,98.07,97.02,1949387,21.64,21.61,21.72,21.49,1949387.0,0.0,0.0
2012-10-19,24.11,24.52,24.02,24.39,NKE,2335296.0,0.9476847513490806,0.9476847513490806,97.54,96.45,98.1,96.1,2335296,21.61,21.36,21.73,21.29,2335296.0,-0.28000000000000114,-0.0115
2012-10-22,23.62,24.09,23.45,23.86,NKE,2248127.0,0.9081009467799788,0.9081009467799788,95.42,94.48,96.35,93.82,2248127,21.14,20.93,21.34,20.78,2248127.0,-0.48999999999999844,-0.0203
2012-10-23,23.2,23.56,23.19,23.46,NKE,2346088.0,0.874171971435034,0.874171971435034,93.84,92.82,94.25,92.75,2346088,20.79,20.56,20.88,20.54,2346088.0,-0.4200000000000017,-0.0178
2012-10-24,23.22,23.45,23.11,23.43,NKE,2486831.0,0.8757876369276504,0.8757876369276504,93.74,92.89,93.81,92.46,2486831,20.76,20.58,20.78,20.48,2486831.0,0.019999999999999574,0.0009
2012-10-25,22.83,23.38,22.78,23.26,NKE,2504857.0,0.8442821598216304,0.8442821598216304,93.05,91.31,93.5,91.13,2504857,20.61,20.23,20.71,20.19,2504857.0,-0.39000000000000057,-0.0168
2012-10-26,22.79,22.84,22.58,22.77,NKE,3110975.0,0.8410508288363976,0.8410508288363976,91.08,91.15,91.35,90.32,3110975,20.17,20.19,20.23,20.01,3110975.0,-0.03999999999999915,-0.0018
2012-10-30,22.7875,22.8375,22.58,22.77,NKE,12443900.0,0.8408488706498207,0.8408488706498207,91.08,91.15,91.35,90.32,3110975,20.0764,20.0918,20.1359,19.9088,12443900.0,-0.0024999999999977263,-0.0001
2012-10-31,22.84,22.95,22.7,22.76,NKE,2281584.0,0.8450899925679387,0.8450899925679387,91.05,91.38,91.79,90.78,2281584,20.17,20.24,20.33,20.11,2281584.0,0.05249999999999844,0.0023
2012-11-01,23.84,23.9,22.98,22.98,NKE,3563695.0,0.9258732671987592,0.9258732671987592,91.9,95.35,95.6,91.9,3563695,20.36,21.12,21.18,20.36,3563695.0,1.0,0.0438
2012-11-02,23.64,24.18,23.62,23.93,NKE,1816075.0,0.9097166122725951,0.9097166122725951,95.7,94.54,96.74,94.49,1816075,21.2,20.94,21.43,20.93,1816075.0,-0.1999999999999993,-0.0084
2012-11-05,23.82,23.87,23.59,23.64,NKE,1468112.0,0.9242576017061428,0.9242576017061428,94.55,95.26,95.48,94.35,1468112,20.94,21.1,21.15,20.9,1468112.0,0.17999999999999972,0.0076
2012-11-06,24.03,24.03,23.69,23.81,NKE,1956112.0,0.9412220893786152,0.9412220893786152,95.25,96.13,96.13,94.75,1956112,21.1,21.29,21.29,20.99,1956112.0,0.21000000000000085,0.0088
2012-11-07,23.66,23.97,23.66,23.93,NKE,1916048.0,0.9113322777652115,0.9113322777652115,95.72,94.65,95.88,94.62,1916048,21.2,20.96,21.24,20.96,1916048.0,-0.370000000000001,-0.0154
2012-11-08,22.96,23.65,22.96,23.61,NKE,2612540.0,0.8547839855236372,0.8547839855236372,94.45,91.86,94.6,91.86,2612540,20.92,20.35,20.95,20.35,2612540.0,-0.6999999999999993,-0.0296
2012-11-09,23.08,23.25,22.92,22.92,NKE,1937135.0,0.8644779784793355,0.8644779784793355,91.69,92.31,93.0,91.68,1937135,20.31,20.45,20.6,20.31,1937135.0,0.11999999999999744,0.0052
2012-11-12,23.07,23.3,23.0,23.13,NKE,1494755.0,0.8636701457330275,0.8636701457330275,92.5,92.29,93.2,91.98,1494755,20.49,20.44,20.64,20.37,1494755.0,-0.00999999999999801,-0.0004
2012-11-13,22.87,23.16,22.76,22.79,NKE,1811424.0,0.8475134908068634,0.8475134908068634,91.17,91.47,92.66,91.03,1811424,20.19,20.26,20.52,20.16,1811424.0,-0.1999999999999993,-0.0087
2012-11-14,22.65,22.99,22.41,22.99,NKE,3255385.0,0.8297411703880827,0.8297411703880827,91.96,90.6,91.96,89.65,3255385,20.37,20.07,20.37,19.86,3255385.0,-0.22000000000000242,-0.0096
2012-11-15,22.71,22.8,22.52,22.57,NKE,1942061.0,0.8345881668659322,0.8345881668659322,90.29,90.83,91.22,90.07,1942061,20.0,20.12,20.21,19.95,1942061.0,0.060000000000002274,0.0026
2012-11-16,23.15,23.19,22.85,22.96,NKE,2997576.0,0.870132807703493,0.870132807703493,91.84,92.59,92.75,91.4,2997576,20.34,20.51,20.54,20.25,2997576.0,0.4399999999999977,0.0194
2012-11-19,24.08,24.09,23.36,23.37,NKE,2615515.0,0.945261253110156,0.945261253110156,93.49,96.32,96.34,93.46,2615515,20.71,21.33,21.34,20.7,2615515.0,0.9299999999999997,0.0402
2012-11-20,23.9,24.13,23.82,24.08,NKE,2275756.0,0.9307202636766083,0.9307202636766083,96.32,95.61,96.52,95.27,2275756,21.33,21.18,21.38,21.1,2275756.0,-0.17999999999999972,-0.0075
2012-11-21,23.9,23.96,23.74,23.89,NKE,1840850.0,0.9307202636766083,0.9307202636766083,95.56,95.6,95.83,94.96,1840850,21.17,21.18,21.23,21.03,1840850.0,0.0,0.0
2012-11-23,24.19,24.19,23.97,24.0,NKE,838021.0,0.9541474133195464,0.9541474133195464,96.0,96.75,96.76,95.88,838021,21.26,21.43,21.43,21.24,838021.0,0.2900000000000027,0.0121
2012-11-26,24.41,24.42,23.84,23.87,NKE,3013504.0,0.9719197337383269,0.9719197337383269,95.48,97.66,97.68,95.38,3013504,21.15,21.63,21.64,21.13,3013504.0,0.21999999999999886,0.0091
2012-11-27,24.25,24.5,24.01,24.01,NKE,2134207.0,0.9589944097973956,0.9589944097973956,96.05,97.01,98.0,96.05,2134207,21.28,21.49,21.71,21.28,2134207.0,-0.16000000000000014,-0.0066
2012-11-28,24.78,24.79,24.15,24.15,NKE,2153483.0,1.0018095453517304,1.0018095453517304,96.6,99.13,99.16,96.6,2153483,21.4,21.96,21.96,21.4,2153483.0,0.5300000000000011,0.0219
2012-11-29,24.74,25.08,24.7,24.89,NKE,2435963.0,0.9985782143664974,0.9985782143664974,99.58,98.97,100.33,98.8,2435963,22.06,21.92,22.22,21.88,2435963.0,-0.0400000000000027,-0.0016
2012-11-30,24.37,24.63,24.23,24.61,NKE,3168972.0,0.9686884027530941,0.9686884027530941,98.46,97.48,98.52,96.91,3168972,21.81,21.59,21.82,21.47,3168972.0,-0.36999999999999744,-0.015
2012-12-03,24.39,24.73,24.27,24.41,NKE,2171975.0,0.9703040682457105,0.9703040682457105,97.66,97.56,98.91,97.09,2171975,21.63,21.61,21.91,21.51,2171975.0,0.019999999999999574,0.0008
2012-12-04,24.42,24.59,24.31,24.41,NKE,1757034.0,0.9727275664846352,0.9727275664846352,97.63,97.67,98.38,97.23,1757034,21.63,21.63,21.79,21.54,1757034.0,0.030000000000001137,0.0012
2012-12-05,24.42,24.52,24.15,24.48,NKE,1699569.0,0.9727275664846352,0.9727275664846352,97.92,97.68,98.08,96.61,1699569,21.69,21.64,21.72,21.4,1699569.0,0.0,0.0
2012-12-06,24.61,24.67,24.31,24.37,NKE,10257532.0,0.9880763886644909,0.9880763886644909,97.47,98.42,98.68,97.23,2277172,21.64,21.85,21.91,21.59,10257532.0,0.18999999999999773,0.0078
2012-12-07,24.65,24.75,24.43,24.73,NKE,8353342.0,0.9913077196497236,0.9913077196497236,98.91,98.59,98.99,97.73,1854442,21.96,21.89,21.98,21.7,8353342.0,0.03999999999999915,0.0016
2012-12-10,24.52,24.83,24.5,24.67,NKE,8194221.0,0.980805893947717,0.980805893947717,98.67,98.08,99.31,97.98,1819117,21.9,21.77,22.05,21.75,8194221.0,-0.129999999999999,-0.0053
2012-12-11,24.85,24.88,24.46,24.5,NKE,10399360.0,1.007464374575888,1.007464374575888,98.0,99.41,99.5,97.84,2308658,21.76,22.07,22.09,21.72,10399360.0,0.33000000000000185,0.0135
2012-12-12,24.8,25.0,24.65,24.85,NKE,12000482.0,1.0034252108443469,1.0034252108443469,99.4,99.2,100.0,98.6,2664107,22.07,22.02,22.2,21.89,12000482.0,-0.05000000000000071,-0.002
2012-12-13,24.33,24.89,24.26,24.77,NKE,8385541.0,0.965457071767861,0.965457071767861,99.09,97.33,99.57,97.04,1861590,22.0,21.61,22.1,21.54,8385541.0,-0.4700000000000024,-0.019
2012-12-14,24.23,24.47,24.21,24.28,NKE,9754095.0,0.9573787443047792,0.9573787443047792,97.13,96.91,97.89,96.85,2165409,21.56,21.51,21.73,21.5,9754095.0,-0.09999999999999787,-0.0041
2012-12-17,24.5,24.52,24.2,24.3,NKE,9438541.0,0.9791902284551006,0.9791902284551006,97.21,97.99,98.09,96.8,2095356,21.58,21.75,21.78,21.49,9438541.0,0.2699999999999996,0.0111
2012-12-18,24.73,24.75,24.43,24.52,NKE,8866369.0,0.9977703816201894,0.9977703816201894,98.07,98.92,98.98,97.73,1968334,21.77,21.96,21.97,21.7,8866369.0,0.23000000000000043,0.0094
2012-12-19,24.45,24.8,24.44,24.73,NKE,8872928.0,0.9751510647235596,0.9751510647235596,98.92,97.78,99.2,97.77,1969790,21.96,21.71,22.02,21.7,8872928.0,-0.28000000000000114,-0.0113
2012-12-20,24.75,24.76,24.3,24.53,NKE,13513514.0,0.9993860471128058,0.9993860471128058,98.12,99.0,99.05,97.21,3000000,21.78,21.98,21.99,21.58,13513514.0,0.3000000000000007,0.0123
2012-12-21,26.27,26.37,25.29,25.63,NKE,31435405.0,1.1221766245516527,1.1221766245516527,102.5,105.1,105.48,101.16,6978660,22.75,23.33,23.42,22.46,31435405.0,1.5199999999999996,0.0614
2012-12-24,26.4,26.56,26.09,26.14,NKE,6756212.0,1.1326784502536593,1.1326784502536593,104.56,105.6,106.23,104.36,1499879,23.21,23.44,23.58,23.17,6756212.0,0.129999999999999,0.0049
2012-12-26,25.66,26.25,25.59,26.02,NKE,4045474.0,1.0728988270268525,1.0728988270268525,52.05,51.33,52.5,51.19,4045474,23.11,22.79,23.31,22.73,4045474.0,-0.7399999999999984,-0.028
2012-12-27,25.88,25.97,25.46,25.61,NKE,3925122.0,1.0906711474456328,1.0906711474456328,51.22,51.76,51.94,50.93,3925122,22.74,22.98,23.06,22.61,3925122.0,0.21999999999999886,0.0086
2012-12-28,25.5,25.86,25.5,25.73,NKE,3216151.0,1.059973503085921,1.059973503085921,51.45,50.99,51.72,50.99,3216151,22.84,22.64,22.96,22.64,3216151.0,-0.379999999999999,-0.0147
2012-12-31,25.8,25.82,25.3,25.41,NKE,3403616.0,1.0842084854751672,1.0842084854751672,50.83,51.6,51.64,50.59,3403616,22.57,22.91,22.93,22.46,3403616.0,0.3000000000000007,0.0118
2013-01-02,25.92,26.24,25.7,26.2,NKE,3756567.0,1.0939024784308657,1.0939024784308657,52.4,51.84,52.48,51.4,3756567,23.27,23.02,23.3,22.82,3756567.0,0.120000000000001,0.0047
2013-01-03,26.18,26.3,25.89,25.98,NKE,3616908.0,1.114906129834879,1.114906129834879,51.95,52.37,52.6,51.78,3616908,23.07,23.25,23.35,22.99,3616908.0,0.259999999999998,0.01
2013-01-04,26.44,26.52,26.23,26.25,NKE,3396979.0,1.1359097812388923,1.1359097812388923,52.5,52.88,53.04,52.47,3396979,23.31,23.48,23.55,23.3,3396979.0,0.26000000000000156,0.0099
2013-01-07,26.48,26.54,26.27,26.39,NKE,3244654.0,1.139141112224125,1.139141112224125,52.79,52.96,53.08,52.53,3244654,23.44,23.51,23.57,23.32,3244654.0,0.03999999999999915,0.0015
2013-01-08,26.2,26.47,26.09,26.36,NKE,3357072.0,1.1165217953274953,1.1165217953274953,52.72,52.4,52.94,52.19,3357072,23.41,23.27,23.51,23.17,3357072.0,-0.28000000000000114,-0.0106
2013-01-09,26.23,26.37,26.16,26.29,NKE,2765137.0,1.1189452935664201,1.1189452935664201,52.57,52.45,52.74,52.31,2765137,23.34,23.29,23.42,23.23,2765137.0,0.030000000000001137,0.0011
2013-01-10,26.27,26.44,26.09,26.32,NKE,3852890.0,1.1221766245516527,1.1221766245516527,52.63,52.55,52.88,52.17,3852890,23.37,23.33,23.48,23.16,3852890.0,0.03999999999999915,0.0015
2013-01-11,26.55,26.71,26.16,26.33,NKE,4895446.0,1.1447959414482827,1.1447959414482827,52.66,53.1,53.42,52.31,4895446,23.38,23.58,23.72,23.23,4895446.0,0.28000000000000114,0.0107
2013-01-14,26.59,26.74,26.5,26.59,NKE,2802088.0,1.1480272724335154,1.1480272724335154,53.19,53.19,53.48,53.01,2802088,23.62,23.62,23.75,23.54,2802088.0,0.03999999999999915,0.0015
2013-01-15,26.82,26.88,26.45,26.52,NKE,3253743.0,1.166607425598604,1.166607425598604,53.04,53.64,53.75,52.89,3253743,23.55,23.82,23.86,23.48,3253743.0,0.23000000000000043,0.0086
2013-01-16,26.86,27.0,26.62,26.76,NKE,2650028.0,1.1698387565838368,1.1698387565838368,53.52,53.73,54.0,53.24,2650028,23.76,23.86,23.98,23.64,2650028.0,0.03999999999999915,0.0015
2013-01-17,26.74,26.98,26.66,26.89,NKE,2432424.0,1.1601447636281383,1.1601447636281383,53.79,53.48,53.97,53.31,2432424,23.88,23.75,23.96,23.67,2432424.0,-0.120000000000001,-0.0045
2013-01-18,26.64,26.79,26.49,26.73,NKE,3073436.0,1.1520664361650563,1.1520664361650563,53.47,53.29,53.57,52.98,3073436,23.74,23.66,23.79,23.52,3073436.0,-0.09999999999999787,-0.0037
2013-01-21,26.64,26.79,26.49,26.73,NKE,3073436.0,1.1520664361650563,1.1520664361650563,53.47,53.29,53.57,52.98,3073436,23.74,23.66,23.79,23.52,3073436.0,0.0,0.0
2013-01-22,26.74,26.75,26.52,26.71,NKE,3103771.0,1.1601447636281383,1.1601447636281383,53.42,53.48,53.51,53.05,3103771,23.72,23.75,23.76,23.55,3103771.0,0.09999999999999787,0.0038
2013-01-23,26.55,26.68,26.41,26.57,NKE,3389568.0,1.1447959414482827,1.1447959414482827,53.14,53.09,53.35,52.81,3389568,23.59,23.57,23.69,23.45,3389568.0,-0.18999999999999773,-0.0071
2013-01-24,26.93,26.94,26.58,26.59,NKE,3410166.0,1.1754935858079942,1.1754935858079942,53.19,53.86,53.88,53.16,3410166,23.62,23.91,23.92,23.6,3410166.0,0.379999999999999,0.0143
2013-01-25,27.77,27.79,27.0,27.06,NKE,6271824.0,1.2433515364978835,1.2433515364978835,54.13,55.55,55.57,53.99,6271824,24.03,24.66,24.67,23.97,6271824.0,0.8399999999999999,0.0312
2013-01-28,27.25,27.76,27.16,27.7,NKE,4019080.0,1.2013442336898568,1.2013442336898568,55.4,54.5,55.52,54.32,4019080,24.6,24.2,24.65,24.12,4019080.0,-0.5199999999999996,-0.0187
2013-01-29,26.96,27.23,26.94,27.2,NKE,3607392.0,1.177917084046919,1.177917084046919,54.39,53.92,54.46,53.88,3607392,24.15,23.94,24.18,23.92,3607392.0,-0.28999999999999915,-0.0106
2013-01-30,26.8,27.08,26.78,26.98,NKE,3171650.0,1.1649917601059878,1.1649917601059878,53.97,53.61,54.16,53.56,3171650,23.96,23.8,24.05,23.78,3171650.0,-0.16000000000000014,-0.0059
2013-01-31,27.02,27.14,26.72,26.81,NKE,4573072.0,1.1827640805247681,1.1827640805247681,53.62,54.05,54.28,53.44,4573072,23.81,24.0,24.1,23.73,4573072.0,0.21999999999999886,0.0082
2013-02-01,26.85,27.36,26.8,27.23,NKE,3387255.0,1.1690309238375287,1.1690309238375287,54.46,53.7,54.72,53.6,3387255,24.18,23.84,24.3,23.8,3387255.0,-0.16999999999999815,-0.0063
2013-02-04,26.83,27.13,26.75,26.8,NKE,2537869.0,1.1674152583449122,1.1674152583449122,53.59,53.66,54.26,53.5,2537869,23.79,23.83,24.09,23.75,2537869.0,-0.020000000000003126,-0.0007
2013-02-05,26.95,27.16,26.93,26.97,NKE,2263601.0,1.1771092513006107,1.1771092513006107,53.94,53.89,54.31,53.86,2263601,23.95,23.93,24.11,23.91,2263601.0,0.120000000000001,0.0045
2013-02-06,27.08,27.18,26.75,26.84,NKE,2648456.0,1.1876110770026171,1.1876110770026171,53.68,54.16,54.37,53.5,2648456,23.83,24.05,24.14,23.75,2648456.0,0.129999999999999,0.0048
2013-02-07,27.34,27.36,27.04,27.11,NKE,2786475.0,1.2086147284066306,1.2086147284066306,54.23,54.68,54.72,54.07,2786475,24.08,24.28,24.3,24.01,2786475.0,0.26000000000000156,0.0096
2013-02-08,27.3,27.59,27.24,27.29,NKE,2550367.0,1.2053833974213979,1.2053833974213979,54.57,54.59,55.19,54.48,2550367,24.23,24.24,24.5,24.19,2550367.0,-0.03999999999999915,-0.0015
2013-02-11,27.61,27.95,27.36,27.64,NKE,4458295.0,1.230426212556952,1.230426212556952,55.28,55.22,55.9,54.73,4458295,24.54,24.52,24.82,24.3,4458295.0,0.3099999999999987,0.0114
2013-02-12,27.55,27.61,27.39,27.45,NKE,1933254.0,1.225579216079103,1.225579216079103,54.9,55.09,55.21,54.79,1933254,24.38,24.46,24.51,24.33,1933254.0,-0.05999999999999872,-0.0022
2013-02-13,27.28,27.68,27.2,27.52,NKE,3027063.0,1.2037677319287816,1.2037677319287816,55.03,54.56,55.37,54.41,3027063,24.43,24.22,24.58,24.16,3027063.0,-0.2699999999999996,-0.0098
2013-02-14,27.31,27.5,27.16,27.29,NKE,3082013.0,1.206191230167706,1.206191230167706,54.57,54.62,54.99,54.32,3082013,24.23,24.25,24.42,24.12,3082013.0,0.029999999999997584,0.0011
2013-02-15,27.48,27.57,27.26,27.34,NKE,3530063.0,1.2199243868549456,1.2199243868549456,54.69,54.95,55.14,54.52,3530063,24.28,24.4,24.48,24.21,3530063.0,0.1700000000000017,0.0062
2013-02-18,27.48,27.57,27.26,27.34,NKE,3530063.0,1.2199243868549456,1.2199243868549456,54.69,54.95,55.14,54.52,3530063,24.28,24.4,24.48,24.21,3530063.0,0.0,0.0
2013-02-19,27.23,27.58,27.14,27.45,NKE,4256657.0,1.1997285681972405,1.1997285681972405,54.89,54.47,55.16,54.29,4256657,24.37,24.18,24.49,24.1,4256657.0,-0.25,-0.0091
2013-02-20,27.01,27.33,27.0,27.2,NKE,3793667.0,1.18195624777846,1.18195624777846,54.4,54.02,54.66,53.99,3793667,24.15,23.98,24.27,23.97,3793667.0,-0.21999999999999886,-0.0081
2013-02-21,27.27,27.52,27.06,27.41,NKE,4679576.0,1.2029598991824733,1.2029598991824733,54.83,54.54,55.04,54.12,4679576,24.34,24.22,24.44,24.03,4679576.0,0.259999999999998,0.0096
2013-02-22,27.23,27.44,27.0,27.3,NKE,2927414.0,1.1997285681972405,1.1997285681972405,54.6,54.47,54.88,54.0,2927414,24.24,24.18,24.37,23.98,2927414.0,-0.03999999999999915,-0.0015
2013-02-25,27.02,27.5,27.02,27.27,NKE,4283986.0,1.1827640805247681,1.1827640805247681,54.54,54.04,54.99,54.04,4283986,24.22,23.99,24.42,23.99,4283986.0,-0.21000000000000085,-0.0077
2013-02-26,27.14,27.37,26.97,27.2,NKE,3042568.0,1.1924580734804666,1.1924580734804666,54.41,54.27,54.74,53.94,3042568,24.16,24.1,24.3,23.95,3042568.0,0.120000000000001,0.0044
2013-02-27,27.17,27.26,26.98,27.08,NKE,3134691.0,1.1948815717193912,1.1948815717193912,54.16,54.34,54.52,53.96,3134691,24.05,24.13,24.2,23.96,3134691.0,0.030000000000001137,0.0011
2013-02-28,27.23,27.36,27.0,27.13,NKE,3356745.0,1.1997285681972405,1.1997285681972405,54.26,54.46,54.72,54.0,3356745,24.19,24.28,24.39,24.07,3356745.0,0.05999999999999872,0.0022
2013-03-01,27.41,27.41,27.09,27.21,NKE,4027475.0,1.214269557630788,1.214269557630788,54.42,54.82,54.83,54.18,4027475,24.26,24.44,24.44,24.15,4027475.0,0.17999999999999972,0.0066
2013-03-04,27.36,27.45,27.2,27.27,NKE,2647366.0,1.2102303938992471,1.2102303938992471,54.55,54.73,54.9,54.41,2647366,24.32,24.4,24.47,24.26,2647366.0,-0.05000000000000071,-0.0018
2013-03-05,27.45,27.5,27.26,27.45,NKE,4052210.0,1.2175008886160208,1.2175008886160208,54.9,54.9,55.0,54.52,4052210,24.47,24.47,24.52,24.31,4052210.0,0.08999999999999986,0.0033
2013-03-06,27.65,27.8,27.35,27.48,NKE,2905948.0,1.2336575435421848,1.2336575435421848,54.96,55.3,55.61,54.7,2905948,24.5,24.65,24.79,24.39,2905948.0,0.1999999999999993,0.0073
2013-03-07,27.61,27.82,27.57,27.7,NKE,2842525.0,1.230426212556952,1.230426212556952,55.4,55.22,55.65,55.14,2842525,24.7,24.62,24.81,24.58,2842525.0,-0.03999999999999915,-0.0014
2013-03-08,27.34,27.61,27.25,27.56,NKE,4008691.0,1.2086147284066306,1.2086147284066306,55.12,54.69,55.23,54.5,4008691,24.57,24.38,24.62,24.3,4008691.0,-0.2699999999999996,-0.0098
2013-03-11,27.27,27.32,27.08,27.29,NKE,3377362.0,1.2029598991824733,1.2029598991824733,54.57,54.53,54.64,54.16,3377362,24.33,24.31,24.36,24.14,3377362.0,-0.07000000000000028,-0.0026
2013-03-12,26.75,27.09,26.64,26.85,NKE,6172232.0,1.1609525963744467,1.1609525963744467,53.7,53.49,54.17,53.27,6172232,23.94,23.85,24.15,23.75,6172232.0,-0.5199999999999996,-0.0191
2013-03-13,27.43,27.5,26.8,26.8,NKE,4092808.0,1.2158852231234045,1.2158852231234045,53.61,54.85,54.99,53.6,4092808,23.9,24.45,24.51,23.89,4092808.0,0.6799999999999997,0.0254
2013-03-14,27.34,27.45,27.17,27.42,NKE,3459117.0,1.2086147284066306,1.2086147284066306,54.84,54.69,54.9,54.34,3459117,24.45,24.38,24.47,24.22,3459117.0,-0.08999999999999986,-0.0033
2013-03-15,27.39,27.43,27.14,27.34,NKE,4065971.0,1.2126538921381718,1.2126538921381718,54.67,54.78,54.85,54.28,4065971,24.37,24.42,24.45,24.2,4065971.0,0.05000000000000071,0.0018
2013-03-18,27.08,27.33,27.04,27.21,NKE,2540506.0,1.1876110770026171,1.1876110770026171,54.43,54.16,54.66,54.08,2540506,24.26,24.14,24.37,24.11,2540506.0,-0.3100000000000023,-0.0113
2013-03-19,26.91,27.22,26.77,27.14,NKE,3314174.0,1.173877920315378,1.173877920315378,54.29,53.83,54.44,53.54,3314174,24.2,24.0,24.27,23.87,3314174.0,-0.16999999999999815,-0.0063
2013-03-20,27.41,27.44,27.03,27.04,NKE,3972403.0,1.214269557630788,1.214269557630788,54.07,54.83,54.88,54.06,3972403,24.1,24.44,24.47,24.1,3972403.0,0.5,0.0186
2013-03-21,26.8,27.36,26.77,27.23,NKE,7948054.0,1.1649917601059878,1.1649917601059878,54.46,53.6,54.73,53.53,7948054,24.28,23.89,24.4,23.86,7948054.0,-0.6099999999999994,-0.0223
2013-03-22,29.77,30.13,28.93,29.0,NKE,19332720.0,1.4049180857595243,1.4049180857595243,58.0,59.53,60.25,57.87,19332720,25.86,26.54,26.86,25.8,19332720.0,2.969999999999999,0.1108
2013-03-25,29.78,29.99,29.52,29.7,NKE,6658609.0,1.4057259185058328,1.4057259185058328,59.39,59.56,59.98,59.03,6658609,26.48,26.55,26.74,26.32,6658609.0,0.010000000000001563,0.0003
2013-03-26,29.73,29.81,29.45,29.68,NKE,4475309.0,1.4016867547742915,1.4016867547742915,59.35,59.47,59.63,58.9,4475309,26.46,26.51,26.58,26.26,4475309.0,-0.05000000000000071,-0.0017
2013-03-27,29.23,29.65,29.07,29.51,NKE,5223867.0,1.3612951174588812,1.3612951174588812,59.02,58.45,59.3,58.14,5223867,26.31,26.06,26.44,25.92,5223867.0,-0.5,-0.0168
2013-03-28,29.5,29.66,29.23,29.48,NKE,3807268.0,1.383106601609203,1.383106601609203,58.96,59.01,59.31,58.45,3807268,26.28,26.31,26.44,26.06,3807268.0,0.2699999999999996,0.0092
2013-03-29,29.5,29.66,29.23,29.48,NKE,3807268.0,1.383106601609203,1.383106601609203,58.96,59.01,59.31,58.45,3807268,26.28,26.31,26.44,26.06,3807268.0,0.0,0.0
2013-04-01,29.13,29.59,28.99,29.5,NKE,3485257.0,1.353216789995799,1.353216789995799,59.0,58.26,59.19,57.98,3485257,26.3,25.97,26.39,25.85,3485257.0,-0.370000000000001,-0.0125
2013-04-02,29.45,29.7,29.18,29.18,NKE,4665267.0,1.3790674378776615,1.3790674378776615,58.37,58.9,59.39,58.36,4665267,26.02,26.26,26.48,26.02,4665267.0,0.3200000000000003,0.011
2013-04-03,29.45,29.77,29.28,29.6,NKE,3813642.0,1.3790674378776615,1.3790674378776615,59.2,58.91,59.53,58.55,3813642,26.39,26.26,26.54,26.1,3813642.0,0.0,0.0
2013-04-04,29.67,29.75,29.37,29.39,NKE,2499735.0,1.3968397582964427,1.3968397582964427,58.79,59.34,59.5,58.74,2499735,26.21,26.45,26.53,26.19,2499735.0,0.22000000000000242,0.0075
2013-04-05,29.48,29.52,29.16,29.29,NKE,3095241.0,1.3814909361165864,1.3814909361165864,58.58,58.97,59.04,58.33,3095241,26.11,26.29,26.32,26.0,3095241.0,-0.19000000000000128,-0.0064
2013-04-08,29.98,29.98,29.41,29.45,NKE,4006992.0,1.4218825734319964,1.4218825734319964,58.89,59.95,59.95,58.82,4006992,26.25,26.73,26.73,26.22,4006992.0,0.5,0.017
2013-04-09,29.95,30.07,29.64,29.91,NKE,3339962.0,1.4194590751930718,1.4194590751930718,59.82,59.89,60.13,59.29,3339962,26.67,26.7,26.81,26.43,3339962.0,-0.030000000000001137,-0.001
2013-04-10,30.14,30.27,29.96,29.96,NKE,2975654.0,1.4348078973729281,1.4348078973729281,59.92,60.29,60.55,59.92,2975654,26.71,26.88,26.99,26.71,2975654.0,0.19000000000000128,0.0063
2013-04-11,30.6,30.69,30.16,30.18,NKE,4395399.0,1.4719682037031057,1.4719682037031057,60.37,61.2,61.38,60.31,4395399,26.91,27.28,27.36,26.89,4395399.0,0.46000000000000085,0.0153
2013-04-12,30.29,30.61,30.21,30.54,NKE,2769798.0,1.446925388567551,1.446925388567551,61.07,60.58,61.23,60.43,2769798,27.23,27.01,27.3,26.94,2769798.0,-0.3100000000000023,-0.0101
2013-04-15,29.84,30.46,29.84,30.23,NKE,3338315.0,1.4105729149836816,1.4105729149836816,60.46,59.67,60.93,59.67,3338315,26.95,26.6,27.16,26.6,3338315.0,-0.4499999999999993,-0.0149
2013-04-16,30.25,30.27,29.84,30.02,NKE,2980284.0,1.4436940575823183,1.4436940575823183,60.03,60.5,60.53,59.67,2980284,26.76,26.97,26.98,26.6,2980284.0,0.41000000000000014,0.0137
2013-04-17,30.45,30.66,30.0,30.09,NKE,5218688.0,1.459850712508482,1.459850712508482,60.17,60.9,61.31,60.01,5218688,26.82,27.15,27.33,26.75,5218688.0,0.1999999999999993,0.0066
2013-04-18,30.09,30.6,29.85,30.48,NKE,3008136.0,1.4307687336413868,1.4307687336413868,60.97,60.18,61.2,59.7,3008136,27.18,26.83,27.28,26.61,3008136.0,-0.35999999999999943,-0.0118
2013-04-19,30.46,30.52,30.13,30.29,NKE,3386834.0,1.4606585452547907,1.4606585452547907,60.58,60.92,61.04,60.27,3386834,27.01,27.16,27.21,26.87,3386834.0,0.370000000000001,0.0123
2013-04-22,30.68,30.75,30.32,30.55,NKE,2984265.0,1.478430865673571,1.478430865673571,61.09,61.36,61.49,60.63,2984265,27.23,27.35,27.41,27.03,2984265.0,0.21999999999999886,0.0072
2013-04-23,30.84,30.96,30.62,30.81,NKE,3061059.0,1.491356189614502,1.491356189614502,61.62,61.68,61.93,61.24,3061059,27.47,27.5,27.61,27.3,3061059.0,0.16000000000000014,0.0052
2013-04-24,30.77,31.0,30.7,30.93,NKE,2083983.0,1.4857013603903446,1.4857013603903446,61.85,61.53,62.0,61.4,2083983,27.57,27.43,27.64,27.37,2083983.0,-0.07000000000000028,-0.0023
2013-04-25,31.04,31.25,30.79,30.81,NKE,2189294.0,1.5075128445406665,1.5075128445406665,61.62,62.07,62.49,61.57,2189294,27.47,27.67,27.86,27.45,2189294.0,0.2699999999999996,0.0088
2013-04-26,30.95,31.23,30.79,31.08,NKE,2413282.0,1.5002423498238922,1.5002423498238922,62.16,61.89,62.47,61.58,2413282,27.71,27.59,27.85,27.45,2413282.0,-0.08999999999999986,-0.0029
2013-04-29,31.32,31.41,30.81,31.0,NKE,2922807.0,1.5301321614372962,1.5301321614372962,62.0,62.63,62.81,61.62,2922807,27.64,27.92,28.0,27.47,2922807.0,0.370000000000001,0.012
2013-04-30,31.8,31.88,31.33,31.36,NKE,5049982.0,1.5689081332600898,1.5689081332600898,62.73,63.6,63.77,62.66,5049982,27.97,28.35,28.43,27.93,5049982.0,0.4800000000000004,0.0153
2013-05-01,31.68,32.15,31.6,31.78,NKE,3962122.0,1.5592141403043915,1.5592141403043915,63.56,63.36,64.29,63.2,3962122,28.34,28.25,28.66,28.17,3962122.0,-0.120000000000001,-0.0038
2013-05-02,31.66,31.79,31.48,31.75,NKE,2802604.0,1.5575984748117748,1.5575984748117748,63.5,63.32,63.57,62.95,2802604,28.31,28.23,28.34,28.06,2802604.0,-0.019999999999999574,-0.0006
2013-05-03,32.27,32.48,31.84,31.84,NKE,3476215.0,1.606876272336576,1.606876272336576,63.68,64.55,64.96,63.68,3476215,28.39,28.78,28.96,28.39,3476215.0,0.610000000000003,0.0193
2013-05-06,31.98,32.27,31.89,32.2,NKE,2375914.0,1.5834491226936374,1.5834491226936374,64.4,63.96,64.55,63.78,2375914,28.71,28.51,28.78,28.43,2375914.0,-0.2900000000000027,-0.009
2013-05-07,31.95,32.19,31.91,32.09,NKE,3149124.0,1.5810256244547127,1.5810256244547127,64.19,63.91,64.37,63.81,3149124,28.62,28.49,28.7,28.45,3149124.0,-0.030000000000001137,-0.0009
2013-05-08,31.95,32.06,31.84,31.85,NKE,3130260.0,1.5810256244547127,1.5810256244547127,63.7,63.9,64.11,63.67,3130260,28.4,28.49,28.58,28.38,3130260.0,0.0,0.0
2013-05-09,31.87,32.27,31.82,31.95,NKE,2216839.0,1.5745629624842472,1.5745629624842472,63.9,63.74,64.53,63.65,2216839,28.49,28.42,28.77,28.38,2216839.0,-0.0799999999999983,-0.0025
2013-05-10,32.38,32.4,31.84,31.93,NKE,3323617.0,1.615762432545966,1.615762432545966,63.86,64.76,64.8,63.67,3323617,28.47,28.87,28.89,28.38,3323617.0,0.5100000000000016,0.016
2013-05-13,32.33,32.4,32.16,32.26,NKE,1890236.0,1.6117232688144247,1.6117232688144247,64.51,64.65,64.8,64.32,1890236,28.76,28.82,28.89,28.67,1890236.0,-0.05000000000000426,-0.0015
2013-05-14,32.95,32.99,32.27,32.27,NKE,4138736.0,1.6618088990855338,1.6618088990855338,64.53,65.91,65.98,64.53,4138736,28.77,29.38,29.41,28.77,4138736.0,0.6200000000000045,0.0192
2013-05-15,32.91,33.0,32.73,32.89,NKE,2644512.0,1.6585775681003003,1.6585775681003003,65.78,65.83,66.0,65.45,2644512,29.32,29.35,29.42,29.18,2644512.0,-0.04000000000000625,-0.0012
2013-05-16,32.22,33.03,32.08,32.88,NKE,3844810.0,1.6028371086050344,1.6028371086050344,65.76,64.44,66.07,64.16,3844810,29.32,28.73,29.45,28.6,3844810.0,-0.6899999999999977,-0.021
2013-05-17,32.66,32.72,32.2,32.23,NKE,3109910.0,1.6383817494425952,1.6383817494425952,64.47,65.32,65.44,64.4,3109910,28.74,29.12,29.17,28.71,3109910.0,0.4399999999999977,0.0137
2013-05-20,32.66,32.75,32.52,32.63,NKE,2731574.0,1.6383817494425952,1.6383817494425952,65.27,65.33,65.5,65.05,2731574,29.1,29.12,29.2,29.0,2731574.0,0.0,0.0
2013-05-21,32.62,32.73,32.49,32.67,NKE,3234274.0,1.6351504184573624,1.6351504184573624,65.34,65.23,65.45,64.98,3234274,29.13,29.08,29.18,28.97,3234274.0,-0.03999999999999915,-0.0012
2013-05-22,32.23,32.78,32.05,32.62,NKE,4147717.0,1.6036449413513425,1.6036449413513425,65.24,64.45,65.57,64.09,4147717,29.08,28.73,29.23,28.57,4147717.0,-0.39000000000000057,-0.012
2013-05-23,31.66,32.07,31.55,31.99,NKE,4313836.0,1.5575984748117748,1.5575984748117748,63.98,63.33,64.15,63.09,4313836,28.52,28.23,28.6,28.13,4313836.0,-0.5699999999999967,-0.0177
2013-05-24,31.39,31.43,30.78,31.34,NKE,3758876.0,1.5357869906614536,1.5357869906614536,62.67,62.79,62.87,61.56,3758876,27.94,27.99,28.03,27.44,3758876.0,-0.2699999999999996,-0.0085
2013-05-28,31.64,32.05,31.52,31.79,NKE,3892051.0,1.5559828093191588,1.5559828093191588,63.57,63.28,64.11,63.03,3892051,28.34,28.21,28.58,28.1,3892051.0,0.25,0.008
2013-05-29,31.46,31.59,31.2,31.45,NKE,2760591.0,1.541441819885611,1.541441819885611,62.91,62.93,63.17,62.4,2760591,28.05,28.05,28.16,27.82,2760591.0,-0.17999999999999972,-0.0057
2013-05-30,31.2,31.65,31.2,31.48,NKE,2977552.0,1.5204381684815973,1.5204381684815973,62.95,62.41,63.3,62.39,2977552,28.15,27.91,28.31,27.9,2977552.0,-0.26000000000000156,-0.0083
2013-05-31,30.83,31.57,30.83,31.1,NKE,3734857.0,1.490548356868194,1.490548356868194,62.2,61.66,63.14,61.66,3734857,27.82,27.57,28.24,27.57,3734857.0,-0.370000000000001,-0.0119
2013-06-03,31.52,31.54,30.55,30.8,NKE,5071125.0,1.5462888163634598,1.5462888163634598,61.6,63.03,63.08,61.11,5071125,27.55,28.19,28.21,27.33,5071125.0,0.6900000000000013,0.0224
2013-06-04,31.39,31.79,31.16,31.63,NKE,3393353.0,1.5357869906614536,1.5357869906614536,63.25,62.78,63.57,62.31,3393353,28.29,28.08,28.43,27.87,3393353.0,-0.129999999999999,-0.0041
2013-06-05,30.88,31.47,30.8,31.3,NKE,3102978.0,1.4945875205997348,1.4945875205997348,62.6,61.75,62.94,61.6,3102978,27.99,27.61,28.15,27.55,3102978.0,-0.5100000000000016,-0.0162
2013-06-06,31.08,31.09,30.61,30.87,NKE,2380990.0,1.510744175525899,1.510744175525899,61.74,62.16,62.18,61.21,2380990,27.61,27.8,27.81,27.37,2380990.0,0.1999999999999993,0.0065
2013-06-07,31.38,31.55,31.13,31.24,NKE,2666191.0,1.534979157915145,1.534979157915145,62.48,62.75,63.09,62.25,2666191,27.94,28.06,28.21,27.84,2666191.0,0.3000000000000007,0.0097
2013-06-10,31.52,31.74,31.37,31.45,NKE,2740158.0,1.5462888163634598,1.5462888163634598,62.91,63.04,63.48,62.74,2740158,28.13,28.19,28.39,28.06,2740158.0,0.14000000000000057,0.0045
2013-06-11,31.07,31.47,30.98,31.15,NKE,2770156.0,1.509936342779591,1.509936342779591,62.3,62.15,62.94,61.97,2770156,27.86,27.79,28.15,27.71,2770156.0,-0.4499999999999993,-0.0143
2013-06-12,30.7,31.29,30.68,31.29,NKE,2721227.0,1.4800465311661872,1.4800465311661872,62.57,61.41,62.57,61.35,2721227,27.98,27.46,27.98,27.44,2721227.0,-0.370000000000001,-0.0119
2013-06-13,30.88,30.96,30.52,30.65,NKE,3918402.0,1.4945875205997348,1.4945875205997348,61.3,61.76,61.92,61.03,3918402,27.41,27.62,27.69,27.29,3918402.0,0.17999999999999972,0.0059
2013-06-14,30.95,31.2,30.8,30.82,NKE,2611140.0,1.5002423498238922,1.5002423498238922,61.63,61.89,62.4,61.61,2611140,27.56,27.68,27.91,27.55,2611140.0,0.07000000000000028,0.0023
2013-06-17,30.97,31.36,30.91,31.19,NKE,3756443.0,1.5018580153165089,1.5018580153165089,62.38,61.94,62.72,61.82,3756443,27.9,27.7,28.05,27.65,3756443.0,0.019999999999999574,0.0006
2013-06-18,31.07,31.13,30.81,30.92,NKE,4535558.0,1.509936342779591,1.509936342779591,61.84,62.15,62.25,61.62,4535558,27.65,27.79,27.84,27.56,4535558.0,0.10000000000000142,0.0032
2013-06-19,30.88,31.17,30.86,31.07,NKE,4611722.0,1.4945875205997348,1.4945875205997348,62.14,61.75,62.34,61.73,4611722,27.79,27.61,27.88,27.61,4611722.0,-0.19000000000000128,-0.0061
2013-06-20,30.39,30.82,30.32,30.66,NKE,4912277.0,1.4550037160306333,1.4550037160306333,61.33,60.78,61.63,60.64,4912277,27.43,27.18,27.56,27.12,4912277.0,-0.48999999999999844,-0.0159
2013-06-21,30.29,30.69,30.04,30.41,NKE,5047514.0,1.446925388567551,1.446925388567551,60.82,60.57,61.38,60.07,5047514,27.2,27.09,27.45,26.86,5047514.0,-0.10000000000000142,-0.0033
2013-06-24,29.98,30.25,29.55,30.08,NKE,4744659.0,1.4218825734319964,1.4218825734319964,60.16,59.95,60.51,59.11,4744659,26.9,26.81,27.06,26.43,4744659.0,-0.3099999999999987,-0.0102
2013-06-25,30.2,30.5,29.98,30.21,NKE,5450804.0,1.439654893850777,1.439654893850777,60.42,60.39,60.99,59.95,5450804,27.02,27.01,27.27,26.81,5450804.0,0.21999999999999886,0.0073
2013-06-26,30.93,31.06,30.39,30.43,NKE,5689642.0,1.498626684331276,1.498626684331276,60.86,61.85,62.12,60.79,5689642,27.22,27.66,27.78,27.19,5689642.0,0.7300000000000004,0.0242
2013-06-27,31.16,31.63,31.07,31.43,NKE,6141993.0,1.5172068374963645,1.5172068374963645,62.87,62.32,63.25,62.13,6141993,28.12,27.87,28.29,27.78,6141993.0,0.23000000000000043,0.0074
2013-06-28,31.84,32.03,30.09,30.97,NKE,13409981.0,1.5721394642453226,1.5721394642453226,61.94,63.68,64.07,60.18,13409981,27.7,28.48,28.65,26.91,13409981.0,0.6799999999999997,0.0218
2013-07-01,31.16,32.3,31.1,31.97,NKE,7199662.0,1.5172068374963645,1.5172068374963645,63.94,62.33,64.59,62.2,7199662,28.59,27.87,28.88,27.82,7199662.0,-0.6799999999999997,-0.0214
2013-07-02,31.31,31.54,30.95,30.96,NKE,3701135.0,1.5293243286909877,1.5293243286909877,61.93,62.62,63.08,61.9,3701135,27.7,28.0,28.21,27.68,3701135.0,0.14999999999999858,0.0048
2013-07-03,31.43,31.47,31.05,31.12,NKE,1688647.0,1.5390183216466864,1.5390183216466864,62.24,62.86,62.94,62.1,1688647,27.83,28.11,28.14,27.77,1688647.0,0.120000000000001,0.0038
2013-07-04,31.43,31.47,31.05,31.12,NKE,1688647.0,1.5390183216466864,1.5390183216466864,62.24,62.86,62.94,62.1,1688647,27.83,28.11,28.14,27.77,1688647.0,0.0,0.0
2013-07-05,31.82,31.91,31.57,31.58,NKE,2579469.0,1.5705237987527063,1.5705237987527063,63.16,63.64,63.83,63.15,2579469,28.25,28.46,28.54,28.24,2579469.0,0.39000000000000057,0.0124
2013-07-08,31.86,32.33,31.74,32.0,NKE,3491423.0,1.573755129737939,1.573755129737939,64.0,63.72,64.66,63.48,3491423,28.62,28.5,28.92,28.39,3491423.0,0.03999999999999915,0.0013
2013-07-09,31.96,32.14,31.7,32.0,NKE,3494730.0,1.5818334572010213,1.5818334572010213,64.0,63.93,64.28,63.4,3494730,28.62,28.59,28.75,28.35,3494730.0,0.10000000000000142,0.0031
2013-07-10,31.8,31.95,31.66,31.95,NKE,2549239.0,1.5689081332600898,1.5689081332600898,63.91,63.6,63.91,63.32,2549239,28.58,28.44,28.58,28.32,2549239.0,-0.16000000000000014,-0.005
2013-07-11,31.86,32.22,31.72,32.1,NKE,3574002.0,1.573755129737939,1.573755129737939,64.2,63.72,64.44,63.44,3574002,28.71,28.5,28.82,28.37,3574002.0,0.05999999999999872,0.0019
2013-07-12,31.84,31.91,31.75,31.82,NKE,2212146.0,1.5721394642453226,1.5721394642453226,63.63,63.67,63.83,63.49,2212146,28.46,28.47,28.54,28.39,2212146.0,-0.019999999999999574,-0.0006
2013-07-15,31.68,31.82,31.63,31.73,NKE,2880921.0,1.5592141403043915,1.5592141403043915,63.46,63.35,63.65,63.25,2880921,28.38,28.33,28.46,28.29,2880921.0,-0.16000000000000014,-0.005
2013-07-16,31.35,31.73,31.23,31.57,NKE,3429182.0,1.5325556596762209,1.5325556596762209,63.14,62.7,63.47,62.47,3429182,28.24,28.04,28.38,27.94,3429182.0,-0.3299999999999983,-0.0104
2013-07-17,31.66,31.84,31.29,31.3,NKE,3123778.0,1.5575984748117748,1.5575984748117748,62.6,63.33,63.67,62.57,3123778,27.99,28.32,28.47,27.98,3123778.0,0.3099999999999987,0.0099
2013-07-18,31.66,31.89,31.45,31.62,NKE,2243343.0,1.5575984748117748,1.5575984748117748,63.24,63.32,63.78,62.9,2243343,28.28,28.32,28.52,28.13,2243343.0,0.0,0.0
2013-07-19,31.68,31.79,31.54,31.63,NKE,2959678.0,1.5592141403043915,1.5592141403043915,63.25,63.35,63.59,63.08,2959678,28.29,28.33,28.44,28.21,2959678.0,0.019999999999999574,0.0006
2013-07-22,31.64,31.79,31.42,31.55,NKE,2790786.0,1.5559828093191588,1.5559828093191588,63.11,63.29,63.57,62.84,2790786,28.22,28.3,28.43,28.1,2790786.0,-0.03999999999999915,-0.0013
2013-07-23,31.59,31.79,31.57,31.76,NKE,2144756.0,1.5519436455876174,1.5519436455876174,63.52,63.19,63.58,63.14,2144756,28.41,28.26,28.43,28.24,2144756.0,-0.05000000000000071,-0.0016
2013-07-24,31.32,31.71,31.29,31.59,NKE,2352665.0,1.5301321614372962,1.5301321614372962,63.19,62.63,63.43,62.57,2352665,28.26,28.01,28.37,27.98,2352665.0,-0.2699999999999996,-0.0085
2013-07-25,31.25,31.45,31.1,31.38,NKE,4455619.0,1.5244773322131386,1.5244773322131386,62.75,62.49,62.89,62.2,4455619,28.06,27.95,28.12,27.82,4455619.0,-0.07000000000000028,-0.0022
2013-07-26,31.27,31.3,31.02,31.02,NKE,2759182.0,1.526092997705755,1.526092997705755,62.05,62.53,62.6,62.03,2759182,27.75,27.96,27.99,27.74,2759182.0,0.019999999999999574,0.0006
2013-07-29,31.36,31.39,31.13,31.13,NKE,2537823.0,1.533363492422529,1.533363492422529,62.25,62.71,62.79,62.25,2537823,27.84,28.04,28.08,27.84,2537823.0,0.08999999999999986,0.0029
2013-07-30,31.43,31.55,31.32,31.32,NKE,3200049.0,1.5390183216466864,1.5390183216466864,62.65,62.85,63.1,62.64,3200049,28.02,28.11,28.22,28.01,3200049.0,0.07000000000000028,0.0022
2013-07-31,31.46,31.75,31.39,31.56,NKE,4230927.0,1.541441819885611,1.541441819885611,63.12,62.92,63.5,62.77,4230927,28.23,28.14,28.4,28.07,4230927.0,0.030000000000001137,0.001
2013-08-01,32.98,33.05,31.62,31.62,NKE,7911657.0,1.664232397324458,1.664232397324458,63.24,65.97,66.11,63.24,7911657,28.28,29.5,29.56,28.28,7911657.0,1.519999999999996,0.0483
2013-08-02,33.15,33.3,32.7,32.99,NKE,3759254.0,1.6779655540116973,1.6779655540116973,65.99,66.3,66.61,65.41,3759254,29.51,29.65,29.79,29.25,3759254.0,0.1700000000000017,0.0052
2013-08-05,33.2,33.27,33.08,33.1,NKE,2106493.0,1.682004717743239,1.682004717743239,66.2,66.4,66.54,66.16,2106493,29.6,29.69,29.76,29.59,2106493.0,0.05000000000000426,0.0015
2013-08-06,33.27,33.42,32.94,33.16,NKE,3122004.0,1.6876595469673963,1.6876595469673963,66.31,66.54,66.85,65.88,3122004,29.65,29.76,29.9,29.46,3122004.0,0.07000000000000028,0.0021
2013-08-07,32.81,33.12,32.8,33.07,NKE,2948938.0,1.6504992406372188,1.6504992406372188,66.14,65.63,66.24,65.61,2948938,29.58,29.35,29.62,29.34,2948938.0,-0.46000000000000085,-0.0138
2013-08-08,33.02,33.23,32.89,33.03,NKE,2528668.0,1.6674637283096911,1.6674637283096911,66.06,66.05,66.45,65.78,2528668,29.54,29.54,29.72,29.42,2528668.0,0.21000000000000085,0.0064
2013-08-09,33.16,33.37,32.92,32.96,NKE,2822476.0,1.6787733867580055,1.6787733867580055,65.92,66.31,66.74,65.84,2822476,29.48,29.65,29.85,29.44,2822476.0,0.13999999999999346,0.0042
2013-08-12,33.26,33.3,33.02,33.05,NKE,2200867.0,1.6868517142210877,1.6868517142210877,66.09,66.51,66.6,66.05,2200867,29.56,29.74,29.78,29.54,2200867.0,0.10000000000000142,0.003
2013-08-13,32.91,33.38,32.84,33.3,NKE,2149700.0,1.6585775681003003,1.6585775681003003,66.61,65.81,66.75,65.69,2149700,29.79,29.43,29.85,29.38,2149700.0,-0.3500000000000014,-0.0105
2013-08-14,32.17,32.83,32.12,32.77,NKE,2980928.0,1.5987979448734937,1.5987979448734937,65.53,64.35,65.66,64.23,2980928,29.31,28.78,29.36,28.72,2980928.0,-0.7399999999999949,-0.0225
2013-08-15,31.75,32.0,31.58,31.89,NKE,3113940.0,1.564868969528549,1.564868969528549,63.78,63.49,64.0,63.16,3113940,28.52,28.39,28.62,28.25,3113940.0,-0.4200000000000017,-0.0131
2013-08-16,31.82,32.16,31.67,31.72,NKE,2630608.0,1.5705237987527063,1.5705237987527063,63.44,63.65,64.31,63.34,2630608,28.37,28.46,28.76,28.33,2630608.0,0.07000000000000028,0.0022
2013-08-19,32.35,32.56,31.75,31.85,NKE,3874801.0,1.6133389343070412,1.6133389343070412,63.7,64.71,65.11,63.5,3874801,28.49,28.94,29.12,28.4,3874801.0,0.5300000000000011,0.0167
2013-08-20,32.31,32.85,32.16,32.27,NKE,3834103.0,1.6101076033218085,1.6101076033218085,64.55,64.63,65.71,64.31,3834103,28.87,28.9,29.39,28.76,3834103.0,-0.03999999999999915,-0.0012
2013-08-21,32.06,32.49,32.02,32.28,NKE,2385200.0,1.5899117846641035,1.5899117846641035,64.57,64.13,64.99,64.04,2385200,28.88,28.68,29.06,28.64,2385200.0,-0.25,-0.0077
2013-08-22,32.43,32.59,31.95,32.05,NKE,2527957.0,1.6198015962775067,1.6198015962775067,64.1,64.86,65.17,63.9,2527957,28.67,29.01,29.14,28.58,2527957.0,0.36999999999999744,0.0115
2013-08-23,32.1,32.61,31.95,32.59,NKE,4022223.0,1.5931431156493363,1.5931431156493363,65.17,64.21,65.22,63.9,4022223,29.14,28.71,29.17,28.58,4022223.0,-0.3299999999999983,-0.0102
2013-08-26,31.96,32.27,31.96,32.1,NKE,2742716.0,1.5818334572010213,1.5818334572010213,64.2,63.92,64.53,63.92,2742716,28.71,28.59,28.86,28.59,2742716.0,-0.14000000000000057,-0.0044
2013-08-27,31.41,31.87,31.39,31.63,NKE,2435377.0,1.5374026561540697,1.5374026561540697,63.26,62.81,63.74,62.79,2435377,28.29,28.09,28.5,28.08,2435377.0,-0.5500000000000007,-0.0172
2013-08-28,31.68,31.85,31.32,31.36,NKE,3022510.0,1.5592141403043915,1.5592141403043915,62.72,63.37,63.7,62.65,3022510,28.05,28.34,28.49,28.02,3022510.0,0.2699999999999996,0.0086
2013-08-29,31.74,31.93,31.44,31.5,NKE,2299950.0,1.5640611367822403,1.5640611367822403,62.99,63.48,63.86,62.88,2299950,28.26,28.48,28.65,28.21,2299950.0,0.05999999999999872,0.0019
2013-08-30,31.41,31.89,31.3,31.86,NKE,2925549.0,1.5374026561540697,1.5374026561540697,63.71,62.82,63.79,62.6,2925549,28.59,28.19,28.62,28.09,2925549.0,-0.3299999999999983,-0.0104
2013-09-03,32.15,32.45,31.75,31.8,NKE,4106977.0,1.597182279380877,1.597182279380877,63.61,64.29,64.9,63.5,4106977,28.54,28.85,29.12,28.49,4106977.0,0.7399999999999984,0.0236
2013-09-04,32.56,32.74,32.15,32.16,NKE,3551624.0,1.6303034219795136,1.6303034219795136,64.33,65.13,65.48,64.3,3551624,28.86,29.22,29.38,28.85,3551624.0,0.4100000000000037,0.0128
2013-09-05,32.69,32.79,32.34,32.5,NKE,2635801.0,1.64080524768152,1.64080524768152,65.0,65.38,65.58,64.69,2635801,29.17,29.34,29.42,29.03,2635801.0,0.12999999999999545,0.004
2013-09-06,32.49,32.77,32.09,32.7,NKE,2316371.0,1.6246485927553562,1.6246485927553562,65.4,64.98,65.55,64.17,2316371,29.34,29.16,29.41,28.79,2316371.0,-0.19999999999999574,-0.0061
2013-09-09,32.7,32.8,32.47,32.53,NKE,2074024.0,1.6416130804278286,1.6416130804278286,65.06,65.4,65.59,64.93,2074024,29.19,29.34,29.43,29.13,2074024.0,0.21000000000000085,0.0065
2013-09-10,33.41,33.49,32.98,33.35,NKE,6691783.0,1.6989692054157106,1.6989692054157106,66.7,66.82,66.98,65.96,6691783,29.93,29.98,30.05,29.6,6691783.0,0.7099999999999937,0.0217
2013-09-11,33.8,33.91,33.41,33.49,NKE,4557321.0,1.7304746825217305,1.7304746825217305,66.98,67.59,67.82,66.82,4557321,30.05,30.33,30.43,29.98,4557321.0,0.39000000000000057,0.0117
2013-09-12,34.04,34.45,33.9,33.98,NKE,4124872.0,1.7498626684331278,1.7498626684331278,67.96,68.08,68.9,67.8,4124872,30.49,30.55,30.92,30.42,4124872.0,0.240000000000002,0.0071
2013-09-13,33.95,34.07,33.59,33.95,NKE,3292401.0,1.742592173716354,1.742592173716354,67.9,67.91,68.14,67.19,3292401,30.47,30.47,30.57,30.15,3292401.0,-0.0899999999999963,-0.0026
2013-09-16,34.09,34.41,33.95,34.38,NKE,2673387.0,1.753901832164669,1.753901832164669,68.75,68.19,68.82,67.91,2673387,30.85,30.6,30.88,30.47,2673387.0,0.14000000000000057,0.0041
2013-09-17,34.16,34.34,33.99,34.09,NKE,3876194.0,1.7595566613888258,1.7595566613888258,68.18,68.32,68.67,67.98,3876194,30.59,30.66,30.81,30.5,3876194.0,0.06999999999999318,0.0021
2013-09-18,34.74,34.92,33.97,33.98,NKE,4274056.0,1.8064109606747023,1.8064109606747023,67.97,69.48,69.85,67.93,4274056,30.5,31.18,31.34,30.48,4274056.0,0.5800000000000054,0.017
2013-09-19,34.75,35.28,34.41,34.88,NKE,7314014.0,1.8072187934210102,1.8072187934210102,69.77,69.5,70.56,68.81,7314014,31.31,31.18,31.66,30.88,7314014.0,0.00999999999999801,0.0003
2013-09-20,34.69,34.75,34.05,34.6,NKE,18586047.0,1.8023717969431607,1.8023717969431607,69.2,69.37,69.5,68.1,18586047,31.05,31.13,31.18,30.56,18586047.0,-0.060000000000002274,-0.0017
2013-09-23,34.49,34.77,34.02,34.55,NKE,5510985.0,1.7862151420169972,1.7862151420169972,69.11,68.98,69.55,68.04,5510985,31.01,30.95,31.21,30.53,5510985.0,-0.19999999999999574,-0.0058
2013-09-24,34.72,34.86,34.6,34.72,NKE,3716312.0,1.8047952951820856,1.8047952951820856,69.44,69.43,69.72,69.19,3716312,31.16,31.15,31.28,31.05,3716312.0,0.22999999999999687,0.0067
2013-09-25,34.46,34.77,34.37,34.72,NKE,3941723.0,1.7837916437780723,1.7837916437780723,69.43,68.92,69.53,68.74,3941723,31.15,30.92,31.2,30.84,3941723.0,-0.259999999999998,-0.0075
2013-09-26,35.17,35.24,34.58,34.62,NKE,6882669.0,1.841147768765955,1.841147768765955,69.23,70.34,70.49,69.15,6882669,31.06,31.56,31.63,31.03,6882669.0,0.7100000000000009,0.0206
2013-09-27,36.82,37.63,36.67,37.41,NKE,15599981.0,1.9744401719068085,1.9744401719068085,74.82,73.64,75.25,73.35,15599981,33.57,33.04,33.76,32.91,15599981.0,1.6499999999999986,0.0469
2013-09-30,36.32,36.59,36.08,36.15,NKE,7398884.0,1.9340485345913982,1.9340485345913982,72.3,72.64,73.17,72.16,7398884,32.44,32.59,32.83,32.38,7398884.0,-0.5,-0.0136
2013-10-01,36.21,36.63,36.01,36.52,NKE,5222221.0,1.925162374382008,1.925162374382008,73.04,72.42,73.25,72.02,5222221,32.77,32.49,32.87,32.32,5222221.0,-0.10999999999999943,-0.003
2013-10-02,35.95,36.13,35.8,36.02,NKE,4376128.0,1.904158722977995,1.904158722977995,72.04,71.89,72.26,71.59,4376128,32.32,32.26,32.42,32.12,4376128.0,-0.259999999999998,-0.0072
2013-10-03,35.82,36.25,35.53,35.95,NKE,3572559.0,1.8936568972759882,1.8936568972759882,71.89,71.64,72.5,71.06,3572559,32.26,32.14,32.53,31.88,3572559.0,-0.13000000000000256,-0.0036
2013-10-04,36.07,36.17,35.66,35.88,NKE,3584054.0,1.9138527159336933,1.9138527159336933,71.77,72.14,72.35,71.32,3584054,32.2,32.37,32.46,32.0,3584054.0,0.25,0.007
2013-10-07,35.67,35.98,35.65,35.7,NKE,2586903.0,1.8815394060813653,1.8815394060813653,71.41,71.34,71.97,71.3,2586903,32.04,32.01,32.29,31.99,2586903.0,-0.3999999999999986,-0.0111
2013-10-08,35.14,36.31,35.09,35.73,NKE,3761244.0,1.8387242705270304,1.8387242705270304,71.46,70.28,72.63,70.18,3761244,32.06,31.53,32.59,31.49,3761244.0,-0.5300000000000011,-0.0149
2013-10-09,35.45,35.74,34.98,35.26,NKE,4641364.0,1.8637670856625848,1.8637670856625848,70.52,70.89,71.47,69.96,4641364,31.64,31.81,32.07,31.39,4641364.0,0.3100000000000023,0.0088
2013-10-10,36.72,36.73,35.97,36.08,NKE,5552813.0,1.9663618444437265,1.9663618444437265,72.15,73.44,73.45,71.94,5552813,32.37,32.95,32.96,32.28,5552813.0,1.269999999999996,0.0358
2013-10-11,36.73,36.87,36.44,36.73,NKE,5396301.0,1.9671696771900344,1.9671696771900344,73.47,73.46,73.73,72.88,5396301,32.97,32.96,33.08,32.7,5396301.0,0.00999999999999801,0.0003
2013-10-14,37.03,37.09,36.39,36.48,NKE,3099906.0,1.991404659579281,1.991404659579281,72.95,74.06,74.17,72.78,3099906,32.73,33.23,33.28,32.66,3099906.0,0.30000000000000426,0.0082
2013-10-15,36.85,37.19,36.7,36.95,NKE,3978399.0,1.9768636701457334,1.9768636701457334,73.9,73.71,74.37,73.41,3978399,33.16,33.07,33.37,32.94,3978399.0,-0.17999999999999972,-0.0049
2013-10-16,37.26,37.31,36.86,37.05,NKE,4377843.0,2.0099848127443694,2.0099848127443694,74.09,74.52,74.62,73.72,4377843,33.24,33.44,33.48,33.08,4377843.0,0.4099999999999966,0.0111
2013-10-17,37.27,37.33,37.04,37.17,NKE,4692278.0,2.010792645490678,2.010792645490678,74.35,74.54,74.65,74.08,4692278,33.36,33.45,33.5,33.24,4692278.0,0.010000000000005116,0.0003
2013-10-18,37.97,37.99,37.13,37.27,NKE,4915569.0,2.067340937732252,2.067340937732252,74.55,75.93,75.99,74.27,4915569,33.45,34.07,34.1,33.32,4915569.0,0.6999999999999957,0.0188
2013-10-21,38.05,38.19,37.75,37.95,NKE,4996286.0,2.0738035997027175,2.0738035997027175,75.89,76.09,76.37,75.5,4996286,34.05,34.14,34.27,33.88,4996286.0,0.0799999999999983,0.0021
2013-10-22,37.98,38.24,37.76,38.05,NKE,3409461.0,2.06814877047856,2.06814877047856,76.11,75.96,76.49,75.52,3409461,34.15,34.08,34.32,33.89,3409461.0,-0.07000000000000028,-0.0018
2013-10-23,37.78,37.97,37.55,37.77,NKE,2381168.0,2.0519921155523964,2.0519921155523964,75.54,75.56,75.94,75.11,2381168,33.89,33.9,34.07,33.7,2381168.0,-0.19999999999999574,-0.0053
2013-10-24,37.76,37.89,37.62,37.8,NKE,2813668.0,2.0503764500597796,2.0503764500597796,75.61,75.51,75.78,75.24,2813668,33.93,33.88,34.0,33.76,2813668.0,-0.020000000000003126,-0.0005
2013-10-25,37.85,38.18,37.67,37.78,NKE,3448058.0,2.0576469447765535,2.0576469447765535,75.56,75.7,76.36,75.35,3448058,33.9,33.97,34.26,33.81,3448058.0,0.09000000000000341,0.0024
2013-10-28,37.76,37.99,37.69,37.88,NKE,3073850.0,2.0503764500597796,2.0503764500597796,75.75,75.51,75.98,75.37,3073850,33.99,33.88,34.09,33.82,3073850.0,-0.09000000000000341,-0.0024
2013-10-29,37.95,38.09,37.77,37.89,NKE,2100507.0,2.0657252722396358,2.0657252722396358,75.78,75.91,76.18,75.53,2100507,34.0,34.06,34.18,33.89,2100507.0,0.19000000000000483,0.005
2013-10-30,38.06,38.45,37.98,38.3,NKE,3157428.0,2.074611432449026,2.074611432449026,76.61,76.13,76.89,75.95,3157428,34.37,34.16,34.5,34.08,3157428.0,0.10999999999999943,0.0029
2013-10-31,37.88,38.13,37.57,38.02,NKE,4092188.0,2.0600704430154786,2.0600704430154786,76.04,75.76,76.27,75.14,4092188,34.12,33.99,34.22,33.72,4092188.0,-0.17999999999999972,-0.0047
2013-11-01,38.03,38.22,37.83,37.9,NKE,2110845.0,2.0721879342101013,2.0721879342101013,75.8,76.06,76.43,75.65,2110845,34.01,34.13,34.29,33.94,2110845.0,0.14999999999999858,0.004
2013-11-04,38.19,38.27,37.81,38.16,NKE,1804730.0,2.0851132581510323,2.0851132581510323,76.33,76.37,76.54,75.63,1804730,34.25,34.27,34.34,33.94,1804730.0,0.1599999999999966,0.0042
2013-11-05,38.6,38.66,37.94,38.02,NKE,3166595.0,2.118234400749669,2.118234400749669,76.04,77.2,77.32,75.88,3166595,34.12,34.64,34.69,34.05,3166595.0,0.4100000000000037,0.0107
2013-11-06,38.38,38.83,38.07,38.83,NKE,1972671.0,2.1004620803308884,2.1004620803308884,77.66,76.76,77.66,76.15,1972671,34.85,34.44,34.85,34.17,1972671.0,-0.21999999999999886,-0.0057
2013-11-07,37.85,38.65,37.83,38.6,NKE,3125393.0,2.0576469447765535,2.0576469447765535,77.2,75.7,77.3,75.66,3125393,34.64,33.97,34.68,33.95,3125393.0,-0.5300000000000011,-0.0138
2013-11-08,38.56,38.57,37.79,37.8,NKE,2910814.0,2.115003069764436,2.115003069764436,75.59,77.12,77.14,75.58,2910814,33.92,34.6,34.61,33.91,2910814.0,0.7100000000000009,0.0188
2013-11-11,38.58,38.68,38.36,38.65,NKE,1761598.0,2.1166187352570525,2.1166187352570525,77.3,77.16,77.36,76.72,1761598,34.68,34.62,34.71,34.42,1761598.0,0.01999999999999602,0.0005
2013-11-12,38.44,38.63,38.2,38.5,NKE,2163940.0,2.1053090768087377,2.1053090768087377,77.0,76.87,77.26,76.4,2163940,34.55,34.49,34.67,34.28,2163940.0,-0.14000000000000057,-0.0036
2013-11-13,38.92,38.95,38.23,38.27,NKE,2401072.0,2.1440850486315317,2.1440850486315317,76.54,77.85,77.89,76.45,2401072,34.34,34.93,34.95,34.31,2401072.0,0.480000000000004,0.0125
2013-11-14,39.32,39.41,38.95,39.12,NKE,2382171.0,2.1763983584838598,2.1763983584838598,78.23,78.64,78.81,77.89,2382171,35.1,35.29,35.36,34.95,2382171.0,0.3999999999999986,0.0103
2013-11-15,39.61,39.64,39.13,39.2,NKE,2887256.0,2.1998255081267977,2.1998255081267977,78.39,79.22,79.28,78.25,2887256,35.17,35.55,35.57,35.11,2887256.0,0.28999999999999915,0.0074
2013-11-18,39.29,39.7,39.16,39.7,NKE,2846601.0,2.173974860244935,2.173974860244935,79.4,78.58,79.4,78.33,2846601,35.63,35.26,35.63,35.15,2846601.0,-0.3200000000000003,-0.0081
2013-11-19,38.91,39.31,38.77,39.2,NKE,3221632.0,2.143277215885223,2.143277215885223,78.41,77.81,78.63,77.55,3221632,35.18,34.91,35.28,34.8,3221632.0,-0.38000000000000256,-0.0097
2013-11-20,38.92,39.3,38.87,39.0,NKE,2946487.0,2.1440850486315317,2.1440850486315317,78.0,77.84,78.6,77.73,2946487,35.0,34.93,35.27,34.88,2946487.0,0.010000000000005116,0.0003
2013-11-21,39.05,39.11,38.7,38.91,NKE,2335725.0,2.1545868743335377,2.1545868743335377,77.82,78.09,78.22,77.41,2335725,34.92,35.04,35.1,34.73,2335725.0,0.12999999999999545,0.0033
2013-11-22,39.44,39.49,38.99,39.23,NKE,3517832.0,2.186092351439558,2.186092351439558,78.45,78.87,78.98,77.98,3517832,35.2,35.39,35.44,34.99,3517832.0,0.39000000000000057,0.01
2013-11-25,39.56,39.8,39.44,39.53,NKE,2291690.0,2.1957863443952568,2.1957863443952568,79.06,79.13,79.61,78.88,2291690,35.47,35.51,35.72,35.39,2291690.0,0.12000000000000455,0.003
2013-11-26,39.8,39.93,39.58,39.88,NKE,3680177.0,2.2151743303066533,2.2151743303066533,79.77,79.6,79.87,79.16,3680177,35.79,35.72,35.84,35.52,3680177.0,0.23999999999999488,0.0061
2013-11-27,39.66,39.91,39.55,39.84,NKE,1867166.0,2.203864671858338,2.203864671858338,79.69,79.33,79.83,79.09,1867166,35.76,35.6,35.82,35.49,1867166.0,-0.14000000000000057,-0.0035
2013-11-29,39.66,39.91,39.55,39.84,NKE,1867166.0,2.203864671858338,2.203864671858338,79.69,79.33,79.83,79.09,1867166,35.76,35.6,35.82,35.49,1867166.0,0.0,0.0
2013-12-02,39.55,40.07,39.46,39.73,NKE,3233927.0,2.194978511648948,2.194978511648948,79.47,79.09,80.14,78.92,3233927,35.66,35.49,35.96,35.41,3233927.0,-0.10999999999999943,-0.0028
2013-12-03,39.56,39.74,39.3,39.45,NKE,2564600.0,2.1957863443952568,2.1957863443952568,78.89,79.13,79.49,78.59,2564600,35.4,35.51,35.67,35.27,2564600.0,0.010000000000005116,0.0003
2013-12-04,39.41,39.59,39.13,39.45,NKE,2416602.0,2.183668853200633,2.183668853200633,78.9,78.82,79.18,78.26,2416602,35.4,35.37,35.53,35.12,2416602.0,-0.15000000000000568,-0.0038
2013-12-05,39.48,39.67,39.31,39.49,NKE,2746954.0,2.189323682424791,2.189323682424791,78.99,78.95,79.34,78.63,2746954,35.44,35.42,35.6,35.28,2746954.0,0.07000000000000028,0.0018
2013-12-06,39.93,39.95,39.63,39.81,NKE,1947472.0,2.22567615600866,2.22567615600866,79.62,79.86,79.89,79.26,1947472,35.73,35.83,35.85,35.56,1947472.0,0.45000000000000284,0.0114
2013-12-09,39.89,40.13,39.84,39.97,NKE,2149599.0,2.222444825023427,2.222444825023427,79.93,79.78,80.26,79.67,2149599,35.86,35.8,36.01,35.75,2149599.0,-0.03999999999999915,-0.001
2013-12-10,39.61,39.83,39.56,39.67,NKE,2697481.0,2.1998255081267977,2.1998255081267977,79.35,79.22,79.66,79.11,2697481,35.6,35.55,35.74,35.5,2697481.0,-0.28000000000000114,-0.007
2013-12-11,38.42,39.51,38.37,39.46,NKE,6655777.0,2.1036934113161214,2.1036934113161214,78.92,76.84,79.02,76.73,6655777,35.41,34.48,35.46,34.43,6655777.0,-1.1899999999999977,-0.03
2013-12-12,38.12,38.46,37.71,38.46,NKE,5413246.0,2.0794584289268747,2.0794584289268747,76.92,76.23,76.92,75.42,5413246,34.62,34.31,34.62,33.95,5413246.0,-0.30000000000000426,-0.0078
2013-12-13,38.2,38.4,38.12,38.17,NKE,3781133.0,2.085921090897341,2.085921090897341,76.35,76.4,76.79,76.24,3781133,34.37,34.39,34.56,34.32,3781133.0,0.0800000000000054,0.0021
2013-12-16,38.22,38.55,38.14,38.45,NKE,4866565.0,2.087536756389957,2.087536756389957,76.91,76.44,77.1,76.28,4866565,34.62,34.41,34.7,34.33,4866565.0,0.01999999999999602,0.0005
2013-12-17,38.38,38.62,38.2,38.47,NKE,6999545.0,2.1004620803308884,2.1004620803308884,76.94,76.76,77.25,76.39,6999545,34.63,34.55,34.77,34.39,6999545.0,0.1600000000000037,0.0042
2013-12-18,39.27,39.29,38.48,38.5,NKE,5408754.0,2.172359194752319,2.172359194752319,77.0,78.55,78.58,76.95,5408754,34.66,35.36,35.37,34.64,5408754.0,0.8900000000000006,0.0232
2013-12-19,39.13,39.38,38.88,39.28,NKE,5276833.0,2.161049536304004,2.161049536304004,78.57,78.26,78.75,77.76,5276833,35.36,35.22,35.45,35.0,5276833.0,-0.14000000000000057,-0.0036
2013-12-20,38.67,38.85,38.32,38.72,NKE,10221891.0,2.1238892299738263,2.1238892299738263,77.44,77.34,77.7,76.64,10221891,34.86,34.81,34.97,34.5,10221891.0,-0.46000000000000085,-0.0118
2013-12-23,38.55,38.72,38.34,38.55,NKE,4688646.0,2.114195237018128,2.114195237018128,77.09,77.11,77.44,76.69,4688646,34.7,34.71,34.86,34.52,4688646.0,-0.12000000000000455,-0.0031
2013-12-24,38.83,38.9,38.6,38.61,NKE,1391336.0,2.1368145539147574,2.1368145539147574,77.22,77.66,77.8,77.21,1391336,34.76,34.95,35.02,34.75,1391336.0,0.28000000000000114,0.0073
2013-12-26,39.09,39.23,38.85,38.87,NKE,2304925.0,2.157818205318771,2.157818205318771,77.74,78.19,78.46,77.7,2304925,34.99,35.19,35.31,34.97,2304925.0,0.2600000000000051,0.0067
2013-12-27,39.08,39.51,39.02,39.38,NKE,2320353.0,2.1570103725724628,2.1570103725724628,78.75,78.16,79.01,78.03,2320353,35.45,35.18,35.56,35.12,2320353.0,-0.010000000000005116,-0.0003
2013-12-30,39.37,39.45,38.96,38.96,NKE,2144671.0,2.1804375222154007,2.1804375222154007,77.92,78.74,78.89,77.92,2144671,35.07,35.44,35.51,35.07,2144671.0,0.28999999999999915,0.0074
2013-12-31,39.32,39.48,39.17,39.38,NKE,2053633.0,2.1763983584838598,2.1763983584838598,78.77,78.64,78.95,78.34,2053633,35.45,35.4,35.54,35.26,2053633.0,-0.04999999999999716,-0.0013
2014-01-02,39.12,39.41,38.97,39.08,NKE,2660218.0,2.1602417035576953,2.1602417035576953,78.15,78.24,78.83,77.93,2660218,35.18,35.22,35.48,35.08,2660218.0,-0.20000000000000284,-0.0051
2014-01-03,39.02,39.31,38.98,39.08,NKE,2798497.0,2.152163376094614,2.152163376094614,78.15,78.03,78.63,77.96,2798497,35.18,35.12,35.39,35.09,2798497.0,-0.09999999999999432,-0.0026
2014-01-06,38.72,39.3,38.7,39.23,NKE,3022912.0,2.1279283937053672,2.1279283937053672,78.47,77.43,78.6,77.41,3022912,35.32,34.85,35.38,34.84,3022912.0,-0.30000000000000426,-0.0077
2014-01-07,38.74,39.0,38.7,38.85,NKE,3384488.0,2.129544059197984,2.129544059197984,77.71,77.49,78.0,77.41,3384488,34.98,34.88,35.11,34.84,3384488.0,0.020000000000003126,0.0005
2014-01-08,38.55,38.98,38.47,38.75,NKE,3449018.0,2.114195237018128,2.114195237018128,77.5,77.09,77.95,76.93,3449018,34.88,34.7,35.09,34.63,3449018.0,-0.19000000000000483,-0.0049
2014-01-09,38.55,38.73,38.38,38.71,NKE,3131727.0,2.114195237018128,2.114195237018128,77.42,77.09,77.46,76.76,3131727,34.85,34.7,34.86,34.55,3131727.0,0.0,0.0
2014-01-10,38.46,38.67,38.35,38.5,NKE,2556996.0,2.106924742301354,2.106924742301354,77.0,76.92,77.35,76.7,2556996,34.66,34.62,34.82,34.52,2556996.0,-0.0899999999999963,-0.0023
2014-01-13,37.59,38.46,37.5,38.41,NKE,4131926.0,2.0366432933725407,2.0366432933725407,76.83,75.18,76.92,75.0,4131926,34.58,33.84,34.62,33.76,4131926.0,-0.8699999999999974,-0.0226
2014-01-14,37.59,37.67,37.33,37.55,NKE,3904852.0,2.0366432933725407,2.0366432933725407,75.1,75.17,75.34,74.65,3904852,33.8,33.83,33.91,33.6,3904852.0,0.0,0.0
2014-01-15,37.72,37.87,37.57,37.63,NKE,2926295.0,2.0471451190745467,2.0471451190745467,75.25,75.43,75.73,75.14,2926295,33.87,33.95,34.09,33.82,2926295.0,0.12999999999999545,0.0035
2014-01-16,37.4,37.69,37.17,37.62,NKE,2424198.0,2.021294471192684,2.021294471192684,75.23,74.79,75.38,74.35,2424198,33.86,33.66,33.93,33.46,2424198.0,-0.3200000000000003,-0.0085
2014-01-17,36.7,37.37,36.69,37.3,NKE,4926015.0,1.9647461789511103,1.9647461789511103,74.6,73.39,74.74,73.38,4926015,33.58,33.03,33.64,33.03,4926015.0,-0.6999999999999957,-0.0187
2014-01-21,36.88,37.3,36.7,37.07,NKE,6573479.0,1.979287168384658,1.979287168384658,74.14,73.75,74.6,73.41,6573479,33.37,33.19,33.58,33.04,6573479.0,0.17999999999999972,0.0049
2014-01-22,36.75,37.03,36.75,36.98,NKE,3712609.0,1.9687853426826512,1.9687853426826512,73.96,73.5,74.06,73.5,3712609,33.29,33.08,33.33,33.08,3712609.0,-0.13000000000000256,-0.0035
2014-01-23,36.37,36.59,36.01,36.51,NKE,4752758.0,1.9380876983229391,1.9380876983229391,73.01,72.73,73.18,72.02,4752758,32.86,32.74,32.94,32.42,4752758.0,-0.38000000000000256,-0.0103
2014-01-24,35.83,36.33,35.82,36.15,NKE,4616157.0,1.894464730022296,1.894464730022296,72.29,71.65,72.66,71.64,4616157,32.54,32.25,32.7,32.25,4616157.0,-0.5399999999999991,-0.0148
2014-01-27,35.95,36.13,35.86,35.95,NKE,5706368.0,1.904158722977995,1.904158722977995,71.91,71.9,72.26,71.72,5706368,32.37,32.36,32.52,32.28,5706368.0,0.12000000000000455,0.0033
2014-01-28,36.35,36.58,36.08,36.15,NKE,4534644.0,1.936472032830323,1.936472032830323,72.29,72.71,73.15,72.15,4534644,32.54,32.73,32.92,32.47,4534644.0,0.3999999999999986,0.0111
2014-01-29,35.88,36.28,35.76,36.16,NKE,5244361.0,1.8985038937538377,1.8985038937538377,72.31,71.77,72.57,71.51,5244361,32.55,32.3,32.66,32.19,5244361.0,-0.46999999999999886,-0.0129
2014-01-30,36.97,37.1,36.19,36.23,NKE,5220203.0,1.9865576631014314,1.9865576631014314,72.45,73.94,74.2,72.38,5220203,32.61,33.28,33.4,32.58,5220203.0,1.0899999999999963,0.0304
2014-01-31,36.42,36.66,36.18,36.49,NKE,4325950.0,1.9421268620544805,1.9421268620544805,72.99,72.85,73.31,72.36,4325950,32.85,32.79,33.0,32.57,4325950.0,-0.5499999999999972,-0.0149
2014-02-03,35.44,36.4,35.39,36.38,NKE,4758107.0,1.8629592529162762,1.8629592529162762,72.76,70.88,72.79,70.78,4758107,32.75,31.9,32.76,31.86,4758107.0,-0.980000000000004,-0.0269
2014-02-04,35.26,35.62,35.17,35.48,NKE,3502097.0,1.8484182634827284,1.8484182634827284,70.96,70.51,71.24,70.34,3502097,31.94,31.74,32.07,31.66,3502097.0,-0.17999999999999972,-0.0051
2014-02-05,35.3,35.43,34.92,35.23,NKE,3684344.0,1.8516495944679612,1.8516495944679612,70.47,70.6,70.86,69.85,3684344,31.72,31.78,31.9,31.44,3684344.0,0.03999999999999915,0.0011
2014-02-06,35.76,36.13,35.25,35.38,NKE,3679648.0,1.8888099007981387,1.8888099007981387,70.75,71.51,72.27,70.5,3679648,31.84,32.19,32.53,31.73,3679648.0,0.46000000000000085,0.013
2014-02-07,36.34,36.42,35.88,35.95,NKE,3494352.0,1.935664200084015,1.935664200084015,71.91,72.69,72.84,71.75,3494352,32.37,32.72,32.79,32.29,3494352.0,0.5800000000000054,0.0162
2014-02-10,36.34,36.49,36.06,36.37,NKE,3215268.0,1.935664200084015,1.935664200084015,72.73,72.67,72.99,72.12,3215268,32.74,32.71,32.85,32.46,3215268.0,0.0,0.0
2014-02-11,36.99,37.07,36.23,36.33,NKE,4377130.0,1.9881733285940482,1.9881733285940482,72.65,73.98,74.14,72.45,4377130,32.7,33.3,33.37,32.61,4377130.0,0.6499999999999986,0.0179
2014-02-12,37.05,37.41,36.92,37.16,NKE,3198152.0,1.993020325071897,1.993020325071897,74.31,74.11,74.81,73.84,3198152,33.45,33.36,33.67,33.24,3198152.0,0.05999999999999517,0.0016
2014-02-13,37.44,37.48,36.87,36.91,NKE,3084380.0,2.024525802177917,2.024525802177917,73.83,74.87,74.96,73.74,3084380,33.23,33.7,33.74,33.19,3084380.0,0.39000000000000057,0.0105
2014-02-14,37.53,37.59,37.1,37.44,NKE,3105578.0,2.031796296894691,2.031796296894691,74.87,75.07,75.18,74.2,3105578,33.7,33.79,33.84,33.4,3105578.0,0.09000000000000341,0.0024
2014-02-18,37.6,37.73,37.45,37.57,NKE,2967849.0,2.0374511261188486,2.0374511261188486,75.14,75.21,75.47,74.9,2967849,33.82,33.85,33.97,33.71,2967849.0,0.07000000000000028,0.0019
2014-02-19,37.41,37.77,37.3,37.3,NKE,2700742.0,2.0221023039389925,2.0221023039389925,74.61,74.82,75.55,74.61,2700742,33.58,33.68,34.0,33.58,2700742.0,-0.19000000000000483,-0.0051
2014-02-20,37.79,37.88,37.43,37.49,NKE,2790797.0,2.0527999482987043,2.0527999482987043,74.99,75.58,75.75,74.86,2790797,33.75,34.02,34.1,33.69,2790797.0,0.38000000000000256,0.0102
2014-02-21,38.24,38.33,37.68,37.7,NKE,4364264.0,2.0891524218825737,2.0891524218825737,75.39,76.48,76.66,75.36,4364264,33.93,34.42,34.5,33.92,4364264.0,0.45000000000000284,0.0119
2014-02-24,38.92,39.07,38.24,38.3,NKE,5545408.0,2.1440850486315317,2.1440850486315317,76.59,77.84,78.14,76.49,5545408,34.47,35.04,35.17,34.43,5545408.0,0.6799999999999997,0.0178
2014-02-25,39.05,39.26,38.78,38.87,NKE,3422294.0,2.1545868743335377,2.1545868743335377,77.73,78.11,78.52,77.57,3422294,34.99,35.16,35.34,34.91,3422294.0,0.12999999999999545,0.0033
2014-02-26,39.21,39.53,39.16,39.16,NKE,3959334.0,2.1675121982744696,2.1675121982744696,78.31,78.42,79.06,78.31,3959334,35.25,35.3,35.58,35.25,3959334.0,0.1600000000000037,0.0041
2014-02-27,39.01,39.2,38.74,39.0,NKE,3299715.0,2.151355543348305,2.151355543348305,78.0,78.02,78.39,77.48,3299715,35.22,35.23,35.39,34.98,3299715.0,-0.20000000000000284,-0.0051
2014-02-28,39.15,39.35,38.8,38.95,NKE,3438307.0,2.16266520179662,2.16266520179662,77.9,78.3,78.71,77.61,3438307,35.17,35.35,35.54,35.04,3438307.0,0.14000000000000057,0.0036
2014-03-03,38.7,38.99,38.27,38.81,NKE,3034556.0,2.1263127282127514,2.1263127282127514,77.63,77.39,77.99,76.55,3034556,35.05,34.94,35.21,34.56,3034556.0,-0.44999999999999574,-0.0115
2014-03-04,39.31,39.52,39.18,39.28,NKE,2830808.0,2.1755905257375514,2.1755905257375514,78.57,78.62,79.05,78.36,2830808,35.47,35.5,35.69,35.38,2830808.0,0.6099999999999994,0.0158
2014-03-05,38.71,39.3,38.68,39.26,NKE,3366879.0,2.1271205609590593,2.1271205609590593,78.52,77.42,78.6,77.36,3366879,35.45,34.96,35.49,34.93,3366879.0,-0.6000000000000014,-0.0153
2014-03-06,39.11,39.2,38.68,38.9,NKE,2768970.0,2.1594338708113874,2.1594338708113874,77.8,78.22,78.39,77.36,2768970,35.13,35.32,35.39,34.93,2768970.0,0.3999999999999986,0.0103
2014-03-07,39.73,40.05,39.54,39.55,NKE,4465440.0,2.2095195010824957,2.2095195010824957,79.1,79.46,80.09,79.08,4465440,35.71,35.88,36.16,35.7,4465440.0,0.6199999999999974,0.0159
2014-03-10,39.49,39.68,39.23,39.59,NKE,2672224.0,2.190131515171099,2.190131515171099,79.17,78.98,79.36,78.45,2672224,35.75,35.66,35.83,35.42,2672224.0,-0.23999999999999488,-0.006
2014-03-11,39.4,39.81,39.28,39.52,NKE,2453621.0,2.1828610204543253,2.1828610204543253,79.05,78.8,79.62,78.57,2453621,35.69,35.58,35.95,35.47,2453621.0,-0.09000000000000341,-0.0023
2014-03-12,39.48,39.5,39.02,39.05,NKE,2148673.0,2.189323682424791,2.189323682424791,78.1,78.97,79.0,78.03,2148673,35.26,35.65,35.67,35.23,2148673.0,0.0799999999999983,0.002
2014-03-13,39.27,39.87,39.16,39.63,NKE,4200225.0,2.172359194752319,2.172359194752319,79.25,78.53,79.73,78.33,4200225,35.78,35.46,36.0,35.37,4200225.0,-0.20999999999999375,-0.0053
2014-03-14,39.16,39.5,38.91,39.15,NKE,3043270.0,2.1634730345429283,2.1634730345429283,78.29,78.32,79.0,77.81,3043270,35.35,35.36,35.67,35.13,3043270.0,-0.11000000000000654,-0.0028
2014-03-17,39.49,39.57,39.26,39.44,NKE,4290168.0,2.190131515171099,2.190131515171099,78.87,78.98,79.14,78.52,4290168,35.61,35.66,35.73,35.45,4290168.0,0.3300000000000054,0.0084
2014-03-18,39.82,40.04,39.52,39.59,NKE,4122697.0,2.21678999579927,2.21678999579927,79.18,79.64,80.08,79.05,4122697,35.75,35.96,36.16,35.69,4122697.0,0.3299999999999983,0.0084
2014-03-19,39.58,39.98,39.28,39.67,NKE,2985151.0,2.1974020098878726,2.1974020098878726,79.35,79.15,79.96,78.56,2985151,35.83,35.74,36.1,35.47,2985151.0,-0.240000000000002,-0.006
2014-03-20,39.63,39.63,38.88,39.48,NKE,6220318.0,2.2014411736194144,2.2014411736194144,78.95,79.27,79.27,77.77,6220318,35.65,35.79,35.79,35.11,6220318.0,0.05000000000000426,0.0013
2014-03-21,37.6,38.66,37.5,38.55,NKE,15893536.0,2.0374511261188486,2.0374511261188486,77.1,75.21,77.31,75.0,15893536,34.81,33.96,34.91,33.86,15893536.0,-2.030000000000001,-0.0512
2014-03-24,37.43,37.91,37.28,37.74,NKE,5001047.0,2.023717969431609,2.023717969431609,75.48,74.86,75.83,74.57,5001047,34.08,33.8,34.24,33.67,5001047.0,-0.1700000000000017,-0.0045
2014-03-25,36.83,37.76,36.8,37.67,NKE,5264690.0,1.9752480046531167,1.9752480046531167,75.35,73.65,75.51,73.59,5264690,34.02,33.25,34.09,33.23,5264690.0,-0.6000000000000014,-0.016
2014-03-26,36.61,37.25,36.61,37.09,NKE,4271951.0,1.9574756842343362,1.9574756842343362,74.18,73.22,74.5,73.22,4271951,33.49,33.06,33.64,33.06,4271951.0,-0.21999999999999886,-0.006
2014-03-27,36.66,37.05,36.51,36.66,NKE,4079342.0,1.961514847965877,1.961514847965877,73.31,73.32,74.1,73.01,4079342,33.1,33.1,33.46,32.96,4079342.0,0.04999999999999716,0.0014
2014-03-28,36.77,37.06,36.64,36.79,NKE,2993522.0,1.9704010081752679,1.9704010081752679,73.58,73.54,74.12,73.28,2993522,33.22,33.2,33.47,33.09,2993522.0,0.11000000000000654,0.003
2014-03-31,36.93,37.09,36.73,37.0,NKE,3178335.0,1.9833263321161987,1.9833263321161987,74.0,73.86,74.19,73.45,3178335,33.41,33.35,33.5,33.16,3178335.0,0.1599999999999966,0.0044
2014-04-01,37.2,37.39,37.01,37.01,NKE,3703810.0,2.0051378162665205,2.0051378162665205,74.02,74.39,74.78,74.02,3703810,33.42,33.59,33.76,33.42,3703810.0,0.2700000000000031,0.0073
2014-04-02,37.27,37.5,37.16,37.35,NKE,3807310.0,2.010792645490678,2.010792645490678,74.71,74.54,75.0,74.32,3807310,33.73,33.65,33.86,33.56,3807310.0,0.07000000000000028,0.0019
2014-04-03,36.99,37.59,36.91,37.28,NKE,4127467.0,1.9881733285940482,1.9881733285940482,74.56,73.99,75.18,73.82,4127467,33.66,33.41,33.94,33.33,4127467.0,-0.28000000000000114,-0.0075
2014-04-04,36.42,37.25,36.26,37.19,NKE,4860061.0,1.9421268620544805,1.9421268620544805,74.37,72.84,74.5,72.52,4860061,33.58,32.89,33.64,32.74,4860061.0,-0.5700000000000003,-0.0154
2014-04-07,35.41,36.47,35.3,36.41,NKE,6926937.0,1.8605357546773515,1.8605357546773515,72.81,70.83,72.94,70.6,6926937,32.87,31.98,32.93,31.88,6926937.0,-1.0100000000000051,-0.0277
2014-04-08,36.46,36.55,35.95,36.11,NKE,6329767.0,1.9453581930397132,1.9453581930397132,72.22,72.92,73.11,71.9,6329767,32.61,32.92,33.01,32.46,6329767.0,1.0500000000000043,0.0297
2014-04-09,36.78,36.8,36.27,36.63,NKE,3539218.0,1.9712088409215758,1.9712088409215758,73.26,73.56,73.6,72.53,3539218,33.08,33.21,33.23,32.75,3539218.0,0.3200000000000003,0.0088
2014-04-10,36.23,37.09,36.13,36.88,NKE,4188286.0,1.9267780398746241,1.9267780398746241,73.77,72.45,74.17,72.25,4188286,33.31,32.71,33.49,32.62,4188286.0,-0.5500000000000043,-0.015
2014-04-11,35.63,36.34,35.61,36.0,NKE,4349263.0,1.8783080750961325,1.8783080750961325,72.0,71.25,72.67,71.22,4349263,32.51,32.17,32.81,32.16,4349263.0,-0.5999999999999943,-0.0166
2014-04-14,36.19,36.23,35.65,35.85,NKE,3632385.0,1.9235467088893914,1.9235467088893914,71.7,72.38,72.46,71.3,3632385,32.37,32.68,32.72,32.19,3632385.0,0.5599999999999952,0.0157
2014-04-15,36.14,36.44,35.87,36.19,NKE,3888722.0,1.9195075451578507,1.9195075451578507,72.38,72.28,72.87,71.73,3888722,32.68,32.63,32.9,32.39,3888722.0,-0.04999999999999716,-0.0014
2014-04-16,36.55,36.59,36.25,36.42,NKE,2306663.0,1.952628687756487,1.952628687756487,72.84,73.1,73.18,72.5,2306663,32.89,33.0,33.04,32.73,2306663.0,0.4099999999999966,0.0113
2014-04-17,37.02,37.22,36.64,36.67,NKE,4520797.0,1.9905968268329728,1.9905968268329728,73.34,74.03,74.43,73.28,4520797,33.11,33.42,33.61,33.09,4520797.0,0.47000000000000597,0.0129
2014-04-21,36.95,37.03,36.66,36.95,NKE,3405919.0,1.9849419976088154,1.9849419976088154,73.91,73.9,74.06,73.32,3405919,33.37,33.37,33.44,33.1,3405919.0,-0.07000000000000028,-0.0019
2014-04-22,37.17,37.35,36.85,36.85,NKE,2568039.0,2.002714318027596,2.002714318027596,73.71,74.35,74.7,73.71,2568039,33.28,33.57,33.73,33.28,2568039.0,0.21999999999999886,0.006
2014-04-23,37.05,37.43,37.01,37.27,NKE,2368911.0,1.993020325071897,1.993020325071897,74.54,74.1,74.86,74.01,2368911,33.65,33.46,33.8,33.42,2368911.0,-0.12000000000000455,-0.0032
2014-04-24,36.7,37.19,36.55,37.01,NKE,3392259.0,1.9647461789511103,1.9647461789511103,74.02,73.39,74.37,73.1,3392259,33.42,33.14,33.58,33.0,3392259.0,-0.3499999999999943,-0.0094
2014-04-25,36.35,36.85,36.26,36.55,NKE,3241457.0,1.936472032830323,1.936472032830323,73.09,72.7,73.7,72.51,3241457,33.0,32.82,33.28,32.74,3241457.0,-0.3500000000000014,-0.0095
2014-04-28,35.84,36.84,35.55,36.68,NKE,5723432.0,1.895272562768605,1.895272562768605,73.36,71.67,73.69,71.1,5723432,33.12,32.36,33.27,32.1,5723432.0,-0.509999999999998,-0.014
2014-04-29,36.24,36.36,35.83,35.86,NKE,3117993.0,1.927585872620933,1.927585872620933,71.72,72.48,72.72,71.65,3117993,32.38,32.72,32.83,32.35,3117993.0,0.3999999999999986,0.0112
2014-04-30,36.48,36.53,36.05,36.16,NKE,3087346.0,1.9469738585323293,1.9469738585323293,72.33,72.95,73.06,72.09,3087346,32.66,32.94,32.99,32.55,3087346.0,0.23999999999999488,0.0066
2014-05-01,36.46,36.69,36.3,36.41,NKE,2409062.0,1.9453581930397132,1.9453581930397132,72.81,72.92,73.38,72.59,2409062,32.87,32.92,33.13,32.77,2409062.0,-0.01999999999999602,-0.0005
2014-05-02,36.49,36.77,36.42,36.47,NKE,2024135.0,1.9477816912786379,1.9477816912786379,72.93,72.99,73.53,72.84,2024135,32.93,32.95,33.2,32.89,2024135.0,0.030000000000001137,0.0008
2014-05-05,36.65,36.72,36.13,36.34,NKE,2327911.0,1.960707015219569,1.960707015219569,72.67,73.29,73.43,72.26,2327911,32.81,33.09,33.15,32.63,2327911.0,0.1599999999999966,0.0044
2014-05-06,36.13,36.58,36.1,36.49,NKE,2292556.0,1.9186997124115426,1.9186997124115426,72.99,72.25,73.17,72.21,2292556,32.95,32.62,33.03,32.6,2292556.0,-0.519999999999996,-0.0142
2014-05-07,36.09,36.41,35.76,36.35,NKE,2802673.0,1.9154683814263098,1.9154683814263098,72.71,72.18,72.83,71.53,2802673,32.83,32.59,32.88,32.29,2802673.0,-0.03999999999999915,-0.0011
2014-05-08,36.52,36.67,36.13,36.14,NKE,3982633.0,1.9502051895175627,1.9502051895175627,72.28,73.05,73.35,72.25,3982633,32.63,32.98,33.12,32.62,3982633.0,0.4299999999999997,0.0119
2014-05-09,36.73,36.79,36.34,36.44,NKE,2408547.0,1.9671696771900344,1.9671696771900344,72.87,73.45,73.58,72.69,2408547,32.9,33.16,33.22,32.82,2408547.0,0.20999999999999375,0.0058
2014-05-12,37.31,37.33,36.69,36.81,NKE,3318471.0,2.0140239764759107,2.0140239764759107,73.62,74.63,74.66,73.37,3318471,33.24,33.7,33.71,33.13,3318471.0,0.5800000000000054,0.0158
2014-05-13,37.3,37.5,37.27,37.34,NKE,2265056.0,2.0132161437296023,2.0132161437296023,74.67,74.59,75.0,74.53,2265056,33.71,33.68,33.86,33.65,2265056.0,-0.010000000000005116,-0.0003
2014-05-14,36.79,37.33,36.75,37.24,NKE,3141665.0,1.972016673667884,1.972016673667884,74.48,73.58,74.65,73.5,3141665,33.63,33.22,33.7,33.19,3141665.0,-0.509999999999998,-0.0137
2014-05-15,36.47,36.81,36.19,36.7,NKE,3019899.0,1.9461660257860214,1.9461660257860214,73.41,72.94,73.62,72.37,3019899,33.14,32.93,33.24,32.68,3019899.0,-0.3200000000000003,-0.0087
2014-05-16,36.97,36.98,36.41,36.48,NKE,2688513.0,1.9865576631014314,1.9865576631014314,72.96,73.94,73.95,72.83,2688513,32.94,33.38,33.39,32.88,2688513.0,0.5,0.0137
2014-05-19,37.24,37.27,36.87,37.01,NKE,2341071.0,2.008369147251753,2.008369147251753,74.02,74.49,74.55,73.73,2341071,33.42,33.63,33.66,33.29,2341071.0,0.2700000000000031,0.0073
2014-05-20,36.63,37.05,36.55,37.02,NKE,2960689.0,1.9590913497269529,1.9590913497269529,74.04,73.26,74.1,73.11,2960689,33.43,33.08,33.46,33.01,2960689.0,-0.6099999999999994,-0.0164
2014-05-21,37.1,37.13,36.63,36.69,NKE,2335949.0,1.9970594888034383,1.9970594888034383,73.38,74.21,74.26,73.26,2335949,33.13,33.51,33.53,33.08,2335949.0,0.46999999999999886,0.0128
2014-05-22,37.44,37.47,37.0,37.21,NKE,2433151.0,2.024525802177917,2.024525802177917,74.42,74.88,74.93,74.0,2433151,33.6,33.81,33.83,33.41,2433151.0,0.3399999999999963,0.0092
2014-05-23,37.92,38.16,37.48,37.56,NKE,3667615.0,2.063301774000711,2.063301774000711,75.13,75.85,76.32,74.96,3667615,33.92,34.25,34.46,33.84,3667615.0,0.480000000000004,0.0128
2014-05-27,38.3,38.42,38.11,38.22,NKE,3349038.0,2.0939994183604225,2.0939994183604225,76.44,76.61,76.85,76.22,3349038,34.51,34.59,34.7,34.41,3349038.0,0.37999999999999545,0.01
2014-05-28,38.13,38.3,37.96,38.27,NKE,2374617.0,2.0802662616731835,2.0802662616731835,76.53,76.27,76.61,75.92,2374617,34.55,34.44,34.59,34.28,2374617.0,-0.1699999999999946,-0.0044
2014-05-29,38.19,38.32,37.99,38.1,NKE,1993775.0,2.0851132581510323,2.0851132581510323,76.2,76.38,76.64,75.98,1993775,34.51,34.59,34.71,34.41,1993775.0,0.05999999999999517,0.0016
2014-05-30,38.45,38.47,38.15,38.2,NKE,2596189.0,2.106116909555046,2.106116909555046,76.4,76.91,76.93,76.3,2596189,34.6,34.83,34.84,34.56,2596189.0,0.2600000000000051,0.0068
2014-06-02,38.36,38.49,38.15,38.49,NKE,1913244.0,2.098846414838272,2.098846414838272,76.99,76.72,76.99,76.3,1913244,34.87,34.75,34.87,34.56,1913244.0,-0.09000000000000341,-0.0023
2014-06-03,37.77,38.3,37.74,38.21,NKE,3396746.0,2.051184282806088,2.051184282806088,76.42,75.55,76.61,75.48,3396746,34.61,34.22,34.7,34.18,3396746.0,-0.5899999999999963,-0.0154
2014-06-04,38.06,38.18,37.71,37.72,NKE,3678434.0,2.074611432449026,2.074611432449026,75.44,76.13,76.36,75.42,3678434,34.17,34.48,34.58,34.16,3678434.0,0.28999999999999915,0.0077
2014-06-05,37.94,38.27,37.66,38.16,NKE,3672752.0,2.0649174394933274,2.0649174394933274,76.31,75.87,76.54,75.32,3672752,34.56,34.36,34.66,34.11,3672752.0,-0.12000000000000455,-0.0032
2014-06-06,38.12,38.44,38.08,38.08,NKE,3318833.0,2.0794584289268747,2.0794584289268747,76.16,76.23,76.87,76.15,3318833,34.49,34.52,34.81,34.49,3318833.0,0.17999999999999972,0.0047
2014-06-09,38.34,38.45,38.05,38.05,NKE,2514340.0,2.097230749345656,2.097230749345656,76.1,76.67,76.91,76.1,2514340,34.47,34.72,34.83,34.47,2514340.0,0.22000000000000597,0.0058
2014-06-10,38.16,38.46,38.12,38.17,NKE,2576422.0,2.0826897599121077,2.0826897599121077,76.34,76.31,76.92,76.24,2576422,34.57,34.56,34.84,34.53,2576422.0,-0.18000000000000682,-0.0047
2014-06-11,37.57,37.9,37.45,37.84,NKE,4624972.0,2.035027627879924,2.035027627879924,75.67,75.14,75.8,74.9,4624972,34.27,34.03,34.33,33.92,4624972.0,-0.5899999999999963,-0.0155
2014-06-12,37.38,37.72,37.29,37.59,NKE,3165290.0,2.0196788057000683,2.0196788057000683,75.19,74.77,75.44,74.58,3165290,34.05,33.86,34.17,33.78,3165290.0,-0.18999999999999773,-0.0051
2014-06-13,37.31,37.47,36.57,37.37,NKE,3856079.0,2.0140239764759107,2.0140239764759107,74.74,74.62,74.93,73.14,3856079,33.85,33.8,33.94,33.13,3856079.0,-0.07000000000000028,-0.0019
2014-06-16,37.27,37.65,37.2,37.41,NKE,3265740.0,2.010792645490678,2.010792645490678,74.81,74.55,75.3,74.4,3265740,33.88,33.76,34.1,33.7,3265740.0,-0.03999999999999915,-0.0011
2014-06-17,37.55,37.58,37.13,37.38,NKE,3061137.0,2.0334119623873073,2.0334119623873073,74.77,75.09,75.16,74.25,3061137,33.86,34.01,34.04,33.63,3061137.0,0.27999999999999403,0.0075
2014-06-18,38.1,38.18,37.36,37.62,NKE,4926111.0,2.077842763434259,2.077842763434259,75.24,76.21,76.36,74.72,4926111,34.08,34.52,34.58,33.84,4926111.0,0.5500000000000043,0.0146
2014-06-19,37.82,38.23,37.6,38.22,NKE,2488832.0,2.055223446537629,2.055223446537629,76.43,75.64,76.45,75.21,2488832,34.62,34.26,34.62,34.06,2488832.0,-0.28000000000000114,-0.0073
2014-06-20,37.55,38.06,37.52,38.05,NKE,5692836.0,2.0334119623873073,2.0334119623873073,76.09,75.1,76.13,75.05,5692836,34.46,34.01,34.48,33.99,5692836.0,-0.2700000000000031,-0.0071
2014-06-23,37.73,37.8,37.2,37.55,NKE,4534639.0,2.047952951820855,2.047952951820855,75.1,75.45,75.61,74.4,4534639,34.01,34.17,34.24,33.7,4534639.0,0.17999999999999972,0.0048
2014-06-24,37.49,37.98,37.47,37.7,NKE,3808482.0,2.0285649659094585,2.0285649659094585,75.39,74.98,75.97,74.93,3808482,34.14,33.96,34.4,33.94,3808482.0,-0.23999999999999488,-0.0064
2014-06-25,38.23,38.27,37.52,37.52,NKE,3586068.0,2.0883445891362653,2.0883445891362653,75.03,76.47,76.54,75.03,3586068,33.98,34.63,34.66,33.98,3586068.0,0.7399999999999949,0.0197
2014-06-26,38.43,38.45,37.84,38.28,NKE,5261330.0,2.1045012440624293,2.1045012440624293,76.57,76.86,76.91,75.67,5261330,34.68,34.81,34.83,34.27,5261330.0,0.20000000000000284,0.0052
2014-06-27,38.84,39.58,38.84,39.27,NKE,9071120.0,2.137622386661066,2.137622386661066,78.53,77.68,79.15,77.68,9071120,35.57,35.18,35.85,35.18,9071120.0,0.4100000000000037,0.0107
2014-06-30,38.77,38.87,38.55,38.76,NKE,4269401.0,2.1319675574369086,2.1319675574369086,77.51,77.55,77.73,77.09,4269401,35.1,35.12,35.2,34.91,4269401.0,-0.07000000000000028,-0.0018
2014-07-01,39.0,39.27,38.87,38.87,NKE,3564907.0,2.1505477106019972,2.1505477106019972,77.73,78.0,78.54,77.73,3564907,35.2,35.33,35.57,35.2,3564907.0,0.22999999999999687,0.0059
2014-07-02,38.9,39.2,38.84,39.03,NKE,2788761.0,2.142469383138915,2.142469383138915,78.06,77.79,78.41,77.69,2788761,35.35,35.23,35.51,35.19,2788761.0,-0.10000000000000142,-0.0026
2014-07-03,39.23,39.31,38.5,38.77,NKE,2284250.0,2.1691278637670854,2.1691278637670854,77.53,78.45,78.62,77.0,2284250,35.11,35.53,35.61,34.87,2284250.0,0.3299999999999983,0.0085
2014-07-07,39.33,39.41,38.97,39.0,NKE,2732403.0,2.1772061912301677,2.1772061912301677,78.0,78.65,78.83,77.94,2732403,35.33,35.62,35.7,35.3,2732403.0,0.10000000000000142,0.0025
2014-07-08,38.84,39.2,38.53,39.16,NKE,4028438.0,2.137622386661066,2.137622386661066,78.31,77.67,78.41,77.07,4028438,35.47,35.18,35.51,34.91,4028438.0,-0.4899999999999949,-0.0125
2014-07-09,39.34,39.38,38.84,38.89,NKE,3524271.0,2.1780140239764765,2.1780140239764765,77.78,78.69,78.77,77.69,3524271,35.23,35.64,35.67,35.19,3524271.0,0.5,0.0129
2014-07-10,38.75,38.91,38.4,38.63,NKE,3178478.0,2.130351891944292,2.130351891944292,77.27,77.5,77.81,76.79,3178478,35.0,35.1,35.24,34.78,3178478.0,-0.5900000000000034,-0.015
2014-07-11,38.65,38.8,38.38,38.64,NKE,2883760.0,2.1222735644812096,2.1222735644812096,77.28,77.29,77.59,76.76,2883760,35.0,35.0,35.14,34.76,2883760.0,-0.10000000000000142,-0.0026
2014-07-14,38.98,39.09,38.8,38.98,NKE,2751653.0,2.1489320451093805,2.1489320451093805,77.95,77.95,78.19,77.59,2751653,35.3,35.3,35.41,35.14,2751653.0,0.3299999999999983,0.0085
2014-07-15,39.02,39.1,38.74,38.76,NKE,3273983.0,2.152163376094614,2.152163376094614,77.52,78.03,78.21,77.48,3273983,35.11,35.34,35.42,35.09,3273983.0,0.04000000000000625,0.001
2014-07-16,38.46,39.12,38.38,38.92,NKE,3731939.0,2.106924742301354,2.106924742301354,77.85,76.92,78.23,76.77,3731939,35.26,34.84,35.43,34.77,3731939.0,-0.5600000000000023,-0.0144
2014-07-17,38.27,38.48,38.15,38.22,NKE,3731335.0,2.0915759201214983,2.0915759201214983,76.43,76.53,76.97,76.3,3731335,34.62,34.66,34.86,34.56,3731335.0,-0.18999999999999773,-0.0049
2014-07-18,38.76,38.85,38.34,38.42,NKE,3037207.0,2.1311597246906,2.1311597246906,76.85,77.52,77.71,76.67,3037207,34.81,35.11,35.19,34.72,3037207.0,0.4899999999999949,0.0128
2014-07-21,38.41,38.65,38.35,38.41,NKE,2111482.0,2.1028855785698126,2.1028855785698126,76.83,76.82,77.3,76.7,2111482,34.8,34.79,35.01,34.74,2111482.0,-0.3500000000000014,-0.009
2014-07-22,38.52,38.82,38.5,38.55,NKE,2517993.0,2.1117717387792037,2.1117717387792037,77.11,77.04,77.64,77.0,2517993,34.92,34.89,35.16,34.87,2517993.0,0.11000000000000654,0.0029
2014-07-23,38.69,38.73,38.41,38.63,NKE,2051981.0,2.1255048954664426,2.1255048954664426,77.26,77.37,77.45,76.83,2051981,34.99,35.04,35.08,34.8,2051981.0,0.1699999999999946,0.0044
2014-07-24,39.3,39.38,38.93,38.97,NKE,4015131.0,2.174782692991243,2.174782692991243,77.94,78.6,78.77,77.86,4015131,35.3,35.6,35.67,35.26,4015131.0,0.6099999999999994,0.0158
2014-07-25,38.86,39.39,38.8,39.17,NKE,2270460.0,2.139238052153682,2.139238052153682,78.34,77.72,78.78,77.61,2270460,35.48,35.2,35.68,35.15,2270460.0,-0.4399999999999977,-0.0112
2014-07-28,39.2,39.3,38.76,38.97,NKE,2032608.0,2.1667043655281613,2.1667043655281613,77.93,78.4,78.6,77.52,2032608,35.29,35.51,35.6,35.11,2032608.0,0.3400000000000034,0.0087
2014-07-29,39.05,39.43,39.05,39.21,NKE,2334817.0,2.1545868743335377,2.1545868743335377,78.42,78.1,78.86,78.1,2334817,35.52,35.37,35.72,35.37,2334817.0,-0.15000000000000568,-0.0038
2014-07-30,39.8,39.97,39.14,39.2,NKE,4529166.0,2.2151743303066533,2.2151743303066533,78.39,79.61,79.94,78.28,4529166,35.5,36.06,36.2,35.45,4529166.0,0.75,0.0192
2014-07-31,38.56,39.51,38.49,39.33,NKE,3898874.0,2.115003069764436,2.115003069764436,78.66,77.13,79.02,76.98,3898874,35.63,34.93,35.79,34.86,3898874.0,-1.2399999999999949,-0.0312
2014-08-01,38.39,38.62,38.2,38.27,NKE,2912886.0,2.101269913077197,2.101269913077197,76.54,76.78,77.25,76.39,2912886,34.66,34.77,34.98,34.6,2912886.0,-0.1700000000000017,-0.0044
2014-08-04,38.58,38.7,38.15,38.44,NKE,2419675.0,2.1166187352570525,2.1166187352570525,76.88,77.16,77.41,76.29,2419675,34.82,34.95,35.06,34.55,2419675.0,0.18999999999999773,0.0049
2014-08-05,38.46,38.82,38.27,38.38,NKE,2433101.0,2.106924742301354,2.106924742301354,76.76,76.92,77.64,76.53,2433101,34.76,34.84,35.16,34.66,2433101.0,-0.11999999999999744,-0.0031
2014-08-06,38.57,38.62,38.23,38.26,NKE,2537162.0,2.1158109025107446,2.1158109025107446,76.51,77.14,77.24,76.45,2537162,34.65,34.94,34.98,34.62,2537162.0,0.10999999999999943,0.0029
2014-08-07,38.17,38.87,37.99,38.85,NKE,3378347.0,2.0834975926584165,2.0834975926584165,77.7,76.35,77.73,75.98,3378347,35.19,34.58,35.2,34.41,3378347.0,-0.3999999999999986,-0.0104
2014-08-08,38.53,38.55,37.95,38.16,NKE,3363000.0,2.1125795715255116,2.1125795715255116,76.31,77.06,77.1,75.9,3363000,34.56,34.9,34.92,34.38,3363000.0,0.35999999999999943,0.0094
2014-08-11,38.53,38.75,38.49,38.74,NKE,3924308.0,2.1125795715255116,2.1125795715255116,77.48,77.06,77.5,76.98,3924308,35.09,34.9,35.1,34.86,3924308.0,0.0,0.0
2014-08-12,38.37,38.72,38.24,38.5,NKE,4571164.0,2.09965424758458,2.09965424758458,77.0,76.73,77.44,76.49,4571164,34.87,34.75,35.07,34.64,4571164.0,-0.1600000000000037,-0.0042
2014-08-13,38.63,38.9,38.27,38.54,NKE,3200230.0,2.120657898988594,2.120657898988594,77.08,77.25,77.79,76.54,3200230,34.91,34.99,35.23,34.66,3200230.0,0.2600000000000051,0.0068
2014-08-14,38.65,38.91,38.48,38.76,NKE,1967465.0,2.1222735644812096,2.1222735644812096,77.52,77.3,77.81,76.96,1967465,35.11,35.01,35.24,34.86,1967465.0,0.01999999999999602,0.0005
2014-08-15,38.56,39.0,38.25,38.86,NKE,2249262.0,2.115003069764436,2.115003069764436,77.72,77.13,78.0,76.49,2249262,35.2,34.93,35.33,34.64,2249262.0,-0.0899999999999963,-0.0023
2014-08-18,39.27,39.34,38.78,38.87,NKE,2848680.0,2.172359194752319,2.172359194752319,77.73,78.55,78.69,77.57,2848680,35.2,35.58,35.64,35.13,2848680.0,0.7100000000000009,0.0184
2014-08-19,39.26,39.55,39.17,39.35,NKE,2212033.0,2.17155136200601,2.17155136200601,78.71,78.51,79.09,78.35,2212033,35.65,35.56,35.82,35.48,2212033.0,-0.010000000000005116,-0.0003
2014-08-20,39.45,39.54,39.09,39.09,NKE,1982898.0,2.1869001841858666,2.1869001841858666,78.19,78.91,79.08,78.19,1982898,35.41,35.74,35.82,35.41,1982898.0,0.19000000000000483,0.0048
2014-08-21,39.47,39.7,39.33,39.52,NKE,2000914.0,2.1885158496784825,2.1885158496784825,79.04,78.94,79.4,78.65,2000914,35.8,35.75,35.96,35.62,2000914.0,0.01999999999999602,0.0005
2014-08-22,39.65,39.87,39.46,39.63,NKE,2903688.0,2.20305683911203,2.20305683911203,79.25,79.29,79.73,78.92,2903688,35.89,35.91,36.11,35.74,2903688.0,0.17999999999999972,0.0046
2014-08-25,40.01,40.15,39.75,39.8,NKE,2543314.0,2.2321388179791257,2.2321388179791257,79.6,80.01,80.3,79.5,2543314,36.05,36.24,36.37,36.01,2543314.0,0.35999999999999943,0.0091
2014-08-26,39.74,40.05,39.71,40.02,NKE,2609467.0,2.2103273338288045,2.2103273338288045,80.03,79.48,80.1,79.42,2609467,36.25,36.0,36.28,35.97,2609467.0,-0.269999999999996,-0.0067
2014-08-27,39.86,39.99,39.71,39.99,NKE,1843783.0,2.2200213267845026,2.2200213267845026,79.99,79.72,79.99,79.42,1843783,36.23,36.11,36.23,35.97,1843783.0,0.11999999999999744,0.003
2014-08-28,39.41,39.61,39.33,39.51,NKE,2584563.0,2.183668853200633,2.183668853200633,79.02,78.82,79.22,78.66,2584563,35.9,35.81,35.99,35.74,2584563.0,-0.45000000000000284,-0.0113
2014-08-29,39.27,39.47,39.13,39.42,NKE,3211480.0,2.172359194752319,2.172359194752319,78.85,78.55,78.94,78.27,3211480,35.82,35.69,35.86,35.56,3211480.0,-0.13999999999999346,-0.0036
2014-09-01,39.275,39.76,39.175,39.175,NKE,6422960.0,2.1727631111254726,2.1727631111254726,78.35,78.55,79.52,78.35,3211480,35.4167,35.5071,35.9456,35.4167,6422960.0,0.0049999999999954525,0.0001
2014-09-02,39.64,39.76,39.17,39.17,NKE,4082183.0,2.2022490063657223,2.2022490063657223,78.35,79.28,79.52,78.35,4082183,35.59,36.02,36.13,35.59,4082183.0,0.365000000000002,0.0093
2014-09-03,39.41,39.94,39.27,39.9,NKE,2209877.0,2.183668853200633,2.183668853200633,79.79,78.82,79.88,78.54,2209877,36.25,35.81,36.29,35.68,2209877.0,-0.23000000000000398,-0.0058
2014-09-04,39.96,40.11,39.59,39.6,NKE,3015181.0,2.228099654247585,2.228099654247585,79.2,79.92,80.22,79.18,3015181,35.98,36.31,36.44,35.97,3015181.0,0.5500000000000043,0.014
2014-09-05,41.02,41.05,39.67,39.77,NKE,6190325.0,2.3137299253562547,2.3137299253562547,79.54,82.04,82.11,79.35,6190325,36.14,37.27,37.3,36.05,6190325.0,1.0600000000000023,0.0265
2014-09-08,41.2,41.4,40.55,40.96,NKE,5864827.0,2.3282709147898024,2.3282709147898024,81.92,82.4,82.79,81.09,5864827,37.22,37.43,37.61,36.84,5864827.0,0.17999999999999972,0.0044
2014-09-09,40.92,41.27,40.76,41.13,NKE,4062595.0,2.3056515978931724,2.3056515978931724,82.27,81.84,82.54,81.51,4062595,37.38,37.18,37.5,37.03,4062595.0,-0.28000000000000114,-0.0068
2014-09-10,41.23,41.3,40.75,40.87,NKE,3371335.0,2.3306944130287266,2.3306944130287266,81.73,82.47,82.61,81.5,3371335,37.13,37.47,37.53,37.03,3371335.0,0.30999999999999517,0.0076
2014-09-11,40.91,41.3,40.77,41.08,NKE,3731222.0,2.304843765146864,2.304843765146864,82.16,81.82,82.59,81.54,3731222,37.33,37.17,37.52,37.04,3731222.0,-0.3200000000000003,-0.0078
2014-09-12,40.92,41.0,40.7,40.98,NKE,2963129.0,2.3056515978931724,2.3056515978931724,81.97,81.84,82.0,81.41,2963129,37.24,37.18,37.25,36.98,2963129.0,0.010000000000005116,0.0002
2014-09-15,40.8,41.09,40.51,41.05,NKE,3365767.0,2.2959576049374735,2.2959576049374735,82.1,81.61,82.18,81.01,3365767,37.3,37.08,37.33,36.8,3365767.0,-0.12000000000000455,-0.0029
2014-09-16,40.6,40.77,40.41,40.62,NKE,4696682.0,2.27980095001131,2.27980095001131,81.23,81.2,81.54,80.83,4696682,36.9,36.89,37.04,36.72,4696682.0,-0.19999999999999574,-0.0049
2014-09-17,40.76,40.91,40.5,40.77,NKE,3721636.0,2.292726273952241,2.292726273952241,81.55,81.51,81.83,81.0,3721636,37.05,37.03,37.18,36.8,3721636.0,0.1599999999999966,0.0039
2014-09-18,40.98,41.0,40.63,40.92,NKE,3196908.0,2.3104985943710212,2.3104985943710212,81.85,81.97,82.0,81.25,3196908,37.18,37.24,37.25,36.91,3196908.0,0.21999999999999886,0.0054
2014-09-19,40.91,41.37,40.66,41.32,NKE,9853210.0,2.304843765146864,2.304843765146864,82.64,81.81,82.74,81.33,9853210,37.54,37.17,37.59,36.95,9853210.0,-0.07000000000000028,-0.0017
2014-09-22,40.35,40.94,40.1,40.84,NKE,4072532.0,2.259605131353605,2.259605131353605,81.68,80.71,81.87,80.2,4072532,37.11,36.67,37.19,36.43,4072532.0,-0.5599999999999952,-0.0137
2014-09-23,40.06,40.29,39.95,40.26,NKE,3023435.0,2.236177981710667,2.236177981710667,80.52,80.12,80.58,79.89,3023435,36.58,36.4,36.61,36.29,3023435.0,-0.28999999999999915,-0.0072
2014-09-24,40.42,40.44,39.96,40.07,NKE,3384384.0,2.265259960577762,2.265259960577762,80.14,80.84,80.87,79.92,3384384,36.41,36.73,36.74,36.31,3384384.0,0.35999999999999943,0.009
2014-09-25,39.88,40.34,39.63,40.34,NKE,7069164.0,2.2216369922771193,2.2216369922771193,80.68,79.75,80.68,79.27,7069164,36.65,36.23,36.65,36.01,7069164.0,-0.5399999999999991,-0.0134
2014-09-26,44.75,44.99,43.65,43.99,NKE,17554398.0,2.6150515397292144,2.6150515397292144,87.98,89.5,89.99,87.3,17554398,39.97,40.66,40.88,39.66,17554398.0,4.869999999999997,0.1221
2014-09-29,44.56,45.05,44.13,44.13,NKE,7425478.0,2.5997027175493588,2.5997027175493588,88.27,89.12,90.1,88.27,7425478,40.1,40.49,40.93,40.1,7425478.0,-0.18999999999999773,-0.0042
2014-09-30,44.6,45.15,44.2,44.34,NKE,5792263.0,2.6029340485345918,2.6029340485345918,88.69,89.2,90.29,88.4,5792263,40.29,40.52,41.02,40.16,5792263.0,0.03999999999999915,0.0009
2014-10-01,43.85,44.5,43.76,44.45,NKE,4736277.0,2.542346592561476,2.542346592561476,88.91,87.7,89.0,87.51,4736277,40.39,39.84,40.43,39.76,4736277.0,-0.75,-0.0168
2014-10-02,44.65,44.76,43.44,43.84,NKE,4372095.0,2.6069732122661327,2.6069732122661327,87.67,89.3,89.51,86.88,4372095,39.83,40.57,40.66,39.47,4372095.0,0.7999999999999972,0.0182
2014-10-03,45.15,45.23,44.59,44.88,NKE,4399389.0,2.6473648495815425,2.6473648495815425,89.76,90.29,90.45,89.17,4399389,40.78,41.02,41.09,40.51,4399389.0,0.5,0.0112
2014-10-06,44.61,45.25,44.28,45.15,NKE,3515607.0,2.6037418812808997,2.6037418812808997,90.29,89.22,90.5,88.56,3515607,41.02,40.53,41.11,40.23,3515607.0,-0.5399999999999991,-0.012
2014-10-07,44.03,44.59,44.02,44.3,NKE,2743377.0,2.556887581995024,2.556887581995024,88.6,88.07,89.19,88.03,2743377,40.25,40.01,40.52,39.99,2743377.0,-0.5799999999999983,-0.013
2014-10-08,44.41,44.58,43.77,44.05,NKE,3740644.0,2.587585226354735,2.587585226354735,88.11,88.83,89.16,87.53,3740644,40.03,40.36,40.51,39.76,3740644.0,0.37999999999999545,0.0086
2014-10-09,43.62,44.49,43.55,44.23,NKE,3731536.0,2.5237664393963875,2.5237664393963875,88.45,87.23,88.99,87.1,3731536,40.18,39.63,40.43,39.57,3731536.0,-0.7899999999999991,-0.0178
2014-10-10,43.59,44.1,43.51,43.72,NKE,4524141.0,2.5213429411574633,2.5213429411574633,87.44,87.19,88.2,87.01,4524141,39.72,39.61,40.07,39.53,4524141.0,-0.02999999999999403,-0.0007
2014-10-13,42.7,43.56,42.62,43.48,NKE,4005213.0,2.449445826736033,2.449445826736033,86.96,85.39,87.12,85.24,4005213,39.51,38.79,39.58,38.72,4005213.0,-0.8900000000000006,-0.0204
2014-10-14,42.55,42.95,42.42,42.89,NKE,4927161.0,2.4373283355414093,2.4373283355414093,85.78,85.09,85.91,84.84,4927161,38.97,38.66,39.03,38.54,4927161.0,-0.15000000000000568,-0.0035
2014-10-15,42.59,43.55,42.05,42.56,NKE,8786022.0,2.4405596665266427,2.4405596665266427,85.12,85.18,87.1,84.1,8786022,38.67,38.7,39.57,38.21,8786022.0,0.04000000000000625,0.0009
2014-10-16,43.52,43.63,41.92,42.09,NKE,6821962.0,2.5156881119333057,2.5156881119333057,84.19,87.04,87.25,83.85,6821962,38.25,39.54,39.64,38.09,6821962.0,0.9299999999999997,0.0218
2014-10-17,43.59,44.17,43.47,43.9,NKE,5703582.0,2.5213429411574633,2.5213429411574633,87.79,87.18,88.35,86.93,5703582,39.88,39.61,40.14,39.49,5703582.0,0.07000000000000028,0.0016
2014-10-20,44.45,44.46,43.38,43.4,NKE,3373013.0,2.5908165573399686,2.5908165573399686,86.8,88.9,88.92,86.77,3373013,39.43,40.39,40.4,39.42,3373013.0,0.8599999999999994,0.0197
2014-10-21,45.32,45.35,44.51,44.65,NKE,3234669.0,2.6610980062687823,2.6610980062687823,89.3,90.64,90.7,89.02,3234669,40.57,41.18,41.21,40.44,3234669.0,0.8699999999999974,0.0196
2014-10-22,44.93,45.77,44.91,45.33,NKE,3544512.0,2.629592529162762,2.629592529162762,90.65,89.86,91.53,89.81,3544512,41.18,40.82,41.58,40.8,3544512.0,-0.39000000000000057,-0.0086
2014-10-23,45.19,45.66,44.98,45.06,NKE,3095941.0,2.6505961805667755,2.6505961805667755,90.13,90.37,91.32,89.95,3095941,40.95,41.06,41.49,40.86,3095941.0,0.259999999999998,0.0058
2014-10-24,45.45,45.49,44.96,44.98,NKE,2466049.0,2.671599831970789,2.671599831970789,89.95,90.9,90.99,89.91,2466049,40.86,41.3,41.34,40.85,2466049.0,0.2600000000000051,0.0058
2014-10-27,45.82,45.89,45.22,45.45,NKE,2909671.0,2.7014896435841926,2.7014896435841926,90.91,91.64,91.78,90.43,2909671,41.3,41.63,41.7,41.08,2909671.0,0.36999999999999744,0.0081
2014-10-28,46.23,46.23,45.66,45.77,NKE,3179216.0,2.7346107861828286,2.7346107861828286,91.53,92.45,92.45,91.31,3179216,41.58,42.0,42.0,41.48,3179216.0,0.4099999999999966,0.0089
2014-10-29,45.98,46.27,45.71,46.08,NKE,2499865.0,2.7144149675251237,2.7144149675251237,92.16,91.95,92.54,91.42,2499865,41.87,41.77,42.04,41.53,2499865.0,-0.25,-0.0054
2014-10-30,46.5,46.5,45.77,45.88,NKE,2292565.0,2.7564222703331502,2.7564222703331502,91.77,93.0,93.0,91.55,2292565,41.69,42.25,42.25,41.59,2292565.0,0.5200000000000031,0.0113
2014-10-31,46.48,47.07,46.34,47.06,NKE,3231800.0,2.7548066048405335,2.7548066048405335,94.13,92.97,94.14,92.67,3231800,42.76,42.24,42.77,42.1,3231800.0,-0.020000000000003126,-0.0004
2014-11-03,46.73,46.74,46.44,46.67,NKE,2431706.0,2.775002423498239,2.775002423498239,93.35,93.45,93.48,92.87,2431706,42.41,42.45,42.47,42.19,2431706.0,0.25,0.0054
2014-11-04,46.98,47.01,46.31,46.53,NKE,2220716.0,2.795198242155944,2.795198242155944,93.06,93.95,94.02,92.62,2220716,42.28,42.68,42.71,42.08,2220716.0,0.25,0.0053
2014-11-05,47.34,47.42,46.85,47.42,NKE,3256907.0,2.8242802210230398,2.8242802210230398,94.84,94.68,94.84,93.71,3256907,43.09,43.01,43.09,42.57,3256907.0,0.36000000000000654,0.0077
2014-11-06,47.3,47.55,47.27,47.42,NKE,2741017.0,2.8210488900378063,2.8210488900378063,94.85,94.6,95.09,94.54,2741017,43.09,42.98,43.2,42.95,2741017.0,-0.04000000000000625,-0.0008
2014-11-07,46.89,47.38,46.77,47.38,NKE,2454896.0,2.7879277474391704,2.7879277474391704,94.75,93.78,94.75,93.53,2454896,43.04,42.6,43.04,42.49,2454896.0,-0.4099999999999966,-0.0087
2014-11-10,47.48,47.53,47.02,47.02,NKE,2949062.0,2.835589879471354,2.835589879471354,94.04,94.96,95.07,94.04,2949062,42.72,43.14,43.19,42.72,2949062.0,0.5899999999999963,0.0126
2014-11-11,47.44,47.65,47.29,47.6,NKE,2281574.0,2.8323585484861216,2.8323585484861216,95.2,94.88,95.3,94.58,2281574,43.25,43.1,43.29,42.97,2281574.0,-0.03999999999999915,-0.0008
2014-11-12,47.91,47.96,47.12,47.23,NKE,2509202.0,2.870326687562607,2.870326687562607,94.45,95.81,95.92,94.23,2509202,42.91,43.53,43.58,42.81,2509202.0,0.46999999999999886,0.0099
2014-11-13,48.06,48.27,47.78,48.09,NKE,2708673.0,2.8824441787572304,2.8824441787572304,96.18,96.12,96.55,95.56,2708673,43.69,43.67,43.86,43.41,2708673.0,0.15000000000000568,0.0031
2014-11-14,47.75,47.94,47.51,47.9,NKE,3203377.0,2.8574013636216757,2.8574013636216757,95.79,95.5,95.88,95.01,3203377,43.52,43.39,43.56,43.16,3203377.0,-0.3100000000000023,-0.0065
2014-11-17,48.03,48.09,47.52,47.69,NKE,2965467.0,2.8800206805183057,2.8800206805183057,95.37,96.06,96.19,95.04,2965467,43.33,43.64,43.7,43.18,2965467.0,0.28000000000000114,0.0059
2014-11-18,48.23,48.42,47.88,47.99,NKE,2401742.0,2.8961773354444693,2.8961773354444693,95.99,96.47,96.85,95.76,2401742,43.61,43.83,44.0,43.5,2401742.0,0.19999999999999574,0.0042
2014-11-19,48.48,48.55,48.17,48.25,NKE,2293045.0,2.9163731541021747,2.9163731541021747,96.5,96.95,97.1,96.35,2293045,43.84,44.04,44.11,43.77,2293045.0,0.25,0.0052
2014-11-20,48.65,48.85,48.16,48.31,NKE,2411195.0,2.930106310789414,2.930106310789414,96.62,97.3,97.7,96.31,2411195,43.89,44.2,44.39,43.75,2411195.0,0.1700000000000017,0.0035
2014-11-21,48.71,49.48,48.33,49.34,NKE,3508244.0,2.9349533072672638,2.9349533072672638,98.69,97.42,98.96,96.66,3508244,44.83,44.26,44.96,43.91,3508244.0,0.060000000000002274,0.0012
2014-11-24,48.98,49.25,48.87,48.9,NKE,2540761.0,2.956764791417585,2.956764791417585,97.79,97.95,98.5,97.74,2540761,44.43,44.5,44.75,44.4,2540761.0,0.269999999999996,0.0055
2014-11-25,48.65,49.25,48.63,49.15,NKE,3088560.0,2.930106310789414,2.930106310789414,98.3,97.29,98.5,97.27,3088560,44.66,44.2,44.75,44.19,3088560.0,-0.3299999999999983,-0.0067
2014-11-26,48.9,48.94,48.55,48.65,NKE,1974379.0,2.9503021294471194,2.9503021294471194,97.3,97.8,97.88,97.1,1974379,44.2,44.43,44.47,44.11,1974379.0,0.25,0.0051
2014-11-27,48.9,48.94,48.55,48.65,NKE,1974379.0,2.9503021294471194,2.9503021294471194,97.3,97.8,97.88,97.1,1974379,44.2,44.43,44.47,44.11,1974379.0,0.0,0.0
2014-11-28,49.65,49.88,49.12,49.17,NKE,1804745.0,3.0108895854202347,3.0108895854202347,98.34,99.29,99.76,98.23,1804745,44.68,45.11,45.32,44.63,1804745.0,0.75,0.0153
2014-12-01,48.84,49.7,48.83,49.33,NKE,2569551.0,2.9454551329692706,2.9454551329692706,98.66,97.69,99.39,97.66,2569551,44.82,44.38,45.15,44.37,2569551.0,-0.8099999999999952,-0.0163
2014-12-02,49.02,49.36,48.84,49.03,NKE,2191963.0,2.959996122402818,2.959996122402818,98.06,98.04,98.72,97.69,2191963,44.55,44.54,44.85,44.38,2191963.0,0.17999999999999972,0.0037
2014-12-03,49.25,49.3,48.76,49.08,NKE,1896350.0,2.9785762755679066,2.9785762755679066,98.16,98.5,98.6,97.52,1896350,44.59,44.75,44.79,44.3,1896350.0,0.22999999999999687,0.0047
2014-12-04,49.52,49.7,49.03,49.25,NKE,2064114.0,3.0003877597182282,3.0003877597182282,98.5,99.05,99.39,98.06,2064114,44.75,45.0,45.15,44.55,2064114.0,0.2700000000000031,0.0055
2014-12-05,49.66,49.75,49.41,49.63,NKE,1704122.0,3.0116974181665426,3.0116974181665426,99.26,99.33,99.5,98.83,1704122,45.09,45.13,45.2,44.9,1704122.0,0.13999999999999346,0.0028
2014-12-08,48.86,49.52,48.65,49.52,NKE,2579024.0,2.9470707984618865,2.9470707984618865,99.05,97.72,99.05,97.3,2579024,45.0,44.39,45.0,44.2,2579024.0,-0.7999999999999972,-0.0161
2014-12-09,48.52,48.7,47.99,48.53,NKE,3001884.0,2.919604485087408,2.919604485087408,97.06,97.03,97.4,95.98,3001884,44.09,44.08,44.25,43.6,3001884.0,-0.3399999999999963,-0.007
2014-12-10,48.83,49.12,48.23,48.24,NKE,3228898.0,2.944647300222962,2.944647300222962,96.48,97.66,98.24,96.46,3228898,43.83,44.37,44.63,43.82,3228898.0,0.30999999999999517,0.0064
2014-12-11,48.47,49.3,48.42,48.74,NKE,4361822.0,2.9155653213558663,2.9155653213558663,97.48,96.93,98.6,96.84,4361822,44.41,44.16,44.92,44.12,4361822.0,-0.35999999999999943,-0.0074
2014-12-12,48.09,48.95,48.09,48.33,NKE,4131692.0,2.884867676996155,2.884867676996155,96.65,96.17,97.89,96.17,4131692,44.03,43.82,44.6,43.82,4131692.0,-0.37999999999999545,-0.0078
2014-12-15,47.72,48.47,47.39,48.22,NKE,5076347.0,2.854977865382751,2.854977865382751,96.43,95.43,96.93,94.78,5076347,43.93,43.48,44.16,43.18,5076347.0,-0.37000000000000455,-0.0077
2014-12-16,46.6,47.71,46.48,47.67,NKE,7307242.0,2.7645005977962325,2.7645005977962325,95.35,93.21,95.42,92.97,7307242,43.44,42.47,43.47,42.36,7307242.0,-1.1199999999999974,-0.0235
2014-12-17,47.25,47.38,46.45,46.87,NKE,5602560.0,2.817009726306266,2.817009726306266,93.73,94.5,94.76,92.9,5602560,42.7,43.05,43.17,42.33,5602560.0,0.6499999999999986,0.0139
2014-12-18,48.54,48.54,47.53,48.13,NKE,9480373.0,2.921220150580024,2.921220150580024,96.27,97.08,97.08,95.06,9480373,43.86,44.23,44.23,43.31,9480373.0,1.2899999999999991,0.0273
2014-12-19,47.42,48.14,46.41,47.75,NKE,13500984.0,2.8307428829935053,2.8307428829935053,95.5,94.84,96.28,92.83,13500984,43.51,43.21,43.87,42.29,13500984.0,-1.1199999999999974,-0.0231
2014-12-22,47.97,47.97,47.51,47.56,NKE,3831094.0,2.8751736840404565,2.8751736840404565,95.13,95.93,95.93,95.02,3831094,43.34,43.71,43.71,43.29,3831094.0,0.5499999999999972,0.0116
2014-12-23,47.98,48.26,47.8,48.0,NKE,2626223.0,2.8759815167867644,2.8759815167867644,96.0,95.97,96.51,95.59,2626223,43.74,43.72,43.97,43.55,2626223.0,0.00999999999999801,0.0002
2014-12-24,48.15,48.67,48.04,48.2,NKE,1220605.0,2.889714673474004,2.889714673474004,96.4,96.29,97.35,96.08,1220605,43.92,43.87,44.35,43.78,1220605.0,0.1700000000000017,0.0035
2014-12-26,48.41,48.6,48.13,48.26,NKE,1572359.0,2.910718324878017,2.910718324878017,96.51,96.83,97.21,96.25,1572359,43.97,44.12,44.29,43.85,1572359.0,0.259999999999998,0.0054
2014-12-29,48.65,48.83,48.3,48.3,NKE,2008867.0,2.930106310789414,2.930106310789414,96.61,97.3,97.65,96.61,2008867,44.02,44.33,44.49,44.02,2008867.0,0.240000000000002,0.005
2014-12-30,48.44,48.65,48.31,48.44,NKE,2073429.0,2.9131418231169417,2.9131418231169417,96.88,96.88,97.3,96.62,2073429,44.14,44.14,44.33,44.02,2073429.0,-0.21000000000000085,-0.0043
2014-12-31,48.08,48.8,48.02,48.48,NKE,2348728.0,2.8840598442498466,2.8840598442498466,96.97,96.15,97.61,96.04,2348728,44.18,43.81,44.47,43.76,2348728.0,-0.35999999999999943,-0.0074
2015-01-02,47.52,48.48,47.05,48.27,NKE,2492878.0,2.8388212104565875,2.8388212104565875,96.55,95.03,96.95,94.11,2492878,43.99,43.3,44.17,42.88,2492878.0,-0.5599999999999952,-0.0116
2015-01-05,46.75,47.27,46.56,47.26,NKE,3444586.0,2.7766180889908556,2.7766180889908556,94.51,93.5,94.55,93.13,3444586,43.06,42.6,43.08,42.43,3444586.0,-0.7700000000000031,-0.0162
2015-01-06,46.48,47.08,46.03,46.95,NKE,3788029.0,2.7548066048405335,2.7548066048405335,93.89,92.95,94.15,92.07,3788029,42.78,42.35,42.89,41.95,3788029.0,-0.2700000000000031,-0.0058
2015-01-07,47.44,47.65,46.55,46.8,NKE,3628028.0,2.8323585484861216,2.8323585484861216,93.61,94.87,95.3,93.1,3628028,42.65,43.22,43.42,42.42,3628028.0,0.9600000000000009,0.0207
2015-01-08,48.53,48.55,47.81,47.83,NKE,2998622.0,2.920412317833716,2.920412317833716,95.66,97.06,97.1,95.62,2998622,43.58,44.22,44.24,43.56,2998622.0,1.0900000000000034,0.023
2015-01-09,47.99,48.49,47.8,48.47,NKE,2344460.0,2.8767893495330727,2.8767893495330727,96.93,95.99,96.99,95.6,2344460,44.16,43.73,44.19,43.56,2344460.0,-0.5399999999999991,-0.0111
2015-01-12,47.93,48.26,47.62,47.95,NKE,2815433.0,2.8719423530552235,2.8719423530552235,95.91,95.86,96.52,95.23,2815433,43.7,43.67,43.97,43.39,2815433.0,-0.060000000000002274,-0.0013
2015-01-13,47.51,48.73,47.31,48.17,NKE,3091094.0,2.8380133777102787,2.8380133777102787,96.34,95.01,97.45,94.63,3091094,43.89,43.29,44.4,43.11,3091094.0,-0.4200000000000017,-0.0088
2015-01-14,46.85,47.19,46.45,46.69,NKE,3375184.0,2.784696416453938,2.784696416453938,93.38,93.71,94.37,92.91,3375184,42.54,42.69,42.99,42.33,3375184.0,-0.6599999999999966,-0.0139
2015-01-15,46.41,47.34,46.28,47.31,NKE,2117475.0,2.7491517756163764,2.7491517756163764,94.63,92.81,94.68,92.57,2117475,43.11,42.28,43.14,42.17,2117475.0,-0.44000000000000483,-0.0094
2015-01-16,46.49,46.56,46.02,46.38,NKE,4384999.0,2.7556144375868423,2.7556144375868423,92.77,92.99,93.13,92.03,4384999,42.27,42.37,42.43,41.93,4384999.0,0.0800000000000054,0.0017
2015-01-20,46.8,46.95,46.31,46.72,NKE,4701912.0,2.780657252722396,2.780657252722396,93.44,93.61,93.89,92.62,4701912,42.57,42.65,42.78,42.2,4701912.0,0.30999999999999517,0.0067
2015-01-21,46.76,47.06,46.51,46.55,NKE,2927030.0,2.7774259217371635,2.7774259217371635,93.11,93.51,94.13,93.01,2927030,42.42,42.6,42.89,42.38,2927030.0,-0.03999999999999915,-0.0009
2015-01-22,47.92,48.05,46.78,47.17,NKE,3476166.0,2.8711345203089156,2.8711345203089156,94.35,95.85,96.11,93.56,3476166,42.99,43.67,43.79,42.63,3476166.0,1.1600000000000037,0.0248
2015-01-23,48.08,48.38,47.83,48.07,NKE,3390503.0,2.8840598442498466,2.8840598442498466,96.14,96.16,96.75,95.65,3390503,43.8,43.81,44.08,43.58,3390503.0,0.1599999999999966,0.0033
2015-01-26,48.17,48.23,47.77,48.0,NKE,2482046.0,2.8913303389666205,2.8913303389666205,96.0,96.35,96.47,95.55,2482046,43.74,43.9,43.95,43.53,2482046.0,0.09000000000000341,0.0019
2015-01-27,47.25,47.73,47.06,47.65,NKE,3348432.0,2.817009726306266,2.817009726306266,95.3,94.5,95.45,94.12,3348432,43.42,43.05,43.49,42.88,3348432.0,-0.9200000000000017,-0.0191
2015-01-28,46.66,47.66,46.63,47.5,NKE,3201338.0,2.7693475942740813,2.7693475942740813,95.0,93.31,95.32,93.25,3201338,43.28,42.51,43.43,42.48,3201338.0,-0.5900000000000034,-0.0125
2015-01-29,47.44,47.44,46.59,46.84,NKE,3401193.0,2.8323585484861216,2.8323585484861216,93.67,94.87,94.87,93.17,3401193,42.68,43.22,43.22,42.45,3401193.0,0.7800000000000011,0.0167
2015-01-30,46.13,47.18,46.05,46.96,NKE,4053159.0,2.726532458719747,2.726532458719747,93.92,92.25,94.36,92.1,4053159,42.79,42.03,42.99,41.96,4053159.0,-1.3099999999999952,-0.0276
2015-02-02,45.96,46.34,45.38,46.34,NKE,4028278.0,2.7127993020325074,2.7127993020325074,92.68,91.92,92.69,90.77,4028278,42.23,41.88,42.23,41.35,4028278.0,-0.1700000000000017,-0.0037
2015-02-03,46.67,46.7,46.02,46.12,NKE,3970058.0,2.77015542702039,2.77015542702039,92.23,93.35,93.39,92.03,3970058,42.02,42.53,42.55,41.93,3970058.0,0.7100000000000009,0.0154
2015-02-04,46.27,46.63,46.13,46.38,NKE,3593657.0,2.737842117168062,2.737842117168062,92.77,92.54,93.27,92.27,3593657,42.27,42.16,42.49,42.04,3593657.0,-0.3999999999999986,-0.0086
2015-02-05,46.67,46.8,46.28,46.44,NKE,2877174.0,2.77015542702039,2.77015542702039,92.88,93.34,93.59,92.56,2877174,42.32,42.53,42.64,42.17,2877174.0,0.3999999999999986,0.0086
2015-02-06,45.9,46.73,45.77,46.7,NKE,3690899.0,2.707952305554658,2.707952305554658,93.4,91.79,93.47,91.54,3690899,42.55,41.82,42.58,41.71,3690899.0,-0.7700000000000031,-0.0165
2015-02-09,45.59,45.85,45.35,45.75,NKE,3669698.0,2.682909490419104,2.682909490419104,91.5,91.17,91.7,90.69,3669698,41.69,41.54,41.78,41.32,3669698.0,-0.30999999999999517,-0.0068
2015-02-10,46.38,46.55,45.61,45.87,NKE,3847303.0,2.746728277377452,2.746728277377452,91.74,92.75,93.1,91.22,3847303,41.8,42.26,42.42,41.56,3847303.0,0.7899999999999991,0.0173
2015-02-11,45.66,46.38,45.48,46.24,NKE,4270496.0,2.6885643196432607,2.6885643196432607,92.49,91.31,92.75,90.95,4270496,42.14,41.6,42.26,41.44,4270496.0,-0.720000000000006,-0.0155
2015-02-12,46.0,46.33,45.4,45.73,NKE,5927893.0,2.71603063301774,2.71603063301774,91.46,92.0,92.66,90.8,5927893,41.67,41.92,42.22,41.37,5927893.0,0.3400000000000034,0.0074
2015-02-13,46.02,46.28,45.95,46.01,NKE,3847781.0,2.7176462985103567,2.7176462985103567,92.02,92.04,92.57,91.9,3847781,41.92,41.93,42.17,41.87,3847781.0,0.020000000000003126,0.0004
2015-02-17,45.93,46.45,45.86,45.87,NKE,3685478.0,2.710375803793583,2.710375803793583,91.74,91.86,92.9,91.72,3685478,41.8,41.85,42.33,41.79,3685478.0,-0.09000000000000341,-0.002
2015-02-18,46.81,46.88,45.72,45.77,NKE,4071858.0,2.781465085468705,2.781465085468705,91.54,93.62,93.77,91.43,4071858,41.71,42.65,42.72,41.66,4071858.0,0.8800000000000026,0.0192
2015-02-19,46.85,47.13,46.74,46.74,NKE,3302616.0,2.784696416453938,2.784696416453938,93.48,93.7,94.26,93.48,3302616,42.59,42.69,42.94,42.59,3302616.0,0.03999999999999915,0.0009
2015-02-20,47.47,47.65,46.67,46.8,NKE,3698975.0,2.834782046725046,2.834782046725046,93.61,94.93,95.29,93.35,3698975,42.65,43.25,43.41,42.53,3698975.0,0.6199999999999974,0.0132
2015-02-23,47.51,47.62,47.14,47.46,NKE,2311113.0,2.8380133777102787,2.8380133777102787,94.92,95.01,95.23,94.28,2311113,43.25,43.29,43.39,42.95,2311113.0,0.03999999999999915,0.0008
2015-02-24,47.71,47.77,47.38,47.38,NKE,2619714.0,2.854170032636443,2.854170032636443,94.75,95.42,95.54,94.75,2619714,43.17,43.47,43.53,43.17,2619714.0,0.20000000000000284,0.0042
2015-02-25,48.41,48.6,47.71,47.71,NKE,3526777.0,2.910718324878017,2.910718324878017,95.42,96.82,97.2,95.42,3526777,43.47,44.11,44.28,43.47,3526777.0,0.6999999999999957,0.0147
2015-02-26,48.49,48.66,48.33,48.33,NKE,2967471.0,2.917180986848483,2.917180986848483,96.66,96.99,97.33,96.65,2967471,44.16,44.31,44.47,44.16,2967471.0,0.0800000000000054,0.0017
2015-02-27,48.56,48.7,48.31,48.48,NKE,3559338.0,2.9228358160726406,2.9228358160726406,96.95,97.12,97.41,96.63,3559338,44.3,44.37,44.5,44.15,3559338.0,0.07000000000000028,0.0014
2015-03-02,49.38,49.43,48.38,48.45,NKE,5512474.0,2.9890781012699135,2.9890781012699135,96.89,98.75,98.86,96.75,5512474,44.27,45.12,45.17,44.21,5512474.0,0.8200000000000003,0.0169
2015-03-03,48.98,49.23,48.56,49.22,NKE,3519233.0,2.956764791417585,2.956764791417585,98.44,97.97,98.47,97.12,3519233,44.98,44.76,44.99,44.37,3519233.0,-0.4000000000000057,-0.0081
2015-03-04,48.76,48.94,48.48,48.84,NKE,2426537.0,2.9389924709988042,2.9389924709988042,97.67,97.52,97.87,96.96,2426537,44.63,44.56,44.72,44.3,2426537.0,-0.21999999999999886,-0.0045
2015-03-05,49.23,49.34,48.9,48.98,NKE,3316847.0,2.97696061007529,2.97696061007529,97.96,98.46,98.68,97.79,3316847,44.76,44.99,45.09,44.68,3316847.0,0.46999999999999886,0.0096
2015-03-06,48.45,49.34,48.3,49.23,NKE,3587348.0,2.9139496558632505,2.9139496558632505,98.46,96.91,98.69,96.6,3587348,44.99,44.28,45.09,44.14,3587348.0,-0.779999999999994,-0.0158
2015-03-09,48.72,48.91,48.47,48.55,NKE,2969434.0,2.9357611400135717,2.9357611400135717,97.09,97.43,97.82,96.94,2969434,44.36,44.52,44.69,44.29,2969434.0,0.269999999999996,0.0056
2015-03-10,48.26,48.49,48.13,48.21,NKE,3547993.0,2.8986008336833944,2.8986008336833944,96.42,96.51,96.97,96.25,3547993,44.05,44.1,44.31,43.98,3547993.0,-0.46000000000000085,-0.0094
2015-03-11,47.67,48.54,47.59,48.19,NKE,3742065.0,2.85093870165121,2.85093870165121,96.38,95.34,97.08,95.18,3742065,44.04,43.56,44.36,43.49,3742065.0,-0.5899999999999963,-0.0122
2015-03-12,48.52,48.55,47.69,47.75,NKE,2904898.0,2.919604485087408,2.919604485087408,95.5,97.04,97.1,95.38,2904898,43.63,44.34,44.36,43.58,2904898.0,0.8500000000000014,0.0178
2015-03-13,47.91,48.74,47.65,48.52,NKE,3698053.0,2.870326687562607,2.870326687562607,97.04,95.81,97.48,95.3,3698053,44.34,43.78,44.54,43.54,3698053.0,-0.6100000000000065,-0.0126
2015-03-16,48.22,48.4,47.97,48.1,NKE,4248504.0,2.8953695026981614,2.8953695026981614,96.2,96.44,96.8,95.93,4248504,43.95,44.06,44.23,43.83,4248504.0,0.3100000000000023,0.0065
2015-03-17,48.27,48.39,47.76,48.07,NKE,3204118.0,2.8994086664297027,2.8994086664297027,96.14,96.54,96.78,95.51,3204118,43.93,44.11,44.22,43.64,3204118.0,0.05000000000000426,0.001
2015-03-18,48.76,48.94,47.8,48.27,NKE,4427830.0,2.9389924709988042,2.9389924709988042,96.54,97.51,97.87,95.61,4427830,44.11,44.55,44.72,43.68,4427830.0,0.4899999999999949,0.0102
2015-03-19,49.16,49.31,48.6,48.91,NKE,6768043.0,2.9713057808511323,2.9713057808511323,97.81,98.32,98.62,97.21,6768043,44.69,44.92,45.06,44.42,6768043.0,0.3999999999999986,0.0082
2015-03-20,50.99,51.9,50.63,51.31,NKE,14889910.0,3.1191391734255345,3.1191391734255345,102.63,101.98,103.79,101.25,14889910,46.89,46.59,47.42,46.26,14889910.0,1.8300000000000054,0.0372
2015-03-23,50.73,51.3,50.6,50.77,NKE,5235944.0,3.0981355220215208,3.0981355220215208,101.55,101.46,102.6,101.2,5235944,46.4,46.36,46.88,46.24,5235944.0,-0.2600000000000051,-0.0051
2015-03-24,50.33,50.83,50.3,50.52,NKE,3799407.0,3.0658222121691927,3.0658222121691927,101.05,100.65,101.66,100.6,3799407,46.17,45.99,46.45,45.96,3799407.0,-0.3999999999999986,-0.0079
2015-03-25,49.49,50.59,49.47,50.5,NKE,4066747.0,2.9979642614793036,2.9979642614793036,101.0,98.99,101.18,98.94,4066747,46.15,45.23,46.23,45.21,4066747.0,-0.8399999999999963,-0.0167
2015-03-26,49.66,50.05,48.84,49.17,NKE,4739866.0,3.0116974181665426,3.0116974181665426,98.34,99.33,100.09,97.67,4739866,44.93,45.38,45.73,44.63,4739866.0,0.1699999999999946,0.0034
2015-03-27,49.94,50.09,49.56,49.56,NKE,2201750.0,3.0343167350631726,3.0343167350631726,99.12,99.88,100.18,99.12,2201750,45.29,45.64,45.77,45.29,2201750.0,0.28000000000000114,0.0056
2015-03-30,50.45,50.77,50.27,50.62,NKE,2717729.0,3.075516205124891,3.075516205124891,101.23,100.89,101.55,100.54,2717729,46.25,46.1,46.4,45.94,2717729.0,0.5100000000000051,0.0102
2015-03-31,50.16,50.92,50.15,50.44,NKE,3154617.0,3.052089055481953,3.052089055481953,100.88,100.33,101.84,100.29,3154617,46.09,45.84,46.53,45.82,3154617.0,-0.29000000000000625,-0.0057
2015-04-01,49.77,50.14,49.17,50.0,NKE,3302678.0,3.0205835783759336,3.0205835783759336,100.0,99.55,100.28,98.34,3302678,45.69,45.48,45.82,44.93,3302678.0,-0.38999999999999346,-0.0078
2015-04-02,49.83,50.16,49.7,50.02,NKE,1920221.0,3.0254305748537824,3.0254305748537824,100.04,99.66,100.32,99.39,1920221,45.71,45.53,45.84,45.41,1920221.0,0.05999999999999517,0.0012
2015-04-06,49.87,50.31,49.27,49.38,NKE,2513757.0,3.028661905839015,3.028661905839015,98.75,99.73,100.63,98.55,2513757,45.12,45.57,45.98,45.03,2513757.0,0.03999999999999915,0.0008
2015-04-07,49.8,50.13,49.73,49.87,NKE,1996819.0,3.0230070766148573,3.0230070766148573,99.73,99.61,100.26,99.47,1996819,45.57,45.51,45.81,45.45,1996819.0,-0.07000000000000028,-0.0014
2015-04-08,50.42,50.48,49.86,50.0,NKE,3261184.0,3.0730927068859666,3.0730927068859666,100.0,100.84,100.97,99.72,3261184,45.69,46.07,46.13,45.56,3261184.0,0.6200000000000045,0.0124
2015-04-09,50.36,50.84,50.3,50.5,NKE,2650494.0,3.0682457104081173,3.0682457104081173,101.0,100.72,101.69,100.6,2650494,46.15,46.02,46.46,45.96,2650494.0,-0.060000000000002274,-0.0012
2015-04-10,49.98,50.54,49.97,50.46,NKE,2959061.0,3.037548066048405,3.037548066048405,100.92,99.97,101.08,99.93,2959061,46.11,45.68,46.18,45.66,2959061.0,-0.38000000000000256,-0.0075
2015-04-13,49.63,50.03,49.53,49.98,NKE,3656866.0,3.0092739199276184,3.0092739199276184,99.97,99.27,100.06,99.06,3656866,45.68,45.36,45.72,45.26,3656866.0,-0.3499999999999943,-0.007
2015-04-14,49.77,49.91,49.35,49.53,NKE,2385422.0,3.0205835783759336,3.0205835783759336,99.06,99.53,99.81,98.7,2385422,45.26,45.48,45.6,45.1,2385422.0,0.14000000000000057,0.0028
2015-04-15,49.91,50.37,49.87,50.31,NKE,2858142.0,3.031893236824248,3.031893236824248,100.63,99.83,100.73,99.73,2858142,45.98,45.61,46.02,45.57,2858142.0,0.13999999999999346,0.0028
2015-04-16,49.95,50.09,49.7,49.74,NKE,2051969.0,3.035124567809481,3.035124567809481,99.49,99.9,100.17,99.4,2051969,45.46,45.64,45.77,45.42,2051969.0,0.04000000000000625,0.0008
2015-04-17,49.27,49.69,49.07,49.59,NKE,3024766.0,2.9801919410605233,2.9801919410605233,99.17,98.55,99.37,98.14,3024766,45.31,45.03,45.4,44.84,3024766.0,-0.6799999999999997,-0.0136
2015-04-20,49.99,50.17,49.51,49.54,NKE,3104286.0,3.038355898794714,3.038355898794714,99.08,99.99,100.34,99.02,3104286,45.27,45.69,45.85,45.24,3104286.0,0.7199999999999989,0.0146
2015-04-21,50.15,50.42,49.86,50.38,NKE,2562651.0,3.051281222735645,3.051281222735645,100.76,100.29,100.85,99.72,2562651,46.04,45.82,46.08,45.56,2562651.0,0.1599999999999966,0.0032
2015-04-22,50.08,50.2,49.65,50.15,NKE,1952895.0,3.0456263935114873,3.0456263935114873,100.3,100.15,100.39,99.29,1952895,45.83,45.76,45.87,45.37,1952895.0,-0.07000000000000028,-0.0014
2015-04-23,50.55,50.8,49.73,49.89,NKE,2334063.0,3.083594532587973,3.083594532587973,99.78,101.11,101.6,99.45,2334063,45.59,46.2,46.42,45.44,2334063.0,0.46999999999999886,0.0094
2015-04-24,50.48,50.64,50.1,50.23,NKE,2166951.0,3.0779397033638154,3.0779397033638154,100.46,100.95,101.28,100.21,2166951,45.9,46.12,46.27,45.79,2166951.0,-0.07000000000000028,-0.0014
2015-04-27,50.47,51.0,50.38,50.63,NKE,2579174.0,3.0771318706175075,3.0771318706175075,101.27,100.94,102.0,100.77,2579174,46.27,46.12,46.6,46.04,2579174.0,-0.00999999999999801,-0.0002
2015-04-28,49.93,50.4,49.6,50.4,NKE,3015812.0,3.033508902316864,3.033508902316864,100.8,99.86,100.8,99.19,3015812,46.06,45.63,46.06,45.32,3015812.0,-0.5399999999999991,-0.0107
2015-04-29,50.09,50.24,49.63,49.77,NKE,2697562.0,3.046434226257796,3.046434226257796,99.53,100.17,100.49,99.26,2697562,45.48,45.77,45.91,45.35,2697562.0,0.1600000000000037,0.0032
2015-04-30,49.42,50.26,49.23,49.88,NKE,3248480.0,2.992309432255146,2.992309432255146,99.75,98.84,100.51,98.46,3248480,45.58,45.16,45.92,44.99,3248480.0,-0.6700000000000017,-0.0134
2015-05-01,50.39,50.41,49.7,49.94,NKE,3341749.0,3.070669208647042,3.070669208647042,99.88,100.78,100.82,99.41,3341749,45.64,46.05,46.06,45.42,3341749.0,0.9699999999999989,0.0196
2015-05-04,50.41,50.6,50.24,50.5,NKE,2278890.0,3.072284874139658,3.072284874139658,101.0,100.83,101.2,100.48,2278890,46.15,46.07,46.24,45.91,2278890.0,0.01999999999999602,0.0004
2015-05-05,50.21,50.44,50.13,50.22,NKE,2552252.0,3.056128219213494,3.056128219213494,100.43,100.42,100.87,100.26,2552252,45.89,45.88,46.09,45.81,2552252.0,-0.19999999999999574,-0.004
2015-05-06,50.11,50.5,49.84,50.13,NKE,2698250.0,3.048049891750412,3.048049891750412,100.27,100.22,101.0,99.68,2698250,45.81,45.79,46.15,45.54,2698250.0,-0.10000000000000142,-0.002
2015-05-07,50.73,50.8,50.01,50.23,NKE,2763164.0,3.0981355220215208,3.0981355220215208,100.45,101.45,101.59,100.02,2763164,45.9,46.35,46.42,45.7,2763164.0,0.6199999999999974,0.0124
2015-05-08,51.22,51.65,51.15,51.15,NKE,2767390.0,3.1377193265906227,3.1377193265906227,102.29,102.44,103.3,102.29,2767390,46.74,46.8,47.2,46.74,2767390.0,0.490000000000002,0.0097
2015-05-11,51.4,51.61,51.05,51.21,NKE,2669910.0,3.1522603160241705,3.1522603160241705,102.42,102.79,103.22,102.09,2669910,46.8,46.96,47.16,46.64,2669910.0,0.17999999999999972,0.0035
2015-05-12,51.19,51.34,50.8,50.99,NKE,2338230.0,3.135295828351698,3.135295828351698,101.98,102.37,102.69,101.6,2338230,46.59,46.77,46.92,46.42,2338230.0,-0.21000000000000085,-0.0041
2015-05-13,51.08,51.37,50.9,51.34,NKE,2254143.0,3.126409668142308,3.126409668142308,102.69,102.16,102.73,101.79,2254143,46.92,46.68,46.94,46.51,2254143.0,-0.10999999999999943,-0.0021
2015-05-14,51.72,51.75,51.16,51.47,NKE,2716687.0,3.178110963906033,3.178110963906033,102.94,103.44,103.5,102.31,2716687,47.03,47.26,47.29,46.75,2716687.0,0.6400000000000006,0.0125
2015-05-15,52.49,52.52,51.69,51.83,NKE,3932648.0,3.240314085371765,3.240314085371765,103.65,104.98,105.03,103.37,3932648,47.36,47.97,47.99,47.23,3932648.0,0.7700000000000031,0.0149
2015-05-18,52.38,52.75,52.21,52.55,NKE,2522616.0,3.2314279251623748,3.2314279251623748,105.11,104.75,105.5,104.42,2522616,48.02,47.86,48.2,47.71,2522616.0,-0.10999999999999943,-0.0021
2015-05-19,52.32,52.59,52.17,52.31,NKE,2985644.0,3.2265809286845255,3.2265809286845255,104.62,104.64,105.18,104.35,2985644,47.8,47.81,48.06,47.68,2985644.0,-0.060000000000002274,-0.0011
2015-05-20,52.3,52.58,52.1,52.46,NKE,2700151.0,3.224965263191909,3.224965263191909,104.92,104.61,105.15,104.21,2700151,47.94,47.8,48.04,47.61,2700151.0,-0.020000000000003126,-0.0004
2015-05-21,52.2,52.6,52.12,52.44,NKE,2727550.0,3.216886935728827,3.216886935728827,104.87,104.4,105.2,104.24,2727550,47.92,47.7,48.07,47.63,2727550.0,-0.09999999999999432,-0.0019
2015-05-22,52.22,52.61,52.02,52.6,NKE,2827388.0,3.2185026012214433,3.2185026012214433,105.21,104.43,105.22,104.04,2827388,48.07,47.71,48.08,47.54,2827388.0,0.01999999999999602,0.0004
2015-05-26,51.71,52.38,51.59,52.22,NKE,2845684.0,3.177303131159725,3.177303131159725,104.43,103.42,104.75,103.18,2845684,47.71,47.25,47.86,47.14,2845684.0,-0.509999999999998,-0.0098
2015-05-27,51.42,51.96,51.16,51.74,NKE,4448372.0,3.153875981516787,3.153875981516787,103.48,102.84,103.92,102.31,4448372,47.28,46.99,47.48,46.75,4448372.0,-0.28999999999999915,-0.0056
2015-05-28,51.15,51.48,50.76,51.12,NKE,2890833.0,3.132064497366465,3.132064497366465,102.23,102.3,102.95,101.51,2890833,46.84,46.87,47.17,46.51,2890833.0,-0.2700000000000031,-0.0053
2015-05-29,50.84,51.19,50.52,51.15,NKE,2781140.0,3.1070216822309114,3.1070216822309114,102.3,101.67,102.38,101.04,2781140,46.87,46.59,46.91,46.3,2781140.0,-0.30999999999999517,-0.0061
2015-06-01,50.88,51.15,50.73,50.88,NKE,2472075.0,3.110253013216144,3.110253013216144,101.77,101.76,102.29,101.45,2472075,46.63,46.63,46.87,46.48,2472075.0,0.03999999999999915,0.0008
2015-06-02,51.05,51.34,50.75,50.9,NKE,2487338.0,3.1239861699033833,3.1239861699033833,101.8,102.11,102.69,101.5,2487338,46.64,46.79,47.05,46.51,2487338.0,0.1699999999999946,0.0033
2015-06-03,51.26,51.55,50.88,51.15,NKE,2383352.0,3.1409506575758557,3.1409506575758557,102.29,102.51,103.09,101.77,2383352,46.87,46.97,47.24,46.63,2383352.0,0.21000000000000085,0.0041
2015-06-04,50.98,51.65,50.81,51.03,NKE,2233584.0,3.1183313406792257,3.1183313406792257,102.06,101.95,103.3,101.62,2233584,46.76,46.71,47.33,46.56,2233584.0,-0.28000000000000114,-0.0055
2015-06-05,51.02,51.13,50.56,50.75,NKE,1895873.0,3.121562671664459,3.121562671664459,101.5,102.03,102.25,101.13,1895873,46.51,46.75,46.85,46.34,1895873.0,0.04000000000000625,0.0008
2015-06-08,50.72,50.95,50.69,50.8,NKE,2157045.0,3.0973276892752124,3.0973276892752124,101.6,101.44,101.89,101.38,2157045,46.55,46.48,46.69,46.45,2157045.0,-0.30000000000000426,-0.0059
2015-06-09,50.67,50.96,50.39,50.74,NKE,1738422.0,3.0932885255436715,3.0932885255436715,101.49,101.35,101.93,100.78,1738422,46.5,46.44,46.7,46.18,1738422.0,-0.04999999999999716,-0.001
2015-06-10,51.67,52.02,50.83,50.91,NKE,3135199.0,3.174071800174492,3.174071800174492,101.83,103.34,104.03,101.66,3135199,46.66,47.35,47.67,46.58,3135199.0,1.0,0.0197
2015-06-11,51.94,52.56,51.73,52.55,NKE,3089014.0,3.1958832843248133,3.1958832843248133,105.09,103.88,105.12,103.47,3089014,48.15,47.6,48.17,47.41,3089014.0,0.269999999999996,0.0052
2015-06-12,51.89,52.05,51.6,51.77,NKE,2066519.0,3.1918441205932724,3.1918441205932724,103.55,103.78,104.1,103.21,2066519,47.45,47.55,47.7,47.29,2066519.0,-0.04999999999999716,-0.001
2015-06-15,51.67,51.92,51.37,51.55,NKE,2450997.0,3.174071800174492,3.174071800174492,103.1,103.35,103.85,102.73,2450997,47.24,47.35,47.58,47.07,2450997.0,-0.21999999999999886,-0.0042
2015-06-16,52.28,52.49,51.72,51.74,NKE,2517049.0,3.2233495976992925,3.2233495976992925,103.48,104.56,104.98,103.44,2517049,47.41,47.91,48.1,47.4,2517049.0,0.6099999999999994,0.0118
2015-06-17,52.38,52.59,52.04,52.37,NKE,2036247.0,3.2314279251623748,3.2314279251623748,104.74,104.75,105.17,104.08,2036247,47.99,48.0,48.19,47.69,2036247.0,0.10000000000000142,0.0019
2015-06-18,53.0,53.34,52.51,52.52,NKE,2845265.0,3.281513555433483,3.281513555433483,105.05,106.0,106.67,105.01,2845265,48.13,48.57,48.88,48.12,2845265.0,0.6199999999999974,0.0118
2015-06-19,53.27,53.42,52.97,53.02,NKE,3642779.0,3.3033250395838047,3.3033250395838047,106.03,106.53,106.85,105.94,3642779,48.58,48.81,48.96,48.54,3642779.0,0.2700000000000031,0.0051
2015-06-22,53.4,53.73,53.33,53.43,NKE,2093333.0,3.313826865285811,3.313826865285811,106.86,106.79,107.45,106.65,2093333,48.96,48.93,49.23,48.87,2093333.0,0.12999999999999545,0.0024
2015-06-23,53.6,53.63,53.41,53.6,NKE,2967143.0,3.3299835202119756,3.3299835202119756,107.2,107.2,107.26,106.82,2967143,49.12,49.12,49.15,48.94,2967143.0,0.20000000000000284,0.0037
2015-06-24,53.11,53.69,53.02,53.6,NKE,2528099.0,3.2903997156428733,3.2903997156428733,107.2,106.22,107.37,106.04,2528099,49.12,48.67,49.2,48.59,2528099.0,-0.490000000000002,-0.0091
2015-06-25,52.61,53.41,52.34,53.41,NKE,5405685.0,3.250008078327463,3.250008078327463,106.81,105.22,106.81,104.67,5405685,48.94,48.21,48.94,47.96,5405685.0,-0.5,-0.0094
2015-06-26,54.85,55.17,52.61,54.19,NKE,10143810.0,3.430962613500501,3.430962613500501,108.37,109.71,110.34,105.22,10143810,49.66,50.27,50.56,48.21,10143810.0,2.240000000000002,0.0426
2015-06-29,53.84,54.74,53.83,54.63,NKE,4502451.0,3.3493715061233726,3.3493715061233726,109.27,107.67,109.49,107.66,4502451,50.07,49.33,50.17,49.33,4502451.0,-1.009999999999998,-0.0184
2015-06-30,54.01,54.44,53.9,54.42,NKE,3765554.0,3.3631046628106116,3.3631046628106116,108.85,108.02,108.88,107.8,3765554,49.88,49.49,49.89,49.39,3765554.0,0.1699999999999946,0.0032
2015-07-01,54.72,54.72,54.3,54.48,NKE,2961976.0,3.4204607877984943,3.4204607877984943,108.95,109.43,109.43,108.59,2961976,49.92,50.14,50.14,49.76,2961976.0,0.7100000000000009,0.0131
2015-07-02,54.94,55.37,54.55,54.95,NKE,2950011.0,3.4382331082172746,3.4382331082172746,109.91,109.87,110.73,109.09,2950011,50.36,50.34,50.74,49.99,2950011.0,0.21999999999999886,0.004
2015-07-06,54.92,55.26,54.51,54.55,NKE,2495662.0,3.4366174427246587,3.4366174427246587,109.09,109.84,110.51,109.01,2495662,49.99,50.33,50.64,49.95,2495662.0,-0.01999999999999602,-0.0004
2015-07-07,55.65,55.66,54.53,55.04,NKE,3603535.0,3.4955892332051572,3.4955892332051572,110.08,111.29,111.33,109.06,3603535,50.44,50.99,51.01,49.97,3603535.0,0.7299999999999969,0.0133
2015-07-08,54.63,55.38,54.5,55.11,NKE,3366817.0,3.413190293081721,3.413190293081721,110.22,109.27,110.75,109.0,3366817,50.5,50.07,50.75,49.94,3366817.0,-1.019999999999996,-0.0183
2015-07-09,54.72,55.46,54.59,55.12,NKE,3084201.0,3.4204607877984943,3.4204607877984943,110.24,109.44,110.92,109.19,3084201,50.51,50.15,50.82,50.03,3084201.0,0.0899999999999963,0.0016
2015-07-10,55.26,55.4,54.5,55.27,NKE,2580078.0,3.464083756099137,3.464083756099137,110.53,110.52,110.8,109.0,2580078,50.64,50.64,50.77,49.94,2580078.0,0.5399999999999991,0.0099
2015-07-13,56.2,56.27,55.4,55.62,NKE,2523821.0,3.540020034252109,3.540020034252109,111.24,112.41,112.55,110.8,2523821,50.97,51.51,51.57,50.77,2523821.0,0.9400000000000048,0.017
2015-07-14,56.17,56.53,55.96,56.42,NKE,2780734.0,3.5375965360131842,3.5375965360131842,112.84,112.34,113.06,111.92,2780734,51.7,51.47,51.8,51.28,2780734.0,-0.030000000000001137,-0.0005
2015-07-15,55.95,56.2,55.84,56.0,NKE,2508568.0,3.5198242155944035,3.5198242155944035,112.0,111.9,112.39,111.69,2508568,51.32,51.27,51.5,51.18,2508568.0,-0.21999999999999886,-0.0039
2015-07-16,56.17,56.45,55.92,56.38,NKE,2167857.0,3.5375965360131842,3.5375965360131842,112.76,112.34,112.9,111.85,2167857,51.67,51.47,51.73,51.25,2167857.0,0.21999999999999886,0.0039
2015-07-17,56.4,56.49,55.95,56.19,NKE,2272657.0,3.5561766891782725,3.5561766891782725,112.37,112.8,112.98,111.9,2272657,51.49,51.68,51.77,51.27,2272657.0,0.22999999999999687,0.0041
2015-07-20,56.56,56.77,56.41,56.63,NKE,2989101.0,3.569102013119204,3.569102013119204,113.27,113.13,113.55,112.82,2989101,51.9,51.84,52.03,51.69,2989101.0,0.1600000000000037,0.0028
2015-07-21,56.49,56.78,56.36,56.49,NKE,2313160.0,3.5634471838950468,3.5634471838950468,112.98,112.99,113.57,112.72,2313160,51.77,51.77,52.04,51.65,2313160.0,-0.07000000000000028,-0.0012
2015-07-22,57.05,57.11,56.44,56.44,NKE,2977064.0,3.608685817688306,3.608685817688306,112.87,114.09,114.22,112.87,2977064,51.72,52.28,52.34,51.72,2977064.0,0.5599999999999952,0.0099
2015-07-23,57.0,57.35,56.91,57.25,NKE,3357394.0,3.604646653956765,3.604646653956765,114.5,114.0,114.7,113.81,3357394,52.46,52.23,52.56,52.15,3357394.0,-0.04999999999999716,-0.0009
2015-07-24,56.49,57.09,56.24,57.09,NKE,2983621.0,3.5634471838950468,3.5634471838950468,114.18,112.99,114.18,112.47,2983621,52.32,51.77,52.32,51.54,2983621.0,-0.509999999999998,-0.0089
2015-07-27,55.87,56.46,55.48,56.2,NKE,3324030.0,3.5133615536239375,3.5133615536239375,112.4,111.73,112.92,110.95,3324030,51.5,51.19,51.74,50.84,3324030.0,-0.6200000000000045,-0.011
2015-07-28,56.73,56.95,55.92,56.03,NKE,3474118.0,3.5828351698064433,3.5828351698064433,112.07,113.47,113.91,111.85,3474118,51.35,51.99,52.19,51.25,3474118.0,0.8599999999999994,0.0154
2015-07-29,57.46,57.67,56.75,56.79,NKE,3419946.0,3.6418069602869423,3.6418069602869423,113.58,114.92,115.34,113.5,3419946,52.04,52.66,52.85,52.01,3419946.0,0.730000000000004,0.0129
2015-07-30,57.51,57.7,56.97,57.48,NKE,2797031.0,3.645846124018483,3.645846124018483,114.95,115.01,115.4,113.94,2797031,52.67,52.7,52.88,52.21,2797031.0,0.04999999999999716,0.0009
2015-07-31,57.61,57.97,57.41,57.75,NKE,2539325.0,3.6539244514815654,3.6539244514815654,115.5,115.22,115.94,114.83,2539325,52.92,52.79,53.12,52.62,2539325.0,0.10000000000000142,0.0017
2015-08-03,57.41,58.0,56.8,57.76,NKE,2495999.0,3.637767796555401,3.637767796555401,115.51,114.83,116.0,113.59,2495999,52.93,52.62,53.15,52.05,2495999.0,-0.20000000000000284,-0.0035
2015-08-04,57.88,57.97,57.16,57.48,NKE,2614496.0,3.675735935631887,3.675735935631887,114.95,115.77,115.93,114.33,2614496,52.67,53.05,53.12,52.39,2614496.0,0.47000000000000597,0.0082
2015-08-05,58.38,58.86,58.17,58.3,NKE,3426532.0,3.7161275729472973,3.7161275729472973,116.61,116.75,117.72,116.35,3426532,53.43,53.49,53.94,53.31,3426532.0,0.5,0.0086
2015-08-06,57.56,58.75,57.19,58.5,NKE,3105733.0,3.6498852877500245,3.6498852877500245,117.0,115.12,117.5,114.37,3105733,53.61,52.75,53.84,52.4,3105733.0,-0.8200000000000003,-0.014
2015-08-07,57.26,57.48,56.55,57.36,NKE,2953945.0,3.6256503053607783,3.6256503053607783,114.72,114.51,114.96,113.1,2953945,52.56,52.47,52.67,51.82,2953945.0,-0.30000000000000426,-0.0052
2015-08-10,57.68,58.09,57.42,57.7,NKE,2306632.0,3.6595792807057226,3.6595792807057226,115.39,115.36,116.17,114.85,2306632,52.87,52.86,53.23,52.62,2306632.0,0.4200000000000017,0.0073
2015-08-11,57.23,57.49,56.81,57.07,NKE,2553706.0,3.623226807121853,3.623226807121853,114.14,114.46,114.99,113.63,2553706,52.3,52.45,52.69,52.07,2553706.0,-0.45000000000000284,-0.0078
2015-08-12,56.53,56.88,55.33,56.77,NKE,3587342.0,3.5666785148802793,3.5666785148802793,113.54,113.06,113.75,110.65,3587342,52.02,51.8,52.12,50.7,3587342.0,-0.6999999999999957,-0.0122
2015-08-13,56.8,57.26,56.48,56.63,NKE,2953866.0,3.5884899990306005,3.5884899990306005,113.27,113.6,114.53,112.95,2953866,51.9,52.05,52.48,51.75,2953866.0,0.269999999999996,0.0048
2015-08-14,57.18,57.28,56.55,56.8,NKE,2343067.0,3.6191876433903127,3.6191876433903127,113.59,114.36,114.56,113.11,2343067,52.05,52.4,52.49,51.83,2343067.0,0.38000000000000256,0.0067
2015-08-17,57.49,57.56,56.55,57.06,NKE,1958730.0,3.644230458525867,3.644230458525867,114.12,114.98,115.13,113.09,1958730,52.29,52.68,52.75,51.82,1958730.0,0.3100000000000023,0.0054
2015-08-18,57.41,57.84,57.3,57.56,NKE,1835725.0,3.637767796555401,3.637767796555401,115.12,114.82,115.68,114.59,1835725,52.75,52.61,53.0,52.51,1835725.0,-0.0800000000000054,-0.0014
2015-08-19,57.48,58.02,56.77,57.0,NKE,3108217.0,3.6434226257795586,3.6434226257795586,114.0,114.96,116.05,113.55,3108217,52.23,52.67,53.17,52.03,3108217.0,0.07000000000000028,0.0012
2015-08-20,56.15,57.23,56.12,56.85,NKE,3268423.0,3.5359808705205675,3.5359808705205675,113.71,112.3,114.45,112.24,3268423,52.1,51.46,52.44,51.43,3268423.0,-1.3299999999999983,-0.0231
2015-08-21,53.44,55.83,53.42,55.73,NKE,7956425.0,3.317058196271044,3.317058196271044,111.47,106.87,111.66,106.84,7956425,51.08,48.97,51.16,48.95,7956425.0,-2.710000000000001,-0.0483
2015-08-24,51.94,53.69,47.25,50.13,NKE,9941305.0,3.1958832843248133,3.1958832843248133,100.26,103.87,107.38,94.5,9941305,45.94,47.59,49.2,43.3,9941305.0,-1.5,-0.0281
2015-08-25,51.77,53.66,51.74,53.64,NKE,6808054.0,3.1821501276375743,3.1821501276375743,107.28,103.53,107.31,103.48,6808054,49.16,47.44,49.17,47.41,6808054.0,-0.1699999999999946,-0.0033
2015-08-26,54.38,54.51,51.99,53.25,NKE,7578024.0,3.3929944744240155,3.3929944744240155,106.5,108.76,109.01,103.98,7578024,48.8,49.83,49.95,47.64,7578024.0,2.6099999999999994,0.0504
2015-08-27,56.31,56.34,54.81,55.19,NKE,6808662.0,3.548906194461499,3.548906194461499,110.37,112.62,112.69,109.63,6808662,50.57,51.6,51.63,50.23,6808662.0,1.9299999999999997,0.0355
2015-08-28,56.25,56.5,55.82,56.3,NKE,3763058.0,3.5440591979836498,3.5440591979836498,112.6,112.5,113.0,111.64,3763058,51.59,51.55,51.78,51.15,3763058.0,-0.060000000000002274,-0.0011
2015-08-31,55.88,56.24,55.62,56.2,NKE,3536787.0,3.5141693863702463,3.5141693863702463,112.39,111.75,112.49,111.23,3536787,51.5,51.2,51.54,50.97,3536787.0,-0.36999999999999744,-0.0066
2015-09-01,54.31,54.91,54.02,54.49,NKE,4692618.0,3.3873396451998583,3.3873396451998583,108.98,108.63,109.83,108.03,4692618,49.93,49.77,50.32,49.5,4692618.0,-1.5700000000000003,-0.0281
2015-09-02,55.35,55.39,54.6,55.08,NKE,4268157.0,3.4713542508159114,3.4713542508159114,110.15,110.7,110.78,109.2,4268157,50.47,50.72,50.76,50.04,4268157.0,1.0399999999999991,0.0191
2015-09-03,55.42,56.05,55.2,55.62,NKE,3032526.0,3.4770090800400686,3.4770090800400686,111.23,110.85,112.09,110.41,3032526,51.09,50.91,51.48,50.71,3032526.0,0.07000000000000028,0.0013
2015-09-04,54.84,55.22,54.47,54.61,NKE,3563534.0,3.4301547807541932,3.4301547807541932,109.22,109.69,110.43,108.94,3563534,50.16,50.38,50.72,50.04,3563534.0,-0.5799999999999983,-0.0105
2015-09-08,55.88,55.94,55.11,55.73,NKE,2755662.0,3.5141693863702463,3.5141693863702463,111.46,111.75,111.87,110.22,2755662,51.19,51.33,51.38,50.62,2755662.0,1.0399999999999991,0.019
2015-09-09,54.93,56.49,54.8,56.35,NKE,3174861.0,3.4374252754709667,3.4374252754709667,112.71,109.86,112.99,109.61,3174861,51.77,50.46,51.9,50.34,3174861.0,-0.9500000000000028,-0.017
2015-09-10,55.19,55.52,54.47,54.83,NKE,3681451.0,3.45842892687498,3.45842892687498,109.66,110.38,111.04,108.94,3681451,50.37,50.7,51.0,50.04,3681451.0,0.259999999999998,0.0047
2015-09-11,55.91,55.92,54.99,55.12,NKE,2794776.0,3.5165928846091705,3.5165928846091705,110.23,111.82,111.84,109.99,2794776,50.63,51.36,51.37,50.52,2794776.0,0.7199999999999989,0.013
2015-09-14,55.95,56.03,55.57,55.76,NKE,3416637.0,3.5198242155944035,3.5198242155944035,111.51,111.89,112.06,111.14,3416637,51.22,51.39,51.47,51.05,3416637.0,0.04000000000000625,0.0007
2015-09-15,56.92,57.04,55.4,55.95,NKE,3849656.0,3.5981839919862995,3.5981839919862995,111.9,113.84,114.08,110.8,3849656,51.4,52.29,52.4,50.89,3849656.0,0.9699999999999989,0.0173
2015-09-16,57.79,57.95,56.92,57.16,NKE,4052221.0,3.668465440915113,3.668465440915113,114.33,115.58,115.91,113.84,4052221,52.51,53.09,53.24,52.29,4052221.0,0.8699999999999974,0.0153
2015-09-17,57.63,58.4,57.28,57.62,NKE,4031321.0,3.655540116974182,3.655540116974182,115.24,115.27,116.79,114.56,4031321,52.93,52.94,53.64,52.62,4031321.0,-0.1599999999999966,-0.0028
2015-09-18,57.52,57.81,56.88,57.08,NKE,9307499.0,3.646653956764792,3.646653956764792,114.15,115.05,115.63,113.76,9307499,52.43,52.84,53.11,52.25,9307499.0,-0.10999999999999943,-0.0019
2015-09-21,58.28,58.55,57.38,57.84,NKE,4373284.0,3.708049245484215,3.708049245484215,115.67,116.56,117.09,114.76,4373284,53.13,53.54,53.78,52.71,4373284.0,0.759999999999998,0.0132
2015-09-22,57.98,58.08,57.19,57.63,NKE,3777745.0,3.683814263094969,3.683814263094969,115.25,115.97,116.16,114.38,3777745,52.93,53.27,53.35,52.53,3777745.0,-0.30000000000000426,-0.0051
2015-09-23,57.72,58.3,57.6,57.98,NKE,4527853.0,3.6628106116909556,3.6628106116909556,115.97,115.43,116.6,115.2,4527853,53.27,53.02,53.55,52.91,4527853.0,-0.259999999999998,-0.0045
2015-09-24,57.4,57.58,56.75,57.15,NKE,7176348.0,3.636959963809093,3.636959963809093,114.3,114.79,115.15,113.5,7176348,52.5,52.72,52.89,52.13,7176348.0,-0.3200000000000003,-0.0055
2015-09-25,62.5,62.98,61.35,61.56,NKE,18484093.0,4.048954664426278,4.048954664426278,123.13,125.0,125.95,122.7,18484093,56.55,57.41,57.85,56.36,18484093.0,5.100000000000001,0.0889
2015-09-28,61.07,62.38,60.42,62.25,NKE,8225352.0,3.933434581704204,3.933434581704204,124.5,122.14,124.76,120.85,8225352,57.18,56.1,57.3,55.51,8225352.0,-1.4299999999999997,-0.0229
2015-09-29,59.84,61.05,59.52,61.0,NKE,7207207.0,3.8340711539082952,3.8340711539082952,122.0,119.67,122.09,119.05,7207207,56.03,54.96,56.08,54.68,7207207.0,-1.2299999999999969,-0.0201
2015-09-30,61.48,61.56,60.37,60.37,NKE,4718904.0,3.9665557243028404,3.9665557243028404,120.74,122.97,123.12,120.74,4718904,55.46,56.48,56.55,55.46,4718904.0,1.6399999999999935,0.0274
2015-10-01,61.91,61.97,60.64,61.58,NKE,4497110.0,4.001292532394093,4.001292532394093,123.16,123.83,123.94,121.28,4497110,56.57,56.88,56.93,55.7,4497110.0,0.4299999999999997,0.007
2015-10-02,62.6,62.6,60.78,61.05,NKE,4557204.0,4.0570329918893595,4.0570329918893595,122.09,125.21,125.21,121.56,4557204,56.08,57.51,57.51,55.83,4557204.0,0.6900000000000048,0.0111
2015-10-05,62.13,63.24,62.05,62.92,NKE,4823696.0,4.019064852812874,4.019064852812874,125.84,124.27,126.49,124.09,4823696,57.8,57.08,58.1,56.99,4823696.0,-0.46999999999999886,-0.0075
2015-10-06,61.59,62.4,61.3,62.13,NKE,3832681.0,3.975441884512231,3.975441884512231,124.27,123.19,124.8,122.59,3832681,57.08,56.58,57.32,56.31,3832681.0,-0.5399999999999991,-0.0087
2015-10-07,61.05,62.23,60.5,61.8,NKE,5111530.0,3.9318189162115873,3.9318189162115873,123.61,122.1,124.45,121.0,5111530,56.77,56.08,57.16,55.58,5111530.0,-0.5400000000000063,-0.0088
2015-10-08,62.45,62.62,61.34,61.46,NKE,3811322.0,4.044915500694737,4.044915500694737,122.92,124.91,125.24,122.67,3811322,56.46,57.37,57.52,56.34,3811322.0,1.4000000000000057,0.0229
2015-10-09,62.47,62.67,62.05,62.28,NKE,3470261.0,4.046531166187353,4.046531166187353,124.56,124.94,125.34,124.09,3470261,57.21,57.38,57.57,56.99,3470261.0,0.01999999999999602,0.0003
2015-10-12,63.22,63.55,62.51,62.6,NKE,2724455.0,4.107118622160468,4.107118622160468,125.2,126.43,127.1,125.02,2724455,57.5,58.07,58.38,57.42,2724455.0,0.75,0.012
2015-10-13,62.91,63.27,62.8,63.0,NKE,3177677.0,4.082075807024913,4.082075807024913,126.0,125.81,126.54,125.59,3177677,57.87,57.78,58.12,57.68,3177677.0,-0.3100000000000023,-0.0049
2015-10-14,62.92,63.3,62.7,62.99,NKE,3254532.0,4.082883639771222,4.082883639771222,125.99,125.84,126.61,125.39,3254532,57.87,57.8,58.15,57.59,3254532.0,0.010000000000005116,0.0002
2015-10-15,64.39,64.58,63.48,63.61,NKE,5382399.0,4.201635053478528,4.201635053478528,127.22,128.79,129.17,126.96,5382399,58.43,59.15,59.33,58.31,5382399.0,1.4699999999999989,0.0234
2015-10-16,65.23,65.3,64.44,64.75,NKE,4660808.0,4.269493004168417,4.269493004168417,129.5,130.47,130.59,128.87,4660808,59.48,59.92,59.98,59.19,4660808.0,0.8400000000000034,0.013
2015-10-19,66.61,66.76,65.56,65.86,NKE,6293928.0,4.380973923158949,4.380973923158949,131.71,133.21,133.52,131.11,6293928,60.49,61.18,61.33,60.22,6293928.0,1.3799999999999955,0.0212
2015-10-20,66.19,66.68,65.98,66.53,NKE,4552098.0,4.3470449478140045,4.3470449478140045,133.05,132.37,133.36,131.97,4552098,61.11,60.8,61.25,60.61,4552098.0,-0.4200000000000017,-0.0063
2015-10-21,66.23,66.61,65.92,66.33,NKE,2752861.0,4.350276278799238,4.350276278799238,132.65,132.47,133.22,131.83,2752861,60.93,60.84,61.19,60.55,2752861.0,0.04000000000000625,0.0006
2015-10-22,66.2,66.72,65.29,66.44,NKE,4647376.0,4.347852780560313,4.347852780560313,132.87,132.41,133.45,130.58,4647376,61.03,60.82,61.29,59.98,4647376.0,-0.030000000000001137,-0.0005
2015-10-23,65.27,66.6,64.45,66.53,NKE,5258868.0,4.27272433515365,4.27272433515365,133.07,130.53,133.2,128.91,5258868,61.12,59.95,61.18,59.21,5258868.0,-0.9300000000000068,-0.014
2015-10-26,65.69,66.11,65.14,65.14,NKE,3441359.0,4.306653310498595,4.306653310498595,130.27,131.38,132.23,130.27,3441359,59.83,60.34,60.73,59.83,3441359.0,0.4200000000000017,0.0064
2015-10-27,65.41,65.62,64.83,65.5,NKE,3075020.0,4.284033993601964,4.284033993601964,131.0,130.82,131.24,129.66,3075020,60.17,60.09,60.28,59.55,3075020.0,-0.28000000000000114,-0.0043
2015-10-28,65.64,66.03,64.97,65.86,NKE,3545653.0,4.302614146767054,4.302614146767054,131.72,131.29,132.05,129.93,3545653,60.5,60.3,60.65,59.68,3545653.0,0.23000000000000398,0.0035
2015-10-29,65.56,65.73,64.98,65.34,NKE,2479488.0,4.296151484796588,4.296151484796588,130.68,131.12,131.47,129.96,2479488,60.02,60.22,60.38,59.69,2479488.0,-0.0799999999999983,-0.0012
2015-10-30,65.52,65.81,65.03,65.78,NKE,3615414.0,4.292920153811354,4.292920153811354,131.55,131.03,131.62,130.07,3615414,60.42,60.18,60.45,59.74,3615414.0,-0.04000000000000625,-0.0006
2015-11-02,65.59,66.0,64.73,65.86,NKE,3061590.0,4.298574983035513,4.298574983035513,131.73,131.19,132.0,129.46,3061590,60.5,60.26,60.63,59.46,3061590.0,0.07000000000000739,0.0011
2015-11-03,65.7,65.85,65.34,65.62,NKE,2745972.0,4.307461143244903,4.307461143244903,131.24,131.4,131.7,130.68,2745972,60.28,60.35,60.49,60.02,2745972.0,0.10999999999999943,0.0017
2015-11-04,65.18,65.94,64.94,65.69,NKE,2595134.0,4.2654538404368765,4.2654538404368765,131.39,130.36,131.87,129.88,2595134,60.35,59.87,60.57,59.65,2595134.0,-0.519999999999996,-0.0079
2015-11-05,65.93,66.22,65.23,65.59,NKE,2534149.0,4.326041296409992,4.326041296409992,131.18,131.86,132.44,130.46,2534149,60.25,60.56,60.83,59.92,2534149.0,0.75,0.0115
2015-11-06,65.89,66.47,65.68,65.8,NKE,2418812.0,4.322809965424758,4.322809965424758,131.6,131.78,132.94,131.36,2418812,60.44,60.53,61.06,60.33,2418812.0,-0.04000000000000625,-0.0006
2015-11-09,65.24,65.71,64.64,65.63,NKE,3090597.0,4.270300836914725,4.270300836914725,131.25,130.48,131.42,129.27,3090597,60.28,59.93,60.36,59.37,3090597.0,-0.6500000000000057,-0.0099
2015-11-10,65.0,65.34,64.77,65.05,NKE,2643708.0,4.250912851003329,4.250912851003329,130.09,130.0,130.69,129.53,2643708,59.75,59.71,60.03,59.49,2643708.0,-0.23999999999999488,-0.0037
2015-11-11,63.71,65.3,63.64,65.14,NKE,4289025.0,4.14670242672957,4.14670242672957,130.28,127.42,130.59,127.28,4289025,59.84,58.52,59.98,58.46,4289025.0,-1.2899999999999991,-0.0198
2015-11-12,62.99,64.0,62.7,63.5,NKE,4693975.0,4.088538468995379,4.088538468995379,127.0,125.98,128.0,125.41,4693975,58.33,57.86,58.79,57.6,4693975.0,-0.7199999999999989,-0.0113
2015-11-13,60.93,62.61,60.58,62.54,NKE,8185488.0,3.9221249232558892,3.9221249232558892,125.08,121.86,125.22,121.15,8185488,57.45,55.97,57.51,55.65,8185488.0,-2.0600000000000023,-0.0327
2015-11-16,61.73,61.74,60.67,60.9,NKE,4573246.0,3.9867515429605453,3.9867515429605453,121.8,123.46,123.48,121.34,4573246,55.94,56.71,56.71,55.73,4573246.0,0.7999999999999972,0.0131
2015-11-17,61.29,61.8,60.21,61.52,NKE,5290763.0,3.9512069021229843,3.9512069021229843,123.05,122.58,123.6,120.42,5290763,56.52,56.3,56.77,55.31,5290763.0,-0.4399999999999977,-0.0071
2015-11-18,62.89,63.02,61.33,61.52,NKE,5298850.0,4.080460141532297,4.080460141532297,123.04,125.78,126.03,122.66,5298850,56.51,57.77,57.89,56.34,5298850.0,1.6000000000000014,0.0261
2015-11-19,62.89,63.49,62.69,63.13,NKE,4278781.0,4.080460141532297,4.080460141532297,126.26,125.78,126.99,125.38,4278781,57.99,57.77,58.33,57.59,4278781.0,0.0,0.0
2015-11-20,66.33,66.4,65.24,66.03,NKE,9532375.0,4.35835460626232,4.35835460626232,132.07,132.65,132.8,130.48,9532375,60.66,60.93,61.0,59.93,9532375.0,3.4399999999999977,0.0547
2015-11-23,66.23,66.5,65.89,66.41,NKE,3567781.0,4.350276278799238,4.350276278799238,132.82,132.46,133.0,131.78,3567781,61.0,60.84,61.09,60.53,3567781.0,-0.09999999999999432,-0.0015
2015-11-24,66.25,66.49,65.63,65.81,NKE,2655771.0,4.351891944291854,4.351891944291854,131.63,132.51,132.98,131.26,2655771,60.46,60.86,61.08,60.29,2655771.0,0.01999999999999602,0.0003
2015-11-25,67.06,67.28,66.52,66.54,NKE,3494506.0,4.417326396742818,4.417326396742818,133.08,134.13,134.55,133.03,3494506,61.12,61.61,61.8,61.1,3494506.0,0.8100000000000023,0.0122
2015-11-27,67.17,67.65,66.67,67.46,NKE,2264117.0,4.426212556952209,4.426212556952209,134.92,134.33,135.3,133.33,2264117,61.97,61.7,62.14,61.24,2264117.0,0.10999999999999943,0.0016
2015-11-30,66.14,67.09,65.82,66.97,NKE,4369434.0,4.343005784082464,4.343005784082464,133.93,132.28,134.19,131.64,4369434,61.51,60.76,61.63,60.46,4369434.0,-1.0300000000000011,-0.0153
2015-12-01,66.66,66.71,65.96,66.06,NKE,3428542.0,4.38501308689049,4.38501308689049,132.12,133.31,133.42,131.92,3428542,60.68,61.23,61.28,60.59,3428542.0,0.519999999999996,0.0079
2015-12-02,66.33,66.61,66.05,66.42,NKE,3982770.0,4.35835460626232,4.35835460626232,132.85,132.65,133.22,132.1,3982770,61.02,60.93,61.19,60.67,3982770.0,-0.3299999999999983,-0.005
2015-12-03,64.56,66.68,64.5,66.56,NKE,5324870.0,4.215368210165767,4.215368210165767,133.11,129.12,133.36,129.0,5324870,61.14,59.3,61.25,59.25,5324870.0,-1.769999999999996,-0.0267
2015-12-04,66.17,66.46,64.9,64.9,NKE,3705205.0,4.345429282321389,4.345429282321389,129.8,132.33,132.92,129.8,3705205,59.62,60.78,61.05,59.62,3705205.0,1.6099999999999994,0.0249
2015-12-07,65.8,66.45,65.31,66.38,NKE,3094981.0,4.315539470707985,4.315539470707985,132.75,131.6,132.9,130.61,3094981,61.12,60.59,61.19,60.13,3094981.0,-0.37000000000000455,-0.0056
2015-12-08,65.85,66.37,65.22,65.44,NKE,2802855.0,4.319578634439526,4.319578634439526,130.87,131.7,132.74,130.43,2802855,60.25,60.63,61.11,60.05,2802855.0,0.04999999999999716,0.0008
2015-12-09,64.42,65.77,63.87,65.38,NKE,3721445.0,4.204058551717453,4.204058551717453,130.76,128.84,131.54,127.74,3721445,60.2,59.32,60.56,58.81,3721445.0,-1.4299999999999926,-0.0217
2015-12-10,64.32,64.82,64.0,64.36,NKE,2841272.0,4.19598022425437,4.19598022425437,128.72,128.64,129.64,128.01,2841272,59.26,59.23,59.69,58.94,2841272.0,-0.10000000000000853,-0.0016
2015-12-11,63.15,63.87,62.84,63.81,NKE,4138012.0,4.10146379293631,4.10146379293631,127.62,126.29,127.74,125.67,4138012,58.76,58.14,58.81,57.86,4138012.0,-1.1699999999999946,-0.0182
2015-12-14,63.93,64.17,63.06,63.31,NKE,3995664.0,4.1644747471483505,4.1644747471483505,126.63,127.86,128.33,126.12,3995664,58.3,58.87,59.08,58.07,3995664.0,0.7800000000000011,0.0124
2015-12-15,64.31,65.0,64.17,64.8,NKE,3434762.0,4.195172391508063,4.195172391508063,129.6,128.61,130.0,128.35,3434762,59.67,59.21,59.85,59.09,3434762.0,0.38000000000000256,0.0059
2015-12-16,65.47,65.6,64.41,64.69,NKE,3771074.0,4.2888809900798135,4.2888809900798135,129.37,130.93,131.2,128.82,3771074,59.56,60.28,60.4,59.31,3771074.0,1.1599999999999966,0.018
2015-12-17,65.11,65.92,65.03,65.85,NKE,3700400.0,4.259799011212719,4.259799011212719,131.7,130.22,131.85,130.07,3700400,60.63,59.95,60.7,59.88,3700400.0,-0.35999999999999943,-0.0055
2015-12-18,64.26,65.27,64.19,64.86,NKE,6902330.0,4.191133227776522,4.191133227776522,129.73,128.52,130.53,128.37,6902330,59.73,59.17,60.1,59.1,6902330.0,-0.8499999999999943,-0.0131
2015-12-21,64.9,65.16,64.31,64.84,NKE,4486342.0,4.242834523540247,4.242834523540247,129.68,129.8,130.31,128.61,4486342,59.7,59.76,59.99,59.21,4486342.0,0.6400000000000006,0.01
2015-12-22,65.92,65.92,64.91,65.74,NKE,8609199.0,4.325233463663683,4.325233463663683,131.48,131.85,131.85,129.82,8609199,60.53,60.7,60.7,59.77,8609199.0,1.019999999999996,0.0157
2015-12-23,64.36,68.19,63.91,68.12,NKE,28659650.0,4.199211555239604,4.199211555239604,136.24,128.71,136.39,127.82,28659650,62.72,59.26,62.79,58.85,28659650.0,-1.5600000000000023,-0.0237
2015-12-24,63.18,64.73,62.15,64.55,NKE,13890843.0,4.103887291175235,4.103887291175235,64.55,63.18,64.73,62.15,13890843,59.44,58.18,59.6,57.23,13890843.0,-1.1799999999999997,-0.0183
2015-12-28,63.81,63.88,62.8,63.21,NKE,8786830.0,4.154780754192652,4.154780754192652,63.21,63.81,63.88,62.8,8786830,58.2,58.76,58.82,57.83,8786830.0,0.6300000000000026,0.01
2015-12-29,64.26,64.48,64.02,64.31,NKE,6708638.0,4.191133227776522,4.191133227776522,64.31,64.26,64.48,64.02,6708638,59.22,59.17,59.37,58.95,6708638.0,0.45000000000000284,0.0071
2015-12-30,63.25,64.4,63.17,64.36,NKE,5817947.0,4.109542120399393,4.109542120399393,64.36,63.25,64.4,63.17,5817947,59.26,58.24,59.3,58.17,5817947.0,-1.0100000000000051,-0.0157
2015-12-31,62.5,63.17,62.5,63.15,NKE,6454656.0,4.048954664426278,4.048954664426278,63.15,62.5,63.17,62.5,6454656,58.15,57.55,58.17,57.55,6454656.0,-0.75,-0.0119
2016-01-04,61.52,61.91,60.86,61.11,NKE,11626813.0,3.9697870552880734,3.9697870552880734,61.11,61.52,61.91,60.86,11626813,56.27,56.65,57.01,56.04,11626813.0,-0.9799999999999969,-0.0157
2016-01-05,62.38,62.59,61.72,61.72,NKE,9220645.0,4.039260671470579,4.039260671470579,61.72,62.38,62.59,61.72,9220645,56.83,57.44,57.63,56.83,9220645.0,0.8599999999999994,0.014
2016-01-06,61.49,62.04,61.15,61.3,NKE,6551556.0,3.967363557049149,3.967363557049149,61.3,61.49,62.04,61.15,6551556,56.45,56.62,57.13,56.31,6551556.0,-0.8900000000000006,-0.0143
2016-01-07,59.85,61.26,59.78,60.39,NKE,10881313.0,3.834878986654603,3.834878986654603,60.39,59.85,61.26,59.78,10881313,55.61,55.11,56.41,55.05,10881313.0,-1.6400000000000006,-0.0267
2016-01-08,58.87,60.79,58.66,60.06,NKE,11191253.0,3.755711377516399,3.755711377516399,60.06,58.87,60.79,58.66,11191253,55.3,54.21,55.98,54.01,11191253.0,-0.980000000000004,-0.0164
2016-01-11,59.55,60.04,58.53,58.97,NKE,12824968.0,3.810644004265357,3.810644004265357,58.97,59.55,60.04,58.53,12824968,54.3,54.83,55.28,53.9,12824968.0,0.6799999999999997,0.0116
2016-01-12,59.94,60.82,59.57,60.35,NKE,8292167.0,3.842149481371377,3.842149481371377,60.35,59.94,60.82,59.57,8292167,55.57,55.19,56.0,54.85,8292167.0,0.39000000000000057,0.0065
2016-01-13,58.78,60.53,58.67,60.53,NKE,9944268.0,3.7484408827996254,3.7484408827996254,60.53,58.78,60.53,58.67,9944268,55.74,54.12,55.74,54.02,9944268.0,-1.1599999999999966,-0.0194
2016-01-14,58.51,59.35,57.28,59.0,NKE,9989036.0,3.7266293986493038,3.7266293986493038,59.0,58.51,59.35,57.28,9989036,54.33,53.88,54.65,52.74,9989036.0,-0.2700000000000031,-0.0046
2016-01-15,57.56,58.14,56.59,56.93,NKE,12208250.0,3.6498852877500245,3.6498852877500245,56.93,57.56,58.14,56.59,12208250,52.42,53.0,53.54,52.11,12208250.0,-0.9499999999999957,-0.0162
2016-01-19,58.32,59.07,57.67,58.19,NKE,9924279.0,3.711280576469448,3.711280576469448,58.19,58.32,59.07,57.67,9924279,53.58,53.7,54.39,53.1,9924279.0,0.759999999999998,0.0132
2016-01-20,59.04,59.59,56.75,57.25,NKE,16234233.0,3.7694445342036387,3.7694445342036387,57.25,59.04,59.59,56.75,16234233,52.72,54.36,54.87,52.26,16234233.0,0.7199999999999989,0.0123
2016-01-21,60.56,61.16,59.06,59.08,NKE,16121599.0,3.892235111642486,3.892235111642486,59.08,60.56,61.16,59.06,16121599,54.4,55.76,56.32,54.38,16121599.0,1.5200000000000031,0.0257
2016-01-22,60.88,61.47,60.59,61.29,NKE,8430089.0,3.9180857595243483,3.9180857595243483,61.29,60.88,61.47,60.59,8430089,56.44,56.06,56.6,55.79,8430089.0,0.3200000000000003,0.0053
2016-01-25,60.7,61.3,60.62,61.09,NKE,10383418.0,3.9035447700908006,3.9035447700908006,61.09,60.7,61.3,60.62,10383418,56.25,55.89,56.45,55.82,10383418.0,-0.17999999999999972,-0.003
2016-01-26,61.11,61.37,60.27,60.49,NKE,8005226.0,3.936665912689437,3.936665912689437,60.49,61.11,61.37,60.27,8005226,55.7,56.27,56.51,55.5,8005226.0,0.4099999999999966,0.0068
2016-01-27,59.58,61.1,59.2,60.96,NKE,8593736.0,3.8130675025042815,3.8130675025042815,60.96,59.58,61.1,59.2,8593736,56.13,54.86,56.26,54.51,8593736.0,-1.5300000000000011,-0.025
2016-01-28,61.2,61.6,59.98,60.32,NKE,10207035.0,3.943936407406211,3.943936407406211,60.32,61.2,61.6,59.98,10207035,55.54,56.35,56.72,55.23,10207035.0,1.6200000000000045,0.0272
2016-01-29,62.01,62.16,61.2,61.2,NKE,10475161.0,4.009370859857175,4.009370859857175,61.2,62.01,62.16,61.2,10475161,56.35,57.1,57.24,56.35,10475161.0,0.8099999999999952,0.0132
2016-02-01,63.16,63.47,61.7,61.75,NKE,8247810.0,4.102271625682619,4.102271625682619,61.75,63.16,63.47,61.7,8247810,56.86,58.16,58.44,56.81,8247810.0,1.1499999999999986,0.0185
2016-02-02,62.55,63.5,62.31,63.02,NKE,9458486.0,4.052993828157818,4.052993828157818,63.02,62.55,63.5,62.31,9458486,58.03,57.6,58.47,57.38,9458486.0,-0.6099999999999994,-0.0097
2016-02-03,62.49,62.9,61.3,62.88,NKE,7213516.0,4.048146831679969,4.048146831679969,62.88,62.49,62.9,61.3,7213516,57.9,57.54,57.92,56.45,7213516.0,-0.05999999999999517,-0.001
2016-02-04,60.17,62.16,59.99,62.02,NKE,10455716.0,3.8607296345364657,3.8607296345364657,62.02,60.17,62.16,59.99,10455716,57.11,55.4,57.24,55.24,10455716.0,-2.3200000000000003,-0.0371
2016-02-05,57.17,59.84,56.98,59.76,NKE,14415858.0,3.6183798106440044,3.6183798106440044,59.76,57.17,59.84,56.98,14415858,55.03,52.64,55.1,52.46,14415858.0,-3.0,-0.0499
2016-02-08,55.04,56.21,53.64,56.1,NKE,21214515.0,3.446311435680357,3.446311435680357,56.1,55.04,56.21,53.64,21214515,51.66,50.68,51.76,49.39,21214515.0,-2.1300000000000026,-0.0373
2016-02-09,55.68,56.62,54.28,54.5,NKE,10915657.0,3.498012731444082,3.498012731444082,54.5,55.68,56.62,54.28,10915657,50.18,51.27,52.14,49.98,10915657.0,0.6400000000000006,0.0116
2016-02-10,57.41,58.18,55.93,56.54,NKE,13376815.0,3.637767796555401,3.637767796555401,56.54,57.41,58.18,55.93,13376815,52.06,52.86,53.57,51.5,13376815.0,1.7299999999999969,0.0311
2016-02-11,56.0,56.91,55.39,56.46,NKE,13090937.0,3.5238633793259444,3.5238633793259444,56.46,56.0,56.91,55.39,13090937,51.99,51.56,52.4,51.0,13090937.0,-1.4099999999999966,-0.0246
2016-02-12,56.42,57.45,55.5,57.37,NKE,10229492.0,3.557792354670889,3.557792354670889,57.37,56.42,57.45,55.5,10229492,52.83,51.95,52.9,51.1,10229492.0,0.4200000000000017,0.0075
2016-02-16,57.79,58.0,56.82,57.57,NKE,8057969.0,3.668465440915113,3.668465440915113,57.57,57.79,58.0,56.82,8057969,53.01,53.21,53.41,52.32,8057969.0,1.3699999999999974,0.0243
2016-02-17,58.17,58.6,57.1,58.6,NKE,10332698.0,3.699163085274825,3.699163085274825,58.6,58.17,58.6,57.1,10332698,53.96,53.56,53.96,52.58,10332698.0,0.38000000000000256,0.0066
2016-02-18,58.6,58.96,57.98,58.17,NKE,9658703.0,3.7338998933660776,3.7338998933660776,58.17,58.6,58.96,57.98,9658703,53.56,53.96,54.29,53.39,9658703.0,0.4299999999999997,0.0074
2016-02-19,59.31,59.31,57.63,58.5,NKE,10080086.0,3.7912560183539603,3.7912560183539603,58.5,59.31,59.31,57.63,10080086,53.87,54.61,54.61,53.07,10080086.0,0.7100000000000009,0.0121
2016-02-22,60.17,60.48,59.26,59.65,NKE,11523446.0,3.8607296345364657,3.8607296345364657,59.65,60.17,60.48,59.26,11523446,54.93,55.4,55.69,54.57,11523446.0,0.8599999999999994,0.0145
2016-02-23,60.21,60.74,59.89,60.26,NKE,7504589.0,3.8639609655216987,3.8639609655216987,60.26,60.21,60.74,59.89,7504589,55.49,55.44,55.93,55.15,7504589.0,0.03999999999999915,0.0007
2016-02-24,60.4,60.7,59.2,59.74,NKE,10390838.0,3.8793097877015543,3.8793097877015543,59.74,60.4,60.7,59.2,10390838,55.01,55.62,55.89,54.51,10390838.0,0.18999999999999773,0.0032
2016-02-25,62.38,62.38,60.63,60.68,NKE,8524250.0,4.039260671470579,4.039260671470579,60.68,62.38,62.38,60.63,8524250,55.87,57.44,57.44,55.83,8524250.0,1.980000000000004,0.0328
2016-02-26,62.6,63.49,62.47,62.64,NKE,8896102.0,4.0570329918893595,4.0570329918893595,62.64,62.6,63.49,62.47,8896102,57.68,57.64,58.46,57.52,8896102.0,0.21999999999999886,0.0035
2016-02-29,61.59,62.68,61.58,62.46,NKE,7720619.0,3.975441884512231,3.975441884512231,62.46,61.59,62.68,61.58,7720619,57.51,56.71,57.72,56.7,7720619.0,-1.009999999999998,-0.0161
2016-03-01,62.92,63.1,61.75,61.97,NKE,7438258.0,4.082883639771222,4.082883639771222,61.97,62.92,63.1,61.75,7438258,57.06,57.94,58.1,56.86,7438258.0,1.3299999999999983,0.0216
2016-03-02,62.22,62.89,61.5,62.52,NKE,8465840.0,4.026335347529647,4.026335347529647,62.52,62.22,62.89,61.5,8465840,57.57,57.29,57.91,56.63,8465840.0,-0.7000000000000028,-0.0111
2016-03-03,61.47,62.2,60.92,62.05,NKE,7924362.0,3.965747891556532,3.965747891556532,62.05,61.47,62.2,60.92,7924362,57.28,56.75,57.42,56.24,7924362.0,-0.75,-0.0121
2016-03-04,61.26,61.54,60.38,61.42,NKE,7279438.0,3.9487834038840597,3.9487834038840597,61.42,61.26,61.54,60.38,7279438,56.7,56.56,56.81,55.74,7279438.0,-0.21000000000000085,-0.0034
2016-03-07,59.25,61.14,58.79,61.07,NKE,12829552.0,3.786409021876111,3.786409021876111,61.07,59.25,61.14,58.79,12829552,56.38,54.7,56.44,54.27,12829552.0,-2.009999999999998,-0.0328
2016-03-08,59.81,60.6,58.71,59.03,NKE,9307915.0,3.8316476556693706,3.8316476556693706,59.03,59.81,60.6,58.71,9307915,54.5,55.22,55.95,54.2,9307915.0,0.5600000000000023,0.0095
2016-03-09,58.33,59.62,57.95,59.58,NKE,12766907.0,3.712088409215756,3.712088409215756,59.58,58.33,59.62,57.95,12766907,55.0,53.85,55.04,53.5,12766907.0,-1.480000000000004,-0.0247
2016-03-10,58.88,59.04,57.97,58.7,NKE,9402576.0,3.7565192102627076,3.7565192102627076,58.7,58.88,59.04,57.97,9402576,54.19,54.36,54.51,53.52,9402576.0,0.5500000000000043,0.0094
2016-03-11,60.08,60.44,59.13,59.13,NKE,8834380.0,3.853459139819692,3.853459139819692,59.13,60.08,60.44,59.13,8834380,54.59,55.47,55.8,54.59,8834380.0,1.1999999999999957,0.0204
2016-03-14,60.81,61.33,60.1,60.19,NKE,7090509.0,3.912430930300191,3.912430930300191,60.19,60.81,61.33,60.1,7090509,55.57,56.14,56.62,55.48,7090509.0,0.730000000000004,0.0122
2016-03-15,61.4,61.75,60.35,60.5,NKE,6188824.0,3.960093062332375,3.960093062332375,60.5,61.4,61.75,60.35,6188824,55.85,56.68,57.01,55.72,6188824.0,0.5899999999999963,0.0097
2016-03-16,61.86,62.23,61.29,61.47,NKE,7018279.0,3.997253368662552,3.997253368662552,61.47,61.86,62.23,61.29,7018279,56.75,57.11,57.45,56.58,7018279.0,0.46000000000000085,0.0075
2016-03-17,63.18,63.38,61.74,61.76,NKE,9926830.0,4.103887291175235,4.103887291175235,61.76,63.18,63.38,61.74,9926830,57.02,58.33,58.51,57.0,9926830.0,1.3200000000000003,0.0213
2016-03-18,62.99,63.98,62.85,63.55,NKE,13192883.0,4.088538468995379,4.088538468995379,63.55,62.99,63.98,62.85,13192883,58.67,58.15,59.06,58.02,13192883.0,-0.18999999999999773,-0.003
2016-03-21,64.72,65.29,63.4,63.55,NKE,13635416.0,4.228293534106698,4.228293534106698,63.55,64.72,65.29,63.4,13635416,58.67,59.75,60.28,58.53,13635416.0,1.7299999999999969,0.0275
2016-03-22,64.9,65.44,64.17,64.83,NKE,18212861.0,4.242834523540247,4.242834523540247,64.83,64.9,65.44,64.17,18212861,59.85,59.92,60.41,59.24,18212861.0,0.18000000000000682,0.0028
2016-03-23,62.44,63.45,61.15,61.33,NKE,26987016.0,4.044107667948428,4.044107667948428,61.33,62.44,63.45,61.15,26987016,56.62,57.64,58.58,56.45,26987016.0,-2.460000000000008,-0.0379
2016-03-24,61.65,62.14,61.12,62.06,NKE,12231325.0,3.98028888099008,3.98028888099008,62.06,61.65,62.14,61.12,12231325,57.29,56.92,57.37,56.43,12231325.0,-0.7899999999999991,-0.0127
2016-03-28,61.34,61.98,61.25,61.58,NKE,7898992.0,3.955246065854526,3.955246065854526,61.58,61.34,61.98,61.25,7898992,56.85,56.63,57.22,56.55,7898992.0,-0.30999999999999517,-0.005
2016-03-29,61.49,61.9,61.25,61.26,NKE,7837765.0,3.967363557049149,3.967363557049149,61.26,61.49,61.9,61.25,7837765,56.56,56.77,57.15,56.55,7837765.0,0.14999999999999858,0.0024
2016-03-30,62.04,62.41,61.77,61.77,NKE,7859341.0,4.0117943580960995,4.0117943580960995,61.77,62.04,62.41,61.77,7859341,57.03,57.28,57.62,57.03,7859341.0,0.5499999999999972,0.0089
2016-03-31,61.47,62.64,61.31,61.99,NKE,8257807.0,3.965747891556532,3.965747891556532,61.99,61.47,62.64,61.31,8257807,57.23,56.75,57.83,56.6,8257807.0,-0.5700000000000003,-0.0092
2016-04-01,61.59,61.82,61.15,61.22,NKE,7555272.0,3.975441884512231,3.975441884512231,61.22,61.59,61.82,61.15,7555272,56.52,56.86,57.07,56.45,7555272.0,0.12000000000000455,0.002
2016-04-04,59.97,61.85,59.42,61.73,NKE,16523442.0,3.8445729796103016,3.8445729796103016,61.73,59.97,61.85,59.42,16523442,56.99,55.36,57.1,54.86,16523442.0,-1.6200000000000045,-0.0263
2016-04-05,59.67,60.17,59.44,59.62,NKE,7554009.0,3.820337997221056,3.820337997221056,59.62,59.67,60.17,59.44,7554009,55.04,55.09,55.55,54.88,7554009.0,-0.29999999999999716,-0.005
2016-04-06,60.31,60.68,59.19,59.6,NKE,10201539.0,3.872039292984781,3.872039292984781,59.6,60.31,60.68,59.19,10201539,55.02,55.68,56.02,54.64,10201539.0,0.6400000000000006,0.0107
2016-04-07,60.3,60.58,59.71,59.79,NKE,7092947.0,3.871231460238472,3.871231460238472,59.79,60.3,60.58,59.71,7092947,55.2,55.67,55.93,55.12,7092947.0,-0.010000000000005116,-0.0002
2016-04-08,59.42,60.56,59.32,60.49,NKE,8761653.0,3.8001421785633505,3.8001421785633505,60.49,59.42,60.56,59.32,8761653,55.84,54.86,55.91,54.76,8761653.0,-0.8799999999999955,-0.0146
2016-04-11,57.92,59.78,57.82,59.73,NKE,12593383.0,3.67896726661712,3.67896726661712,59.73,57.92,59.78,57.82,12593383,55.14,53.47,55.19,53.38,12593383.0,-1.5,-0.0252
2016-04-12,58.55,58.62,56.89,58.0,NKE,12471148.0,3.7298607296345363,3.7298607296345363,58.0,58.55,58.62,56.89,12471148,53.55,54.05,54.12,52.52,12471148.0,0.6299999999999955,0.0109
2016-04-13,59.58,59.95,58.83,59.02,NKE,10629071.0,3.8130675025042815,3.8130675025042815,59.02,59.58,59.95,58.83,10629071,54.49,55.0,55.35,54.31,10629071.0,1.0300000000000011,0.0176
2016-04-14,59.49,60.34,59.44,59.71,NKE,7785161.0,3.805797007787508,3.805797007787508,59.71,59.49,60.34,59.44,7785161,55.12,54.92,55.71,54.88,7785161.0,-0.0899999999999963,-0.0015
2016-04-15,59.5,59.59,58.39,59.02,NKE,7653565.0,3.806604840533816,3.806604840533816,59.02,59.5,59.59,58.39,7653565,54.49,54.93,55.01,53.91,7653565.0,0.00999999999999801,0.0002
2016-04-18,59.57,60.0,59.38,59.38,NKE,6075932.0,3.8122596697579736,3.8122596697579736,59.38,59.57,60.0,59.38,6075932,54.82,55.0,55.39,54.82,6075932.0,0.07000000000000028,0.0012
2016-04-19,59.56,59.99,59.33,59.96,NKE,6594446.0,3.8114518370116652,3.8114518370116652,59.96,59.56,59.99,59.33,6594446,55.36,54.99,55.38,54.77,6594446.0,-0.00999999999999801,-0.0002
2016-04-20,59.62,60.24,59.43,59.43,NKE,7177508.0,3.816298833489514,3.816298833489514,59.43,59.62,60.24,59.43,7177508,54.87,55.04,55.61,54.87,7177508.0,0.05999999999999517,0.001
2016-04-21,60.08,60.53,59.71,60.53,NKE,7156668.0,3.853459139819692,3.853459139819692,60.53,60.08,60.53,59.71,7156668,55.88,55.47,55.88,55.12,7156668.0,0.46000000000000085,0.0077
2016-04-22,59.43,60.22,58.97,60.18,NKE,8294326.0,3.8009500113096584,3.8009500113096584,60.18,59.43,60.22,58.97,8294326,55.56,54.87,55.6,54.44,8294326.0,-0.6499999999999986,-0.0108
2016-04-25,59.21,59.42,58.76,59.34,NKE,6117737.0,3.783177690890878,3.783177690890878,59.34,59.21,59.42,58.76,6117737,54.78,54.66,54.86,54.25,6117737.0,-0.21999999999999886,-0.0037
2016-04-26,59.54,59.97,59.27,59.31,NKE,5582155.0,3.809836171519049,3.809836171519049,59.31,59.54,59.97,59.27,5582155,54.75,54.97,55.36,54.72,5582155.0,0.3299999999999983,0.0056
2016-04-27,59.27,59.73,58.63,59.63,NKE,8094578.0,3.7880246873687278,3.7880246873687278,59.63,59.27,59.73,58.63,8094578,55.05,54.72,55.14,54.13,8094578.0,-0.269999999999996,-0.0045
2016-04-28,58.54,59.89,58.42,58.95,NKE,6028575.0,3.7290528968882284,3.7290528968882284,58.95,58.54,59.89,58.42,6028575,54.42,54.04,55.29,53.93,6028575.0,-0.730000000000004,-0.0123
2016-04-29,58.94,59.09,58.1,58.41,NKE,8178658.0,3.7613662067405564,3.7613662067405564,58.41,58.94,59.09,58.1,8178658,53.92,54.41,54.55,53.64,8178658.0,0.3999999999999986,0.0068
2016-05-02,59.59,59.74,58.99,59.09,NKE,8647783.0,3.8138753352505903,3.8138753352505903,59.09,59.59,59.74,58.99,8647783,54.55,55.01,55.16,54.46,8647783.0,0.6500000000000057,0.011
2016-05-03,59.52,59.84,59.03,59.24,NKE,8061257.0,3.8082205060264327,3.8082205060264327,59.24,59.52,59.84,59.03,8061257,54.69,54.95,55.25,54.5,8061257.0,-0.07000000000000028,-0.0012
2016-05-04,59.11,59.96,58.82,59.23,NKE,8062777.0,3.775099363427796,3.775099363427796,59.23,59.11,59.96,58.82,8062777,54.68,54.57,55.36,54.3,8062777.0,-0.4100000000000037,-0.0069
2016-05-05,58.19,58.98,58.0,58.94,NKE,7845960.0,3.7007787507674412,3.7007787507674412,58.94,58.19,58.98,58.0,7845960,54.41,53.72,54.45,53.55,7845960.0,-0.9200000000000017,-0.0156
2016-05-06,58.43,58.44,57.38,58.16,NKE,7307963.0,3.7201667366788382,3.7201667366788382,58.16,58.43,58.44,57.38,7307963,53.69,53.94,53.95,52.97,7307963.0,0.240000000000002,0.0041
2016-05-09,58.72,59.19,58.45,58.59,NKE,5604923.0,3.743593886321776,3.743593886321776,58.59,58.72,59.19,58.45,5604923,54.09,54.21,54.64,53.96,5604923.0,0.28999999999999915,0.005
2016-05-10,59.2,59.99,58.61,58.61,NKE,7600153.0,3.78236985814457,3.78236985814457,58.61,59.2,59.99,58.61,7600153,54.11,54.65,55.38,54.11,7600153.0,0.480000000000004,0.0082
2016-05-11,57.01,58.68,56.85,58.5,NKE,12822988.0,3.605454486703073,3.605454486703073,58.5,57.01,58.68,56.85,12822988,54.01,52.63,54.17,52.48,12822988.0,-2.190000000000005,-0.037
2016-05-12,57.99,58.34,57.31,57.52,NKE,8083739.0,3.684622095841277,3.684622095841277,57.52,57.99,58.34,57.31,8083739,53.1,53.54,53.86,52.91,8083739.0,0.980000000000004,0.0172
2016-05-13,57.31,58.12,57.28,57.74,NKE,7392620.0,3.6296894690923196,3.6296894690923196,57.74,57.31,58.12,57.28,7392620,53.31,52.91,53.66,52.88,7392620.0,-0.6799999999999997,-0.0117
2016-05-16,57.14,57.53,56.63,57.27,NKE,8045888.0,3.6159563124050798,3.6159563124050798,57.27,57.14,57.53,56.63,8045888,52.87,52.75,53.11,52.28,8045888.0,-0.1700000000000017,-0.003
2016-05-17,57.1,57.38,56.65,57.15,NKE,7620685.0,3.612724981419847,3.612724981419847,57.15,57.1,57.38,56.65,7620685,52.76,52.71,52.97,52.3,7620685.0,-0.03999999999999915,-0.0007
2016-05-18,56.12,56.87,55.67,56.76,NKE,11532822.0,3.533557372281643,3.533557372281643,56.76,56.12,56.87,55.67,11532822,52.4,51.81,52.5,51.39,11532822.0,-0.980000000000004,-0.0172
2016-05-19,57.04,57.3,55.67,55.82,NKE,9376468.0,3.6078779849419975,3.6078779849419975,55.82,57.04,57.3,55.67,9376468,51.53,52.66,52.9,51.39,9376468.0,0.9200000000000017,0.0164
2016-05-20,56.48,57.06,55.41,55.88,NKE,13745298.0,3.562639351148738,3.562639351148738,55.88,56.48,57.06,55.41,13745298,51.59,52.14,52.68,51.15,13745298.0,-0.5600000000000023,-0.0098
2016-05-23,55.99,56.97,55.95,56.6,NKE,7780729.0,3.5230555465796365,3.5230555465796365,56.6,55.99,56.97,55.95,7780729,52.25,51.69,52.59,51.65,7780729.0,-0.4899999999999949,-0.0087
2016-05-24,56.59,56.77,55.86,56.05,NKE,11098667.0,3.571525511358129,3.571525511358129,56.05,56.59,56.77,55.86,11098667,51.75,52.24,52.41,51.57,11098667.0,0.6000000000000014,0.0107
2016-05-25,55.99,56.69,55.77,56.47,NKE,9921707.0,3.5230555465796365,3.5230555465796365,56.47,55.99,56.69,55.77,9921707,52.13,51.69,52.34,51.49,9921707.0,-0.6000000000000014,-0.0106
2016-05-26,55.84,56.36,55.6,56.05,NKE,9063054.0,3.5109380553850134,3.5109380553850134,56.05,55.84,56.36,55.6,9063054,51.75,51.55,52.03,51.33,9063054.0,-0.14999999999999858,-0.0027
2016-05-27,56.19,56.53,55.98,56.17,NKE,8525892.0,3.5392122015058,3.5392122015058,56.17,56.19,56.53,55.98,8525892,51.86,51.87,52.19,51.68,8525892.0,0.3499999999999943,0.0063
2016-05-31,55.22,56.47,55.17,56.41,NKE,14233551.0,3.4608524251139046,3.4608524251139046,56.41,55.22,56.47,55.17,14233551,52.08,50.98,52.13,50.93,14233551.0,-0.9699999999999989,-0.0173
2016-06-01,54.93,55.04,52.92,53.33,NKE,28409319.0,3.4374252754709667,3.4374252754709667,53.33,54.93,55.04,52.92,28409319,49.23,50.71,50.81,48.86,28409319.0,-0.28999999999999915,-0.0053
2016-06-02,54.53,54.67,54.22,54.22,NKE,13901685.0,3.4051119656186386,3.4051119656186386,54.22,54.53,54.67,54.22,13901685,50.2,50.49,50.62,50.2,13901685.0,-0.3999999999999986,-0.0073
2016-06-03,53.45,54.57,53.4,54.29,NKE,17265816.0,3.3178660290173525,3.3178660290173525,54.29,53.45,54.57,53.4,17265816,50.27,49.49,50.53,49.44,17265816.0,-1.0799999999999983,-0.0198
2016-06-06,54.3,54.54,53.69,53.77,NKE,13808332.0,3.3865318124535495,3.3865318124535495,53.77,54.3,54.54,53.69,13808332,49.79,50.28,50.5,49.71,13808332.0,0.8499999999999943,0.0159
2016-06-07,53.55,54.35,53.55,54.16,NKE,13333980.0,3.3259443564804343,3.3259443564804343,54.16,53.55,54.35,53.55,13333980,50.15,49.58,50.32,49.58,13333980.0,-0.75,-0.0138
2016-06-08,54.12,54.34,53.66,53.83,NKE,12068525.0,3.3719908230200017,3.3719908230200017,53.83,54.12,54.34,53.66,12068525,49.84,50.11,50.31,49.68,12068525.0,0.5700000000000003,0.0106
2016-06-09,54.94,55.05,53.88,54.11,NKE,11609794.0,3.4382331082172746,3.4382331082172746,54.11,54.94,55.05,53.88,11609794,50.1,50.87,50.97,49.89,11609794.0,0.8200000000000003,0.0152
2016-06-10,55.11,55.36,54.55,54.64,NKE,12183598.0,3.4519662649045144,3.4519662649045144,54.64,55.11,55.36,54.55,12183598,50.59,51.03,51.26,50.51,12183598.0,0.1700000000000017,0.0031
2016-06-13,54.91,55.64,54.88,55.0,NKE,8582181.0,3.43580960997835,3.43580960997835,55.0,54.91,55.64,54.88,8582181,50.92,50.84,51.52,50.81,8582181.0,-0.20000000000000284,-0.0036
2016-06-14,54.12,54.94,54.08,54.58,NKE,9585598.0,3.3719908230200017,3.3719908230200017,54.58,54.12,54.94,54.08,9585598,50.54,50.11,50.87,50.07,9585598.0,-0.7899999999999991,-0.0144
2016-06-15,54.31,55.06,54.24,54.24,NKE,7498386.0,3.3873396451998583,3.3873396451998583,54.24,54.31,55.06,54.24,7498386,50.22,50.29,50.98,50.22,7498386.0,0.19000000000000483,0.0035
2016-06-16,53.47,53.64,52.94,53.54,NKE,14456484.0,3.3194816945099688,3.3194816945099688,53.54,53.47,53.64,52.94,14456484,49.57,49.51,49.67,49.02,14456484.0,-0.8400000000000034,-0.0155
2016-06-17,53.71,53.87,53.16,53.45,NKE,11007105.0,3.338869680421366,3.338869680421366,53.45,53.71,53.87,53.16,11007105,49.49,49.73,49.88,49.22,11007105.0,0.240000000000002,0.0045
2016-06-20,54.36,55.15,54.23,54.23,NKE,8429371.0,3.3913788089313988,3.3913788089313988,54.23,54.36,55.15,54.23,8429371,50.21,50.33,51.06,50.21,8429371.0,0.6499999999999986,0.0121
2016-06-21,54.77,55.09,54.44,54.46,NKE,8278214.0,3.4244999515300356,3.4244999515300356,54.46,54.77,55.09,54.44,8278214,50.42,50.71,51.01,50.41,8278214.0,0.4100000000000037,0.0075
2016-06-22,54.57,55.14,54.53,55.0,NKE,7019646.0,3.408343296603871,3.408343296603871,55.0,54.57,55.14,54.53,7019646,50.92,50.53,51.05,50.49,7019646.0,-0.20000000000000284,-0.0037
2016-06-23,54.12,55.18,53.95,55.11,NKE,11219782.0,3.3719908230200017,3.3719908230200017,55.11,54.12,55.18,53.95,11219782,51.03,50.11,51.09,49.95,11219782.0,-0.45000000000000284,-0.0082
2016-06-24,52.59,53.36,52.18,52.36,NKE,18481189.0,3.248392412834847,3.248392412834847,52.36,52.59,53.36,52.18,18481189,48.48,48.69,49.41,48.31,18481189.0,-1.529999999999994,-0.0283
2016-06-27,51.89,52.52,51.48,52.0,NKE,15374062.0,3.1918441205932724,3.1918441205932724,52.0,51.89,52.52,51.48,15374062,48.15,48.04,48.63,47.66,15374062.0,-0.7000000000000028,-0.0133
2016-06-28,53.09,53.2,51.57,52.04,NKE,20837781.0,3.2887840501502574,3.2887840501502574,52.04,53.09,53.2,51.57,20837781,48.18,49.16,49.25,47.75,20837781.0,1.2000000000000028,0.0231
2016-06-29,55.13,55.14,52.89,54.5,NKE,36084771.0,3.453581930397131,3.453581930397131,54.5,55.13,55.14,52.89,36084771,50.46,51.04,51.05,48.97,36084771.0,2.039999999999999,0.0384
2016-06-30,55.2,55.43,54.6,55.29,NKE,17350521.0,3.4592367596212883,3.4592367596212883,55.29,55.2,55.43,54.6,17350521,51.19,51.11,51.32,50.55,17350521.0,0.07000000000000028,0.0013
2016-07-01,55.61,55.81,54.91,55.07,NKE,9285096.0,3.4923579022199243,3.4923579022199243,55.07,55.61,55.81,54.91,9285096,50.99,51.49,51.67,50.84,9285096.0,0.4099999999999966,0.0074
2016-07-05,55.2,55.91,55.01,55.34,NKE,10256124.0,3.4592367596212883,3.4592367596212883,55.34,55.2,55.91,55.01,10256124,51.24,51.11,51.77,50.93,10256124.0,-0.4099999999999966,-0.0074
2016-07-06,55.8,55.81,54.82,54.88,NKE,7863399.0,3.5077067243997804,3.5077067243997804,54.88,55.8,55.81,54.82,7863399,50.81,51.67,51.67,50.76,7863399.0,0.5999999999999943,0.0109
2016-07-07,55.92,55.98,55.56,55.8,NKE,6947979.0,3.517400717355479,3.517400717355479,55.8,55.92,55.98,55.56,6947979,51.67,51.78,51.83,51.44,6947979.0,0.12000000000000455,0.0022
2016-07-08,56.72,56.82,56.09,56.1,NKE,8645942.0,3.582027337060135,3.582027337060135,56.1,56.72,56.82,56.09,8645942,51.94,52.52,52.61,51.93,8645942.0,0.7999999999999972,0.0143
2016-07-11,56.83,57.23,56.71,56.83,NKE,8122521.0,3.590913497269525,3.590913497269525,56.83,56.83,57.23,56.71,8122521,52.62,52.62,52.99,52.51,8122521.0,0.10999999999999943,0.0019
2016-07-12,58.06,58.2,57.07,57.09,NKE,11164368.0,3.690276925065435,3.690276925065435,57.09,58.06,58.2,57.07,11164368,52.86,53.76,53.89,52.84,11164368.0,1.230000000000004,0.0216
2016-07-13,57.99,58.44,57.73,58.18,NKE,9126459.0,3.684622095841277,3.684622095841277,58.18,57.99,58.44,57.73,9126459,53.87,53.69,54.11,53.45,9126459.0,-0.07000000000000028,-0.0012
2016-07-14,58.49,58.6,58.15,58.3,NKE,7488355.0,3.7250137331566875,3.7250137331566875,58.3,58.49,58.6,58.15,7488355,53.98,54.16,54.26,53.84,7488355.0,0.5,0.0086
2016-07-15,57.87,58.87,57.87,58.59,NKE,9225206.0,3.6749281028855787,3.6749281028855787,58.59,57.87,58.87,57.87,9225206,54.25,53.58,54.5,53.58,9225206.0,-0.6200000000000045,-0.0106
2016-07-18,57.74,58.16,57.74,58.0,NKE,6478896.0,3.6644262771835723,3.6644262771835723,58.0,57.74,58.16,57.74,6478896,53.7,53.46,53.85,53.46,6478896.0,-0.12999999999999545,-0.0022
2016-07-19,57.76,57.77,57.15,57.46,NKE,7442696.0,3.666041942676188,3.666041942676188,57.46,57.76,57.77,57.15,7442696,53.2,53.48,53.49,52.92,7442696.0,0.01999999999999602,0.0003
2016-07-20,57.76,58.1,57.74,57.99,NKE,5872418.0,3.666041942676188,3.666041942676188,57.99,57.76,58.1,57.74,5872418,53.69,53.48,53.79,53.46,5872418.0,0.0,0.0
2016-07-21,56.99,58.03,56.57,57.99,NKE,8317259.0,3.603838821210457,3.603838821210457,57.99,56.99,58.03,56.57,8317259,53.69,52.77,53.73,52.38,8317259.0,-0.769999999999996,-0.0133
2016-07-22,56.73,56.96,56.42,56.82,NKE,8614746.0,3.5828351698064433,3.5828351698064433,56.82,56.73,56.96,56.42,8614746,52.61,52.53,52.74,52.24,8614746.0,-0.2600000000000051,-0.0046
2016-07-25,57.14,57.15,56.46,56.87,NKE,7256291.0,3.6159563124050798,3.6159563124050798,56.87,57.14,57.15,56.46,7256291,52.66,52.91,52.92,52.28,7256291.0,0.4100000000000037,0.0072
2016-07-26,56.37,57.87,56.25,57.2,NKE,8546691.0,3.553753190939348,3.553753190939348,57.2,56.37,57.87,56.25,8546691,52.96,52.19,53.58,52.08,8546691.0,-0.7700000000000031,-0.0135
2016-07-27,55.79,57.0,55.47,56.5,NKE,10295407.0,3.506898891653472,3.506898891653472,56.5,55.79,57.0,55.47,10295407,52.31,51.66,52.78,51.36,10295407.0,-0.5799999999999983,-0.0103
2016-07-28,55.45,55.81,54.98,55.59,NKE,9574064.0,3.4794325782789937,3.4794325782789937,55.59,55.45,55.81,54.98,9574064,51.47,51.34,51.67,50.91,9574064.0,-0.3399999999999963,-0.0061
2016-07-29,55.5,55.66,55.21,55.27,NKE,6353444.0,3.483471742010534,3.483471742010534,55.27,55.5,55.66,55.21,6353444,51.17,51.39,51.54,51.12,6353444.0,0.04999999999999716,0.0009
2016-08-01,55.41,55.87,55.3,55.73,NKE,6268392.0,3.4762012472937602,3.4762012472937602,55.73,55.41,55.87,55.3,6268392,51.6,51.3,51.73,51.2,6268392.0,-0.09000000000000341,-0.0016
2016-08-02,54.92,55.28,54.78,55.23,NKE,7145600.0,3.4366174427246587,3.4366174427246587,55.23,54.92,55.28,54.78,7145600,51.14,50.85,51.18,50.72,7145600.0,-0.4899999999999949,-0.0088
2016-08-03,54.75,55.19,54.28,54.55,NKE,9687312.0,3.422884286037419,3.422884286037419,54.55,54.75,55.19,54.28,9687312,50.51,50.69,51.1,50.26,9687312.0,-0.1700000000000017,-0.0031
2016-08-04,54.79,55.57,54.65,54.96,NKE,8678103.0,3.426115617022652,3.426115617022652,54.96,54.79,55.57,54.65,8678103,50.89,50.73,51.45,50.6,8678103.0,0.03999999999999915,0.0007
2016-08-05,55.85,56.06,55.17,55.32,NKE,7512502.0,3.5117458881313217,3.5117458881313217,55.32,55.85,56.06,55.17,7512502,51.22,51.71,51.91,51.08,7512502.0,1.0600000000000023,0.0193
2016-08-08,55.98,56.39,55.68,56.13,NKE,6306977.0,3.5222477138333277,3.5222477138333277,56.13,55.98,56.39,55.68,6306977,51.97,51.83,52.21,51.55,6306977.0,0.12999999999999545,0.0023
2016-08-09,55.77,56.24,55.69,56.08,NKE,8044357.0,3.505283226160856,3.505283226160856,56.08,55.77,56.24,55.69,8044357,51.92,51.64,52.07,51.56,8044357.0,-0.20999999999999375,-0.0038
2016-08-10,55.13,56.18,55.07,55.95,NKE,6881449.0,3.453581930397131,3.453581930397131,55.95,55.13,56.18,55.07,6881449,51.8,51.04,52.02,50.99,6881449.0,-0.6400000000000006,-0.0115
2016-08-11,56.73,56.89,55.48,55.63,NKE,9539467.0,3.5828351698064433,3.5828351698064433,55.63,56.73,56.89,55.48,9539467,51.51,52.53,52.67,51.37,9539467.0,1.5999999999999943,0.029
2016-08-12,56.45,56.76,56.13,56.7,NKE,5393354.0,3.560215852909814,3.560215852909814,56.7,56.45,56.76,56.13,5393354,52.5,52.27,52.55,51.97,5393354.0,-0.27999999999999403,-0.0049
2016-08-15,56.77,57.06,56.62,56.65,NKE,4836335.0,3.5860665007916763,3.5860665007916763,56.65,56.77,57.06,56.62,4836335,52.45,52.56,52.83,52.42,4836335.0,0.3200000000000003,0.0057
2016-08-16,56.88,57.03,56.42,56.8,NKE,4901794.0,3.5949526610010665,3.5949526610010665,56.8,56.88,57.03,56.42,4901794,52.59,52.67,52.81,52.24,4901794.0,0.10999999999999943,0.0019
2016-08-17,56.86,56.97,56.54,56.87,NKE,7340541.0,3.59333699550845,3.59333699550845,56.87,56.86,56.97,56.54,7340541,52.66,52.65,52.75,52.35,7340541.0,-0.020000000000003126,-0.0004
2016-08-18,57.21,57.46,56.9,56.99,NKE,6043620.0,3.6216111416292374,3.6216111416292374,56.99,57.21,57.46,56.9,6043620,52.77,52.97,53.2,52.68,6043620.0,0.3500000000000014,0.0062
2016-08-19,58.9,59.14,57.25,57.4,NKE,15987096.0,3.7581348757553235,3.7581348757553235,57.4,58.9,59.14,57.25,15987096,53.15,54.54,54.76,53.01,15987096.0,1.6899999999999977,0.0295
2016-08-22,58.66,59.46,58.65,58.82,NKE,8265962.0,3.7387468898439264,3.7387468898439264,58.82,58.66,59.46,58.65,8265962,54.46,54.31,55.05,54.3,8265962.0,-0.240000000000002,-0.0041
2016-08-23,59.62,59.8,58.8,58.8,NKE,8222759.0,3.816298833489514,3.816298833489514,58.8,59.62,59.8,58.8,8222759,54.44,55.2,55.37,54.44,8222759.0,0.9600000000000009,0.0164
2016-08-24,60.22,60.33,59.72,59.89,NKE,11379038.0,3.8647687982680066,3.8647687982680066,59.89,60.22,60.33,59.72,11379038,55.45,55.76,55.86,55.29,11379038.0,0.6000000000000014,0.0101
2016-08-25,59.24,60.15,59.03,60.01,NKE,8713898.0,3.7856011891298027,3.7856011891298027,60.01,59.24,60.15,59.03,8713898,55.56,54.85,55.69,54.66,8713898.0,-0.9799999999999969,-0.0163
2016-08-26,59.0,59.2,58.3,58.57,NKE,9994300.0,3.7662132032184057,3.7662132032184057,58.57,59.0,59.2,58.3,9994300,54.23,54.63,54.81,53.98,9994300.0,-0.240000000000002,-0.0041
2016-08-29,58.63,59.25,58.53,59.2,NKE,5831027.0,3.7363233916050023,3.7363233916050023,59.2,58.63,59.25,58.53,5831027,54.81,54.29,54.86,54.19,5831027.0,-0.36999999999999744,-0.0063
2016-08-30,58.0,58.76,57.85,58.46,NKE,6344565.0,3.6854299285875856,3.6854299285875856,58.46,58.0,58.76,57.85,6344565,54.13,53.7,54.41,53.56,6344565.0,-0.6300000000000026,-0.0107
2016-08-31,57.64,58.28,57.19,57.86,NKE,7723638.0,3.65634794972049,3.65634794972049,57.86,57.64,58.28,57.19,7723638,53.57,53.37,53.96,52.95,7723638.0,-0.35999999999999943,-0.0062
2016-09-01,58.54,58.55,57.53,57.67,NKE,8224952.0,3.7290528968882284,3.7290528968882284,57.67,58.54,58.55,57.53,8224952,53.55,54.35,54.36,53.42,8224952.0,0.8999999999999986,0.0156
2016-09-02,58.02,59.18,57.99,58.63,NKE,6933123.0,3.687045594080202,3.687045594080202,58.63,58.02,59.18,57.99,6933123,54.44,53.87,54.95,53.84,6933123.0,-0.519999999999996,-0.0089
2016-09-06,57.41,58.38,57.21,58.25,NKE,9771751.0,3.637767796555401,3.637767796555401,58.25,57.41,58.38,57.21,9771751,54.09,53.31,54.21,53.12,9771751.0,-0.6100000000000065,-0.0105
2016-09-07,57.72,57.78,57.01,57.48,NKE,7536144.0,3.6628106116909556,3.6628106116909556,57.48,57.72,57.78,57.01,7536144,53.37,53.59,53.65,52.93,7536144.0,0.3100000000000023,0.0054
2016-09-08,56.17,57.27,56.11,56.88,NKE,12741924.0,3.5375965360131842,3.5375965360131842,56.88,56.17,57.27,56.11,12741924,52.81,52.15,53.18,52.1,12741924.0,-1.5499999999999972,-0.0269
2016-09-09,55.33,56.0,55.27,55.88,NKE,11310403.0,3.4697385853232947,3.4697385853232947,55.88,55.33,56.0,55.27,11310403,51.88,51.37,52.0,51.31,11310403.0,-0.8400000000000034,-0.015
2016-09-12,56.01,56.12,54.95,55.0,NKE,7470941.0,3.5246712120722523,3.5246712120722523,55.0,56.01,56.12,54.95,7470941,51.07,52.01,52.1,51.02,7470941.0,0.6799999999999997,0.0123
2016-09-13,55.37,55.94,55.12,55.86,NKE,7359422.0,3.4729699163085272,3.4729699163085272,55.86,55.37,55.94,55.12,7359422,51.87,51.41,51.94,51.18,7359422.0,-0.6400000000000006,-0.0114
2016-09-14,55.13,55.56,54.93,55.16,NKE,7621197.0,3.453581930397131,3.453581930397131,55.16,55.13,55.56,54.93,7621197,51.22,51.19,51.59,51.0,7621197.0,-0.23999999999999488,-0.0043
2016-09-15,55.47,55.54,54.81,55.0,NKE,6316251.0,3.4810482437716095,3.4810482437716095,55.0,55.47,55.54,54.81,6316251,51.07,51.5,51.57,50.89,6316251.0,0.3399999999999963,0.0062
2016-09-16,55.18,55.36,55.05,55.24,NKE,11715439.0,3.4576210941286716,3.4576210941286716,55.24,55.18,55.36,55.05,11715439,51.29,51.23,51.4,51.11,11715439.0,-0.28999999999999915,-0.0052
2016-09-19,54.95,55.47,54.93,55.38,NKE,7671328.0,3.4390409409635834,3.4390409409635834,55.38,54.95,55.47,54.93,7671328,51.42,51.02,51.5,51.0,7671328.0,-0.22999999999999687,-0.0042
2016-09-20,54.87,55.44,54.76,55.26,NKE,8562999.0,3.4325782789931174,3.4325782789931174,55.26,54.87,55.44,54.76,8562999,51.31,50.95,51.48,50.84,8562999.0,-0.0800000000000054,-0.0015
2016-09-21,55.34,55.38,54.61,55.02,NKE,8041695.0,3.470546418069603,3.470546418069603,55.02,55.34,55.38,54.61,8041695,51.09,51.38,51.42,50.71,8041695.0,0.47000000000000597,0.0086
2016-09-22,55.41,55.98,55.24,55.47,NKE,8052393.0,3.4762012472937602,3.4762012472937602,55.47,55.41,55.98,55.24,8052393,51.5,51.45,51.98,51.29,8052393.0,0.06999999999999318,0.0013
2016-09-23,55.15,55.71,54.91,55.02,NKE,8921732.0,3.455197595889747,3.455197595889747,55.02,55.15,55.71,54.91,8921732,51.09,51.21,51.73,50.98,8921732.0,-0.259999999999998,-0.0047
2016-09-26,54.4,55.0,54.08,54.8,NKE,11629568.0,3.3946101399166317,3.3946101399166317,54.8,54.4,55.0,54.08,11629568,50.88,50.51,51.07,50.21,11629568.0,-0.75,-0.0136
2016-09-27,55.34,55.54,53.9,54.25,NKE,17945212.0,3.470546418069603,3.470546418069603,54.25,55.34,55.54,53.9,17945212,50.37,51.38,51.57,50.05,17945212.0,0.9400000000000048,0.0173
2016-09-28,53.25,55.0,52.8,54.6,NKE,33213008.0,3.3017093740911885,3.3017093740911885,54.6,53.25,55.0,52.8,33213008,50.7,49.44,51.06,49.02,33213008.0,-2.0900000000000034,-0.0378
2016-09-29,52.16,53.58,52.12,52.92,NKE,16993949.0,3.2136556047435936,3.2136556047435936,52.92,52.16,53.58,52.12,16993949,49.14,48.43,49.75,48.39,16993949.0,-1.0900000000000034,-0.0205
2016-09-30,52.65,53.06,52.28,52.57,NKE,12940220.0,3.253239409312696,3.253239409312696,52.57,52.65,53.06,52.28,12940220,48.81,48.89,49.27,48.54,12940220.0,0.490000000000002,0.0094
2016-10-03,52.67,53.0,52.42,52.54,NKE,7632543.0,3.2548550748053127,3.2548550748053127,52.54,52.67,53.0,52.42,7632543,48.78,48.9,49.21,48.67,7632543.0,0.020000000000003126,0.0004
2016-10-04,52.14,53.06,52.08,52.9,NKE,10737412.0,3.2120399392509777,3.2120399392509777,52.9,52.14,53.06,52.08,10737412,49.12,48.41,49.27,48.36,10737412.0,-0.5300000000000011,-0.0101
2016-10-05,52.12,52.64,52.1,52.15,NKE,7244125.0,3.210424273758361,3.210424273758361,52.15,52.12,52.64,52.1,7244125,48.42,48.39,48.88,48.37,7244125.0,-0.020000000000003126,-0.0004
2016-10-06,52.03,52.33,51.97,52.2,NKE,9391723.0,3.2031537790415876,3.2031537790415876,52.2,52.03,52.33,51.97,9391723,48.47,48.31,48.59,48.25,9391723.0,-0.0899999999999963,-0.0017
2016-10-07,51.79,52.46,51.68,52.42,NKE,8407084.0,3.1837657931301906,3.1837657931301906,52.42,51.79,52.46,51.68,8407084,48.67,48.09,48.71,47.98,8407084.0,-0.240000000000002,-0.0046
2016-10-10,51.79,52.25,51.77,52.13,NKE,5469323.0,3.1837657931301906,3.1837657931301906,52.13,51.79,52.25,51.77,5469323,48.4,48.09,48.51,48.07,5469323.0,0.0,0.0
2016-10-11,51.82,52.25,51.52,51.95,NKE,9203523.0,3.186189291369115,3.186189291369115,51.95,51.82,52.25,51.52,9203523,48.24,48.11,48.51,47.84,9203523.0,0.030000000000001137,0.0006
2016-10-12,52.44,52.71,51.8,52.01,NKE,9301264.0,3.2362749216402236,3.2362749216402236,52.01,52.44,52.71,51.8,9301264,48.29,48.69,48.94,48.1,9301264.0,0.6199999999999974,0.012
2016-10-13,52.03,52.32,51.5,52.12,NKE,8425755.0,3.2031537790415876,3.2031537790415876,52.12,52.03,52.32,51.5,8425755,48.39,48.31,48.58,47.82,8425755.0,-0.4099999999999966,-0.0078
2016-10-14,51.62,52.5,51.62,52.38,NKE,7133784.0,3.1700326364429507,3.1700326364429507,52.38,51.62,52.5,51.62,7133784,48.63,47.93,48.75,47.93,7133784.0,-0.4100000000000037,-0.0079
2016-10-17,51.03,51.75,50.96,51.65,NKE,7904002.0,3.122370504410767,3.122370504410767,51.65,51.03,51.75,50.96,7904002,47.96,47.38,48.05,47.32,7904002.0,-0.5899999999999963,-0.0114
2016-10-18,51.22,51.66,51.19,51.3,NKE,6805166.0,3.1377193265906227,3.1377193265906227,51.3,51.22,51.66,51.19,6805166,47.63,47.56,47.97,47.53,6805166.0,0.18999999999999773,0.0037
2016-10-19,51.8,51.84,51.14,51.34,NKE,6998963.0,3.1845736258764985,3.1845736258764985,51.34,51.8,51.84,51.14,6998963,47.67,48.1,48.13,47.48,6998963.0,0.5799999999999983,0.0113
2016-10-20,51.89,52.36,51.69,51.77,NKE,6590489.0,3.1918441205932724,3.1918441205932724,51.77,51.89,52.36,51.69,6590489,48.07,48.18,48.62,47.99,6590489.0,0.09000000000000341,0.0017
2016-10-21,51.77,51.87,51.25,51.74,NKE,9161003.0,3.1821501276375743,3.1821501276375743,51.74,51.77,51.87,51.25,9161003,48.04,48.07,48.16,47.59,9161003.0,-0.11999999999999744,-0.0023
2016-10-24,51.87,52.29,51.83,52.16,NKE,7578184.0,3.1902284551006557,3.1902284551006557,52.16,51.87,52.29,51.83,7578184,48.43,48.16,48.55,48.12,7578184.0,0.09999999999999432,0.0019
2016-10-25,51.05,51.44,50.71,50.97,NKE,14975302.0,3.1239861699033833,3.1239861699033833,50.97,51.05,51.44,50.71,14975302,47.33,47.4,47.76,47.08,14975302.0,-0.8200000000000003,-0.0158
2016-10-26,51.97,52.27,50.9,50.95,NKE,12401117.0,3.198306782563738,3.198306782563738,50.95,51.97,52.27,50.9,12401117,47.31,48.25,48.53,47.26,12401117.0,0.9200000000000017,0.018
2016-10-27,51.89,52.34,51.69,52.34,NKE,7939188.0,3.1918441205932724,3.1918441205932724,52.34,51.89,52.34,51.69,7939188,48.6,48.18,48.6,47.99,7939188.0,-0.0799999999999983,-0.0015
2016-10-28,52.02,52.5,51.79,52.12,NKE,9096719.0,3.2023459462952792,3.2023459462952792,52.12,52.02,52.5,51.79,9096719,48.39,48.3,48.75,48.09,9096719.0,0.13000000000000256,0.0025
2016-10-31,50.18,51.15,50.0,50.88,NKE,17931262.0,3.0537047209745696,3.0537047209745696,50.88,50.18,51.15,50.0,17931262,47.24,46.59,47.49,46.42,17931262.0,-1.8400000000000034,-0.0354
2016-11-01,49.62,50.51,49.14,50.5,NKE,14100431.0,3.00846608718131,3.00846608718131,50.5,49.62,50.51,49.14,14100431,46.89,46.07,46.9,45.63,14100431.0,-0.5600000000000023,-0.0112
2016-11-02,49.72,50.27,49.01,49.24,NKE,10775938.0,3.0165444146443923,3.0165444146443923,49.24,49.72,50.27,49.01,10775938,45.72,46.17,46.68,45.51,10775938.0,0.10000000000000142,0.002
2016-11-03,49.73,50.0,49.31,49.98,NKE,7678690.0,3.0173522473907,3.0173522473907,49.98,49.73,50.0,49.31,7678690,46.41,46.17,46.42,45.78,7678690.0,0.00999999999999801,0.0002
2016-11-04,49.96,50.45,49.76,49.8,NKE,9925196.0,3.0359324005557893,3.0359324005557893,49.8,49.96,50.45,49.76,9925196,46.24,46.39,46.84,46.2,9925196.0,0.23000000000000398,0.0046
2016-11-07,50.91,50.93,50.28,50.48,NKE,8358692.0,3.112676511455068,3.112676511455068,50.48,50.91,50.93,50.28,8358692,46.87,47.27,47.29,46.68,8358692.0,0.9499999999999957,0.019
2016-11-08,51.08,51.49,50.95,51.1,NKE,8111362.0,3.126409668142308,3.126409668142308,51.1,51.08,51.49,50.95,8111362,47.45,47.43,47.81,47.31,8111362.0,0.1700000000000017,0.0033
2016-11-09,51.12,51.27,49.8,50.07,NKE,9058575.0,3.1296409991275405,3.1296409991275405,50.07,51.12,51.27,49.8,9058575,46.49,47.46,47.6,46.24,9058575.0,0.03999999999999915,0.0008
2016-11-10,50.39,51.37,50.33,51.29,NKE,12316075.0,3.070669208647042,3.070669208647042,51.29,50.39,51.37,50.33,12316075,47.62,46.79,47.7,46.73,12316075.0,-0.7299999999999969,-0.0143
2016-11-11,50.77,50.85,50.18,50.22,NKE,6300607.0,3.1013668530067537,3.1013668530067537,50.22,50.77,50.85,50.18,6300607,46.63,47.14,47.21,46.59,6300607.0,0.38000000000000256,0.0075
2016-11-14,50.21,51.19,50.21,51.18,NKE,8063943.0,3.056128219213494,3.056128219213494,51.18,50.21,51.19,50.21,8063943,47.52,46.62,47.53,46.62,8063943.0,-0.5600000000000023,-0.011
2016-11-15,50.13,50.64,49.75,50.46,NKE,9299754.0,3.0496655572430287,3.0496655572430287,50.46,50.13,50.64,49.75,9299754,46.85,46.55,47.02,46.19,9299754.0,-0.0799999999999983,-0.0016
2016-11-16,50.68,50.8,49.95,50.0,NKE,6760291.0,3.09409635828998,3.09409635828998,50.0,50.68,50.8,49.95,6760291,46.42,47.06,47.17,46.38,6760291.0,0.5499999999999972,0.011
2016-11-17,51.59,51.67,50.72,50.94,NKE,7671568.0,3.1676091382040266,3.1676091382040266,50.94,51.59,51.67,50.72,7671568,47.3,47.9,47.98,47.09,7671568.0,0.9100000000000037,0.018
2016-11-18,51.1,51.89,50.96,51.39,NKE,7461602.0,3.1280253336349246,3.1280253336349246,51.39,51.1,51.89,50.96,7461602,47.72,47.45,48.18,47.32,7461602.0,-0.490000000000002,-0.0095
2016-11-21,51.28,51.42,50.95,51.0,NKE,5357204.0,3.142566323068472,3.142566323068472,51.0,51.28,51.42,50.95,5357204,47.35,47.61,47.74,47.31,5357204.0,0.17999999999999972,0.0035
2016-11-22,51.71,51.75,51.05,51.47,NKE,5228142.0,3.177303131159725,3.177303131159725,51.47,51.71,51.75,51.05,5228142,47.79,48.01,48.05,47.4,5228142.0,0.4299999999999997,0.0084
2016-11-23,51.34,51.85,51.2,51.71,NKE,4148968.0,3.1474133195463216,3.1474133195463216,51.71,51.34,51.85,51.2,4148968,48.01,47.67,48.14,47.54,4148968.0,-0.36999999999999744,-0.0072
2016-11-25,51.52,51.74,51.35,51.68,NKE,2736767.0,3.1619543089798694,3.1619543089798694,51.68,51.52,51.74,51.35,2736767,47.98,47.84,48.04,47.68,2736767.0,0.17999999999999972,0.0035
2016-11-28,51.01,51.44,50.61,51.44,NKE,8602118.0,3.1207548389181503,3.1207548389181503,51.44,51.01,51.44,50.61,8602118,47.76,47.36,47.76,46.99,8602118.0,-0.5100000000000051,-0.0099
2016-11-29,50.63,51.37,50.57,51.2,NKE,6065682.0,3.090057194558439,3.090057194558439,51.2,50.63,51.37,50.57,6065682,47.54,47.01,47.7,46.95,6065682.0,-0.37999999999999545,-0.0074
2016-11-30,50.07,50.81,50.07,50.52,NKE,8198418.0,3.0448185607651794,3.0448185607651794,50.52,50.07,50.81,50.07,8198418,46.91,46.49,47.18,46.49,8198418.0,-0.5600000000000023,-0.0111
2016-12-01,50.65,51.25,50.06,50.11,NKE,7610063.0,3.0916728600510552,3.0916728600510552,50.11,50.65,51.25,50.06,7610063,46.7,47.2,47.76,46.65,7610063.0,0.5799999999999983,0.0116
2016-12-02,50.46,50.68,50.1,50.26,NKE,6933279.0,3.0763240378711996,3.0763240378711996,50.26,50.46,50.68,50.1,6933279,46.84,47.02,47.23,46.69,6933279.0,-0.18999999999999773,-0.0038
2016-12-05,51.85,52.27,50.7,50.8,NKE,12031170.0,3.18861278960804,3.18861278960804,50.8,51.85,52.27,50.7,12031170,47.34,48.32,48.71,47.25,12031170.0,1.3900000000000006,0.0275
2016-12-06,50.57,51.1,50.26,50.83,NKE,12496332.0,3.0852101980805897,3.0852101980805897,50.83,50.57,51.1,50.26,12496332,47.37,47.13,47.62,46.84,12496332.0,-1.2800000000000011,-0.0247
2016-12-07,52.1,52.25,50.6,50.79,NKE,10412638.0,3.2088086082657448,3.2088086082657448,50.79,52.1,52.25,50.6,10412638,47.33,48.55,48.69,47.15,10412638.0,1.5300000000000011,0.0303
2016-12-08,51.55,52.47,51.45,52.15,NKE,9260850.0,3.164377807218793,3.164377807218793,52.15,51.55,52.47,51.45,9260850,48.6,48.04,48.9,47.95,9260850.0,-0.5500000000000043,-0.0106
2016-12-09,51.72,51.97,51.5,51.76,NKE,5869828.0,3.178110963906033,3.178110963906033,51.76,51.72,51.97,51.5,5869828,48.24,48.2,48.43,47.99,5869828.0,0.1700000000000017,0.0033
2016-12-12,51.54,51.9,50.94,51.5,NKE,11459541.0,3.1635699744724852,3.1635699744724852,51.5,51.54,51.9,50.94,11459541,47.99,48.03,48.37,47.47,11459541.0,-0.17999999999999972,-0.0035
2016-12-13,52.3,53.22,51.83,51.83,NKE,11442327.0,3.224965263191909,3.224965263191909,51.83,52.3,53.22,51.83,11442327,48.3,48.74,49.59,48.3,11442327.0,0.759999999999998,0.0147
2016-12-14,51.79,52.34,51.59,52.24,NKE,8012783.0,3.1837657931301906,3.1837657931301906,52.24,51.79,52.34,51.59,8012783,48.68,48.26,48.78,48.08,8012783.0,-0.509999999999998,-0.0098
2016-12-15,51.29,52.04,51.09,52.0,NKE,9567532.0,3.1433741558147803,3.1433741558147803,52.0,51.29,52.04,51.09,9567532,48.46,47.8,48.5,47.61,9567532.0,-0.5,-0.0097
2016-12-16,50.92,51.64,50.67,51.6,NKE,13984850.0,3.113484344201377,3.113484344201377,51.6,50.92,51.64,50.67,13984850,48.09,47.45,48.12,47.22,13984850.0,-0.36999999999999744,-0.0072
2016-12-19,50.85,51.36,50.48,50.91,NKE,9451738.0,3.1078295149772193,3.1078295149772193,50.91,50.85,51.36,50.48,9451738,47.44,47.39,47.86,47.04,9451738.0,-0.07000000000000028,-0.0014
2016-12-20,51.79,51.99,50.75,51.06,NKE,15984083.0,3.1837657931301906,3.1837657931301906,51.06,51.79,51.99,50.75,15984083,47.58,48.26,48.45,47.29,15984083.0,0.9399999999999977,0.0185
2016-12-21,52.3,53.35,51.55,52.9,NKE,23236380.0,3.224965263191909,3.224965263191909,52.9,52.3,53.35,51.55,23236380,49.3,48.74,49.72,48.04,23236380.0,0.509999999999998,0.0098
2016-12-22,52.14,53.0,52.03,52.8,NKE,11798871.0,3.2120399392509777,3.2120399392509777,52.8,52.14,53.0,52.03,11798871,49.2,48.59,49.39,48.48,11798871.0,-0.1599999999999966,-0.0031
2016-12-23,51.91,52.35,51.67,51.99,NKE,9360816.0,3.1934597860858887,3.1934597860858887,51.99,51.91,52.35,51.67,9360816,48.45,48.37,48.78,48.15,9360816.0,-0.23000000000000398,-0.0044
2016-12-27,51.29,52.25,51.2,51.8,NKE,8175000.0,3.1433741558147803,3.1433741558147803,51.8,51.29,52.25,51.2,8175000,48.27,47.8,48.69,47.71,8175000.0,-0.6199999999999974,-0.0119
2016-12-28,51.02,51.5,50.87,51.31,NKE,6318040.0,3.121562671664459,3.121562671664459,51.31,51.02,51.5,50.87,6318040,47.82,47.55,47.99,47.41,6318040.0,-0.269999999999996,-0.0053
2016-12-29,51.06,51.24,50.88,51.0,NKE,4680840.0,3.1247940026496916,3.1247940026496916,51.0,51.06,51.24,50.88,4680840,47.53,47.58,47.75,47.42,4680840.0,0.03999999999999915,0.0008
2016-12-30,50.83,51.33,50.7,51.1,NKE,7384258.0,3.1062138494846026,3.1062138494846026,51.1,50.83,51.33,50.7,7384258,47.62,47.37,47.83,47.25,7384258.0,-0.23000000000000398,-0.0045
2017-01-03,51.98,52.5,51.77,51.99,NKE,13295607.0,3.1991146153100463,3.1991146153100463,51.99,51.98,52.5,51.77,13295607,48.45,48.44,48.92,48.24,13295607.0,1.1499999999999986,0.0226
2017-01-04,53.07,53.34,52.09,52.23,NKE,13759473.0,3.2871683846576407,3.2871683846576407,52.23,53.07,53.34,52.09,13759473,48.67,49.46,49.71,48.54,13759473.0,1.0900000000000034,0.021
2017-01-05,53.06,53.1,52.44,52.92,NKE,8682193.0,3.286360551911333,3.286360551911333,52.92,53.06,53.1,52.44,8682193,49.32,49.45,49.48,48.87,8682193.0,-0.00999999999999801,-0.0002
2017-01-06,53.91,54.09,52.98,53.09,NKE,12532449.0,3.3550263353475294,3.3550263353475294,53.09,53.91,54.09,52.98,12532449,49.47,50.24,50.41,49.37,12532449.0,0.8499999999999943,0.016
2017-01-09,53.38,53.99,53.22,53.96,NKE,8835265.0,3.3122111997931953,3.3122111997931953,53.96,53.38,53.99,53.22,8835265,50.29,49.74,50.31,49.59,8835265.0,-0.529999999999994,-0.0098
2017-01-10,53.11,53.73,53.11,53.55,NKE,8041852.0,3.2903997156428733,3.2903997156428733,53.55,53.11,53.73,53.11,8041852,49.9,49.49,50.07,49.49,8041852.0,-0.2700000000000031,-0.0051
2017-01-11,52.69,53.29,52.66,53.12,NKE,8208307.0,3.2564707402979285,3.2564707402979285,53.12,52.69,53.29,52.66,8208307,49.5,49.1,49.66,49.08,8208307.0,-0.4200000000000017,-0.0079
2017-01-12,52.4,52.69,52.16,52.51,NKE,7368654.0,3.233043590654991,3.233043590654991,52.51,52.4,52.69,52.16,7368654,48.93,48.83,49.1,48.61,7368654.0,-0.28999999999999915,-0.0055
2017-01-13,52.92,52.93,52.23,52.59,NKE,6694367.0,3.2750508934630176,3.2750508934630176,52.59,52.92,52.93,52.23,6694367,49.01,49.32,49.33,48.67,6694367.0,0.5200000000000031,0.0099
2017-01-17,53.65,53.95,53.01,53.4,NKE,9888451.0,3.3340226839435165,3.3340226839435165,53.4,53.65,53.95,53.01,9888451,49.76,50.0,50.28,49.4,9888451.0,0.7299999999999969,0.0138
2017-01-18,53.27,53.89,52.86,53.86,NKE,6743094.0,3.3033250395838047,3.3033250395838047,53.86,53.27,53.89,52.86,6743094,50.19,49.64,50.22,49.26,6743094.0,-0.37999999999999545,-0.0071
2017-01-19,52.93,53.94,52.89,53.84,NKE,8320612.0,3.275858726209326,3.275858726209326,53.84,52.93,53.94,52.89,8320612,50.17,49.33,50.27,49.29,8320612.0,-0.3400000000000034,-0.0064
2017-01-20,53.2,53.35,52.9,53.22,NKE,7861047.0,3.2976702103596476,3.2976702103596476,53.22,53.2,53.35,52.9,7861047,49.6,49.58,49.72,49.3,7861047.0,0.2700000000000031,0.0051
2017-01-23,53.24,53.26,52.72,53.02,NKE,7025715.0,3.30090154134488,3.30090154134488,53.02,53.24,53.26,52.72,7025715,49.41,49.61,49.63,49.13,7025715.0,0.03999999999999915,0.0008
2017-01-24,53.45,53.57,52.99,53.02,NKE,6321310.0,3.3178660290173525,3.3178660290173525,53.02,53.45,53.57,52.99,6321310,49.41,49.81,49.92,49.38,6321310.0,0.21000000000000085,0.0039
2017-01-25,53.86,54.12,53.69,53.73,NKE,6675011.0,3.350987171615989,3.350987171615989,53.73,53.86,54.12,53.69,6675011,50.07,50.19,50.43,50.03,6675011.0,0.4099999999999966,0.0077
2017-01-26,53.65,54.12,53.36,54.11,NKE,6202005.0,3.3340226839435165,3.3340226839435165,54.11,53.65,54.12,53.36,6202005,50.43,50.0,50.43,49.73,6202005.0,-0.21000000000000085,-0.0039
2017-01-27,53.19,54.08,53.03,53.68,NKE,7362028.0,3.296862377613339,3.296862377613339,53.68,53.19,54.08,53.03,7362028,50.02,49.57,50.4,49.42,7362028.0,-0.46000000000000085,-0.0086
2017-01-30,53.08,53.22,52.41,52.78,NKE,9770763.0,3.2879762174039486,3.2879762174039486,52.78,53.08,53.22,52.41,9770763,49.19,49.47,49.6,48.84,9770763.0,-0.10999999999999943,-0.0021
2017-01-31,52.9,52.9,51.63,51.68,NKE,12342873.0,3.273435227970401,3.273435227970401,51.68,52.9,52.9,51.63,12342873,48.16,49.3,49.3,48.11,12342873.0,-0.17999999999999972,-0.0034
2017-02-01,53.02,53.26,52.61,52.98,NKE,8810937.0,3.2831292209261,3.2831292209261,52.98,53.02,53.26,52.61,8810937,49.37,49.41,49.63,49.03,8810937.0,0.12000000000000455,0.0023
2017-02-02,52.8,53.01,52.48,53.0,NKE,7874179.0,3.265356900507319,3.265356900507319,53.0,52.8,53.01,52.48,7874179,49.39,49.2,49.4,48.91,7874179.0,-0.22000000000000597,-0.0041
2017-02-03,52.36,52.8,52.25,52.62,NKE,8850416.0,3.229812259669758,3.229812259669758,52.62,52.36,52.8,52.25,8850416,49.04,48.79,49.21,48.69,8850416.0,-0.4399999999999977,-0.0083
2017-02-06,52.8,52.8,52.05,52.09,NKE,7355182.0,3.265356900507319,3.265356900507319,52.09,52.8,52.8,52.05,7355182,48.54,49.2,49.2,48.51,7355182.0,0.4399999999999977,0.0084
2017-02-07,52.81,53.28,52.67,53.07,NKE,6446876.0,3.2661647332536274,3.2661647332536274,53.07,52.81,53.28,52.67,6446876,49.46,49.21,49.65,49.08,6446876.0,0.010000000000005116,0.0002
2017-02-08,53.88,53.94,52.7,52.74,NKE,9281071.0,3.352602837108605,3.352602837108605,52.74,53.88,53.94,52.7,9281071,49.15,50.21,50.27,49.11,9281071.0,1.0700000000000003,0.0203
2017-02-09,55.31,55.7,53.93,53.93,NKE,14345385.0,3.4681229198306784,3.4681229198306784,53.93,55.31,55.7,53.93,14345385,50.26,51.54,51.91,50.26,14345385.0,1.4299999999999997,0.0265
2017-02-10,56.22,56.47,55.63,55.63,NKE,14973383.0,3.5416356997447247,3.5416356997447247,55.63,56.22,56.47,55.63,14973383,51.84,52.39,52.62,51.84,14973383.0,0.9099999999999966,0.0165
2017-02-13,56.09,56.34,55.75,56.17,NKE,7679800.0,3.5311338740427187,3.5311338740427187,56.17,56.09,56.34,55.75,7679800,52.34,52.27,52.5,51.95,7679800.0,-0.12999999999999545,-0.0023
2017-02-14,56.45,56.69,55.83,55.92,NKE,8891430.0,3.560215852909814,3.560215852909814,55.92,56.45,56.69,55.83,8891430,52.11,52.61,52.83,52.03,8891430.0,0.35999999999999943,0.0064
2017-02-15,56.64,56.76,56.21,56.29,NKE,6651971.0,3.5755646750896695,3.5755646750896695,56.29,56.64,56.76,56.21,6651971,52.46,52.78,52.89,52.38,6651971.0,0.18999999999999773,0.0034
2017-02-16,56.29,56.92,56.1,56.88,NKE,8374192.0,3.5472905289688823,3.5472905289688823,56.88,56.29,56.92,56.1,8374192,53.01,52.46,53.04,52.28,8374192.0,-0.3500000000000014,-0.0062
2017-02-17,56.75,56.8,55.86,56.12,NKE,12637964.0,3.5844508352990596,3.5844508352990596,56.12,56.75,56.8,55.86,12637964,52.3,52.89,52.93,52.06,12637964.0,0.46000000000000085,0.0082
2017-02-21,57.36,57.45,56.2,56.38,NKE,10955030.0,3.63372863282386,3.63372863282386,56.38,57.36,57.45,56.2,10955030,52.54,53.45,53.54,52.37,10955030.0,0.6099999999999994,0.0107
2017-02-22,58.24,58.38,57.36,57.48,NKE,10914088.0,3.7048179144989826,3.7048179144989826,57.48,58.24,58.38,57.36,10914088,53.57,54.27,54.4,53.45,10914088.0,0.8800000000000026,0.0153
2017-02-23,57.39,58.4,57.27,58.11,NKE,12316307.0,3.636152131062785,3.636152131062785,58.11,57.39,58.4,57.27,12316307,54.15,53.48,54.42,53.37,12316307.0,-0.8500000000000014,-0.0146
2017-02-24,57.86,58.42,57.07,57.39,NKE,9684469.0,3.6741202701392703,3.6741202701392703,57.39,57.86,58.42,57.07,9684469,53.48,53.92,54.44,53.18,9684469.0,0.46999999999999886,0.0082
2017-02-27,57.69,57.83,57.35,57.65,NKE,4375653.0,3.660387113452031,3.660387113452031,57.65,57.69,57.83,57.35,4375653,53.72,53.76,53.89,53.44,4375653.0,-0.1700000000000017,-0.0029
2017-02-28,57.16,57.55,56.85,57.37,NKE,7951315.0,3.617571977897696,3.617571977897696,57.37,57.16,57.55,56.85,7951315,53.46,53.27,53.63,52.98,7951315.0,-0.5300000000000011,-0.0092
2017-03-01,57.95,58.03,57.33,57.86,NKE,8558904.0,3.6813907648560447,3.6813907648560447,57.86,57.95,58.03,57.33,8558904,53.92,54.0,54.08,53.43,8558904.0,0.7900000000000063,0.0138
2017-03-02,57.8,58.25,57.65,57.9,NKE,6438361.0,3.669273273661421,3.669273273661421,57.9,57.8,58.25,57.65,6438361,54.12,54.03,54.45,53.89,6438361.0,-0.15000000000000568,-0.0026
2017-03-03,56.7,57.65,56.51,57.63,NKE,9192475.0,3.580411671567519,3.580411671567519,57.63,56.7,57.65,56.51,9192475,53.87,53.0,53.89,52.83,9192475.0,-1.0999999999999943,-0.019
2017-03-06,56.77,56.93,56.53,56.7,NKE,6896754.0,3.5860665007916763,3.5860665007916763,56.7,56.77,56.93,56.53,6896754,53.0,53.07,53.22,52.84,6896754.0,0.07000000000000028,0.0012
2017-03-07,56.55,56.99,56.02,56.71,NKE,7124445.0,3.5682941803728956,3.5682941803728956,56.71,56.55,56.99,56.02,7124445,53.01,52.86,53.27,52.37,7124445.0,-0.22000000000000597,-0.0039
2017-03-08,56.51,56.94,56.31,56.94,NKE,7604792.0,3.5650628493876626,3.5650628493876626,56.94,56.51,56.94,56.31,7604792,53.23,52.83,53.23,52.64,7604792.0,-0.03999999999999915,-0.0007
2017-03-09,56.36,56.66,56.09,56.61,NKE,6165660.0,3.55294535819304,3.55294535819304,56.61,56.36,56.66,56.09,6165660,52.92,52.69,52.97,52.43,6165660.0,-0.14999999999999858,-0.0027
2017-03-10,56.43,56.99,56.26,56.49,NKE,8882395.0,3.558600187417197,3.558600187417197,56.49,56.43,56.99,56.26,8882395,52.81,52.75,53.27,52.59,8882395.0,0.07000000000000028,0.0012
2017-03-13,56.67,56.81,56.11,56.4,NKE,7235882.0,3.5779881733285945,3.5779881733285945,56.4,56.67,56.81,56.11,7235882,52.72,52.98,53.11,52.45,7235882.0,0.240000000000002,0.0043
2017-03-14,57.28,58.01,56.72,56.87,NKE,9286917.0,3.6272659708533945,3.6272659708533945,56.87,57.28,58.01,56.72,9286917,53.16,53.55,54.23,53.02,9286917.0,0.6099999999999994,0.0108
2017-03-15,57.66,57.99,56.75,57.63,NKE,10067524.0,3.6579636152131063,3.6579636152131063,57.63,57.66,57.99,56.75,10067524,53.87,53.9,54.21,53.05,10067524.0,0.37999999999999545,0.0066
2017-03-16,57.6,57.72,56.83,57.43,NKE,9894955.0,3.6531166187352575,3.6531166187352575,57.43,57.6,57.72,56.83,9894955,53.69,53.84,53.96,53.12,9894955.0,-0.05999999999999517,-0.001
2017-03-17,57.8,57.88,57.31,57.77,NKE,10791471.0,3.669273273661421,3.669273273661421,57.77,57.8,57.88,57.31,10791471,54.0,54.03,54.11,53.57,10791471.0,0.19999999999999574,0.0035
2017-03-20,58.68,58.81,57.96,58.0,NKE,13352530.0,3.740362555336543,3.740362555336543,58.0,58.68,58.81,57.96,13352530,54.22,54.85,54.98,54.18,13352530.0,0.8800000000000026,0.0152
2017-03-21,58.01,59.0,57.72,58.78,NKE,15269827.0,3.6862377613338935,3.6862377613338935,58.78,58.01,59.0,57.72,15269827,54.95,54.23,55.15,53.96,15269827.0,-0.6700000000000017,-0.0114
2017-03-22,53.92,55.0,53.76,54.76,NKE,37413372.0,3.355834168093838,3.355834168093838,54.76,53.92,55.0,53.76,37413372,51.19,50.4,51.41,50.25,37413372.0,-4.089999999999996,-0.0705
2017-03-23,55.37,55.55,54.52,54.61,NKE,23848344.0,3.4729699163085272,3.4729699163085272,54.61,55.37,55.55,54.52,23848344,51.05,51.76,51.93,50.97,23848344.0,1.4499999999999957,0.0269
2017-03-24,56.36,56.64,55.12,55.29,NKE,14438573.0,3.55294535819304,3.55294535819304,55.29,56.36,56.64,55.12,14438573,51.69,52.69,52.95,51.53,14438573.0,0.990000000000002,0.0179
2017-03-27,55.93,56.25,55.54,55.64,NKE,8663611.0,3.5182085501017872,3.5182085501017872,55.64,55.93,56.25,55.54,8663611,52.01,52.28,52.58,51.92,8663611.0,-0.4299999999999997,-0.0076
2017-03-28,56.62,56.78,55.79,55.99,NKE,7823943.0,3.5739490095970528,3.5739490095970528,55.99,56.62,56.78,55.79,7823943,52.34,52.93,53.08,52.15,7823943.0,0.6899999999999977,0.0123
2017-03-29,56.68,57.1,56.35,56.41,NKE,7456208.0,3.5787960060749024,3.5787960060749024,56.41,56.68,57.1,56.35,7456208,52.73,52.98,53.38,52.68,7456208.0,0.060000000000002274,0.0011
2017-03-30,56.04,56.6,55.81,56.48,NKE,7210468.0,3.5270947103111774,3.5270947103111774,56.48,56.04,56.6,55.81,7210468,52.8,52.39,52.91,52.17,7210468.0,-0.6400000000000006,-0.0113
2017-03-31,55.73,56.03,55.65,56.0,NKE,5905639.0,3.5020518951756228,3.5020518951756228,56.0,55.73,56.03,55.65,5905639,52.35,52.1,52.38,52.02,5905639.0,-0.3100000000000023,-0.0055
2017-04-03,55.56,55.8,55.15,55.74,NKE,7088838.0,3.488318738488384,3.488318738488384,55.74,55.56,55.8,55.15,7088838,52.11,51.94,52.16,51.55,7088838.0,-0.1699999999999946,-0.0031
2017-04-04,55.04,55.3,54.83,55.15,NKE,8843296.0,3.446311435680357,3.446311435680357,55.15,55.04,55.3,54.83,8843296,51.55,51.45,51.69,51.26,8843296.0,-0.5200000000000031,-0.0094
2017-04-05,54.98,55.8,54.5,54.97,NKE,7722093.0,3.4414644392025076,3.4414644392025076,54.97,54.98,55.8,54.5,7722093,51.39,51.4,52.16,50.95,7722093.0,-0.060000000000002274,-0.0011
2017-04-06,55.14,55.94,54.94,55.07,NKE,6692225.0,3.454389763143439,3.454389763143439,55.07,55.14,55.94,54.94,6692225,51.48,51.54,52.29,51.36,6692225.0,0.1600000000000037,0.0029
2017-04-07,55.11,55.24,54.77,55.1,NKE,6078250.0,3.4519662649045144,3.4519662649045144,55.1,55.11,55.24,54.77,6078250,51.51,51.52,51.64,51.2,6078250.0,-0.030000000000001137,-0.0005
2017-04-10,54.9,55.33,54.72,55.0,NKE,5472680.0,3.435001777232042,3.435001777232042,55.0,54.9,55.33,54.72,5472680,51.41,51.32,51.72,51.15,5472680.0,-0.21000000000000085,-0.0038
2017-04-11,54.92,55.07,54.55,54.95,NKE,4348643.0,3.4366174427246587,3.4366174427246587,54.95,54.92,55.07,54.55,4348643,51.37,51.34,51.48,50.99,4348643.0,0.020000000000003126,0.0004
2017-04-12,55.57,55.62,54.5,54.66,NKE,8504108.0,3.4891265712346917,3.4891265712346917,54.66,55.57,55.62,54.5,8504108,51.1,51.95,51.99,50.95,8504108.0,0.6499999999999986,0.0118
2017-04-13,55.34,55.6,55.26,55.41,NKE,5282110.0,3.470546418069603,3.470546418069603,55.41,55.34,55.6,55.26,5282110,51.8,51.73,51.97,51.66,5282110.0,-0.22999999999999687,-0.0041
2017-04-17,56.24,56.34,55.25,55.32,NKE,7688742.0,3.5432513652373414,3.5432513652373414,55.32,56.24,56.34,55.25,7688742,51.71,52.57,52.66,51.65,7688742.0,0.8999999999999986,0.0163
2017-04-18,56.11,56.42,55.8,56.02,NKE,5651118.0,3.5327495395353345,3.5327495395353345,56.02,56.11,56.42,55.8,5651118,52.37,52.45,52.74,52.16,5651118.0,-0.13000000000000256,-0.0023
2017-04-19,55.86,56.22,55.74,56.16,NKE,5947674.0,3.5125537208776296,3.5125537208776296,56.16,55.86,56.22,55.74,5947674,52.5,52.22,52.55,52.11,5947674.0,-0.25,-0.0045
2017-04-20,56.4,56.69,55.88,55.96,NKE,6867130.0,3.5561766891782725,3.5561766891782725,55.96,56.4,56.69,55.88,6867130,52.31,52.72,52.99,52.24,6867130.0,0.5399999999999991,0.0097
2017-04-21,55.85,56.38,55.68,56.29,NKE,6055624.0,3.5117458881313217,3.5117458881313217,56.29,55.85,56.38,55.68,6055624,52.62,52.21,52.7,52.05,6055624.0,-0.5499999999999972,-0.0098
2017-04-24,55.47,56.21,55.47,56.14,NKE,10777733.0,3.4810482437716095,3.4810482437716095,56.14,55.47,56.21,55.47,10777733,52.48,51.85,52.55,51.85,10777733.0,-0.38000000000000256,-0.0068
2017-04-25,55.45,55.77,55.41,55.53,NKE,8970970.0,3.4794325782789937,3.4794325782789937,55.53,55.45,55.77,55.41,8970970,51.91,51.83,52.13,51.8,8970970.0,-0.01999999999999602,-0.0004
2017-04-26,55.16,55.84,55.12,55.46,NKE,10936009.0,3.456005428636055,3.456005428636055,55.46,55.16,55.84,55.12,10936009,51.84,51.56,52.2,51.53,10936009.0,-0.29000000000000625,-0.0052
2017-04-27,55.47,55.57,54.91,55.18,NKE,8557987.0,3.4810482437716095,3.4810482437716095,55.18,55.47,55.57,54.91,8557987,51.58,51.85,51.95,51.33,8557987.0,0.3100000000000023,0.0056
2017-04-28,55.41,55.53,55.14,55.43,NKE,6437731.0,3.4762012472937602,3.4762012472937602,55.43,55.41,55.53,55.14,6437731,51.82,51.8,51.91,51.54,6437731.0,-0.060000000000002274,-0.0011
2017-05-01,54.99,55.45,54.98,55.43,NKE,4881442.0,3.442272271948816,3.442272271948816,55.43,54.99,55.45,54.98,4881442,51.82,51.4,51.83,51.4,4881442.0,-0.4199999999999946,-0.0076
2017-05-02,55.07,55.16,54.79,55.12,NKE,7363616.0,3.4487349339192814,3.4487349339192814,55.12,55.07,55.16,54.79,7363616,51.53,51.48,51.56,51.22,7363616.0,0.0799999999999983,0.0015
2017-05-03,54.53,55.3,54.4,55.17,NKE,9474727.0,3.4051119656186386,3.4051119656186386,55.17,54.53,55.3,54.4,9474727,51.57,50.97,51.69,50.85,9474727.0,-0.5399999999999991,-0.0098
2017-05-04,54.47,54.83,54.2,54.68,NKE,6830628.0,3.4002649691407894,3.4002649691407894,54.68,54.47,54.83,54.2,6830628,51.11,50.92,51.26,50.67,6830628.0,-0.060000000000002274,-0.0011
2017-05-05,53.95,54.5,53.56,54.41,NKE,13379949.0,3.358257666332763,3.358257666332763,54.41,53.95,54.5,53.56,13379949,50.86,50.43,50.95,50.07,13379949.0,-0.519999999999996,-0.0095
2017-05-08,54.3,54.51,53.83,54.18,NKE,8728121.0,3.3865318124535495,3.3865318124535495,54.18,54.3,54.51,53.83,8728121,50.65,50.76,50.96,50.32,8728121.0,0.3499999999999943,0.0065
2017-05-09,54.89,55.08,54.16,54.33,NKE,6441208.0,3.4341939444857337,3.4341939444857337,54.33,54.89,55.08,54.16,6441208,50.79,51.31,51.49,50.63,6441208.0,0.5900000000000034,0.0109
2017-05-10,54.56,55.06,54.51,54.91,NKE,5823023.0,3.4075354638575632,3.4075354638575632,54.91,54.56,55.06,54.51,5823023,51.33,51.0,51.47,50.96,5823023.0,-0.3299999999999983,-0.006
2017-05-11,54.24,54.52,53.4,54.52,NKE,6499597.0,3.3816848159757007,3.3816848159757007,54.52,54.24,54.52,53.4,6499597,50.97,50.7,50.97,49.92,6499597.0,-0.3200000000000003,-0.0059
2017-05-12,54.2,54.39,53.79,54.1,NKE,5606253.0,3.378453484990468,3.378453484990468,54.1,54.2,54.39,53.79,5606253,50.57,50.67,50.84,50.28,5606253.0,-0.03999999999999915,-0.0007
2017-05-15,53.77,54.2,53.68,54.12,NKE,8201722.0,3.343716676899215,3.343716676899215,54.12,53.77,54.2,53.68,8201722,50.59,50.26,50.67,50.18,8201722.0,-0.4299999999999997,-0.0079
2017-05-16,52.78,53.38,52.12,52.37,NKE,14562678.0,3.263741235014703,3.263741235014703,52.37,52.78,53.38,52.12,14562678,48.96,49.34,49.9,48.72,14562678.0,-0.990000000000002,-0.0184
2017-05-17,51.8,52.87,51.8,52.39,NKE,18341473.0,3.1845736258764985,3.1845736258764985,52.39,51.8,52.87,51.8,18341473,48.97,48.42,49.42,48.42,18341473.0,-0.980000000000004,-0.0186
2017-05-18,51.68,52.08,51.3,51.97,NKE,22576489.0,3.1748796329208,3.1748796329208,51.97,51.68,52.08,51.3,22576489,48.58,48.31,48.68,47.96,22576489.0,-0.11999999999999744,-0.0023
2017-05-19,51.77,52.11,50.81,51.0,NKE,20047766.0,3.1821501276375743,3.1821501276375743,51.0,51.77,52.11,50.81,20047766,47.67,48.39,48.71,47.5,20047766.0,0.09000000000000341,0.0017
2017-05-22,51.57,51.96,51.4,51.77,NKE,13671543.0,3.16599347271141,3.16599347271141,51.77,51.57,51.96,51.4,13671543,48.39,48.21,48.57,48.05,13671543.0,-0.20000000000000284,-0.0039
2017-05-23,52.2,52.63,51.88,51.98,NKE,11087298.0,3.216886935728827,3.216886935728827,51.98,52.2,52.63,51.88,11087298,48.59,48.8,49.19,48.5,11087298.0,0.6300000000000026,0.0122
2017-05-24,52.01,52.3,51.74,52.25,NKE,9404281.0,3.201538113548971,3.201538113548971,52.25,52.01,52.3,51.74,9404281,48.84,48.62,48.89,48.37,9404281.0,-0.19000000000000483,-0.0036
2017-05-25,52.35,52.59,52.21,52.38,NKE,7627454.0,3.22900442692345,3.22900442692345,52.38,52.35,52.59,52.21,7627454,48.96,48.94,49.16,48.81,7627454.0,0.3400000000000034,0.0065
2017-05-26,52.59,52.76,52.23,52.35,NKE,5921314.0,3.248392412834847,3.248392412834847,52.35,52.59,52.76,52.23,5921314,48.94,49.16,49.32,48.82,5921314.0,0.240000000000002,0.0046
2017-05-30,52.92,53.02,52.64,52.76,NKE,8039561.0,3.2750508934630176,3.2750508934630176,52.76,52.92,53.02,52.64,8039561,49.32,49.47,49.56,49.21,8039561.0,0.3299999999999983,0.0063
2017-05-31,52.99,53.28,52.71,53.02,NKE,8938801.0,3.280705722687175,3.280705722687175,53.02,52.99,53.28,52.71,8938801,49.56,49.54,49.81,49.27,8938801.0,0.07000000000000028,0.0013
2017-06-01,52.3,53.3,52.21,53.06,NKE,13352101.0,3.224965263191909,3.224965263191909,53.06,52.3,53.3,52.21,13352101,49.76,49.05,49.99,48.97,13352101.0,-0.6900000000000048,-0.013
2017-06-02,52.98,53.01,52.36,52.7,NKE,18511169.0,3.2798978899408664,3.2798978899408664,52.7,52.98,53.01,52.36,18511169,49.43,49.69,49.72,49.11,18511169.0,0.6799999999999997,0.013
2017-06-05,53.01,53.23,52.7,53.0,NKE,5748870.0,3.282321388179791,3.282321388179791,53.0,53.01,53.23,52.7,5748870,49.71,49.72,49.92,49.43,5748870.0,0.030000000000001137,0.0006
2017-06-06,52.48,53.1,52.43,52.9,NKE,8923047.0,3.239506252625456,3.239506252625456,52.9,52.48,53.1,52.43,8923047,49.61,49.22,49.8,49.17,8923047.0,-0.5300000000000011,-0.01
2017-06-07,53.23,53.36,52.75,52.79,NKE,7438258.0,3.3000937085985718,3.3000937085985718,52.79,53.23,53.36,52.75,7438258,49.51,49.92,50.05,49.47,7438258.0,0.75,0.0143
2017-06-08,53.2,54.14,53.15,53.54,NKE,7785615.0,3.2976702103596476,3.2976702103596476,53.54,53.2,54.14,53.15,7785615,50.22,49.9,50.78,49.85,7785615.0,-0.02999999999999403,-0.0006
2017-06-09,53.46,53.47,52.8,53.2,NKE,8347402.0,3.318673861763661,3.318673861763661,53.2,53.46,53.47,52.8,8347402,49.9,50.14,50.15,49.52,8347402.0,0.259999999999998,0.0049
2017-06-12,54.03,54.25,53.5,53.51,NKE,9180135.0,3.3647203283032283,3.3647203283032283,53.51,54.03,54.25,53.5,9180135,50.19,50.67,50.88,50.18,9180135.0,0.5700000000000003,0.0107
2017-06-13,54.31,54.66,53.84,54.03,NKE,8720065.0,3.3873396451998583,3.3873396451998583,54.03,54.31,54.66,53.84,8720065,50.67,50.94,51.27,50.5,8720065.0,0.28000000000000114,0.0052
2017-06-14,54.66,54.67,53.95,54.48,NKE,6783933.0,3.415613791320645,3.415613791320645,54.48,54.66,54.67,53.95,6783933,51.1,51.27,51.27,50.6,6783933.0,0.3499999999999943,0.0064
2017-06-15,52.9,54.05,52.73,54.0,NKE,16041068.0,3.273435227970401,3.273435227970401,54.0,52.9,54.05,52.73,16041068,50.65,49.61,50.69,49.46,16041068.0,-1.759999999999998,-0.0322
2017-06-16,51.1,51.84,50.79,51.75,NKE,25725453.0,3.1280253336349246,3.1280253336349246,51.75,51.1,51.84,50.79,25725453,48.54,47.93,48.62,47.64,25725453.0,-1.7999999999999972,-0.034
2017-06-19,52.02,52.22,51.4,51.42,NKE,11265315.0,3.2023459462952792,3.2023459462952792,51.42,52.02,52.22,51.4,11265315,48.23,48.79,48.98,48.21,11265315.0,0.9200000000000017,0.018
2017-06-20,51.56,52.13,51.1,52.05,NKE,10676464.0,3.165185639965102,3.165185639965102,52.05,51.56,52.13,51.1,10676464,48.82,48.36,48.89,47.93,10676464.0,-0.46000000000000085,-0.0088
2017-06-21,52.59,52.69,51.9,51.9,NKE,13021697.0,3.248392412834847,3.248392412834847,51.9,52.59,52.69,51.9,13021697,48.68,49.32,49.41,48.68,13021697.0,1.0300000000000011,0.02
2017-06-22,52.4,52.62,52.09,52.6,NKE,10660744.0,3.233043590654991,3.233043590654991,52.6,52.4,52.62,52.09,10660744,49.33,49.15,49.35,48.86,10660744.0,-0.19000000000000483,-0.0036
2017-06-23,52.85,52.91,51.67,52.15,NKE,8522404.0,3.2693960642388604,3.2693960642388604,52.15,52.85,52.91,51.67,8522404,48.91,49.57,49.63,48.46,8522404.0,0.45000000000000284,0.0086
2017-06-26,53.28,53.57,52.67,52.95,NKE,7966219.0,3.304132872330113,3.304132872330113,52.95,53.28,53.57,52.67,7966219,49.66,49.97,50.24,49.4,7966219.0,0.4299999999999997,0.0081
2017-06-27,52.95,53.26,52.64,53.19,NKE,7873136.0,3.277474391701942,3.277474391701942,53.19,52.95,53.26,52.64,7873136,49.89,49.66,49.95,49.37,7873136.0,-0.3299999999999983,-0.0062
2017-06-28,53.36,53.61,52.96,53.17,NKE,7527220.0,3.3105955343005786,3.3105955343005786,53.17,53.36,53.61,52.96,7527220,49.87,50.05,50.28,49.67,7527220.0,0.4099999999999966,0.0077
2017-06-29,53.17,53.63,52.99,53.33,NKE,14801866.0,3.295246712120723,3.295246712120723,53.33,53.17,53.63,52.99,14801866,50.02,49.87,50.3,49.7,14801866.0,-0.18999999999999773,-0.0036
2017-06-30,59.0,59.71,56.5,56.6,NKE,46552954.0,3.7662132032184057,3.7662132032184057,56.6,59.0,59.71,56.5,46552954,53.09,55.34,56.0,52.99,46552954.0,5.829999999999998,0.1096
2017-07-03,58.65,59.01,58.33,58.37,NKE,9910021.0,3.7379390570976185,3.7379390570976185,58.37,58.65,59.01,58.33,9910021,54.75,55.01,55.35,54.71,9910021.0,-0.3500000000000014,-0.0059
2017-07-05,57.56,58.29,57.51,58.24,NKE,16166954.0,3.6498852877500245,3.6498852877500245,58.24,57.56,58.29,57.51,16166954,54.62,53.99,54.67,53.94,16166954.0,-1.0899999999999963,-0.0186
2017-07-06,57.16,57.72,57.0,57.45,NKE,9035661.0,3.617571977897696,3.617571977897696,57.45,57.16,57.72,57.0,9035661,53.88,53.61,54.14,53.46,9035661.0,-0.4000000000000057,-0.0069
2017-07-07,57.98,58.08,57.03,57.4,NKE,8145436.0,3.683814263094969,3.683814263094969,57.4,57.98,58.08,57.03,8145436,53.84,54.38,54.47,53.49,8145436.0,0.8200000000000003,0.0143
2017-07-10,58.73,58.81,57.68,57.89,NKE,8942398.0,3.744401719068084,3.744401719068084,57.89,58.73,58.81,57.68,8942398,54.3,55.08,55.16,54.1,8942398.0,0.75,0.0129
2017-07-11,58.18,58.93,58.04,58.54,NKE,7222995.0,3.699970918021133,3.699970918021133,58.54,58.18,58.93,58.04,7222995,54.9,54.57,55.27,54.44,7222995.0,-0.5499999999999972,-0.0094
2017-07-12,58.22,58.75,58.1,58.31,NKE,7243119.0,3.703202249006366,3.703202249006366,58.31,58.22,58.75,58.1,7243119,54.69,54.6,55.1,54.49,7243119.0,0.03999999999999915,0.0007
2017-07-13,57.94,58.58,57.93,58.22,NKE,8108634.0,3.680582932109736,3.680582932109736,58.22,57.94,58.58,57.93,8108634,54.6,54.34,54.94,54.33,8108634.0,-0.28000000000000114,-0.0048
2017-07-14,58.0,58.21,57.64,57.95,NKE,6345279.0,3.6854299285875856,3.6854299285875856,57.95,58.0,58.21,57.64,6345279,54.35,54.4,54.6,54.06,6345279.0,0.060000000000002274,0.001
2017-07-17,57.79,58.35,57.76,58.0,NKE,6885045.0,3.668465440915113,3.668465440915113,58.0,57.79,58.35,57.76,6885045,54.4,54.2,54.73,54.17,6885045.0,-0.21000000000000085,-0.0036
2017-07-18,57.65,58.08,57.47,57.74,NKE,4922455.0,3.657155782466798,3.657155782466798,57.74,57.65,58.08,57.47,4922455,54.15,54.07,54.47,53.9,4922455.0,-0.14000000000000057,-0.0024
2017-07-19,57.77,57.88,57.39,57.6,NKE,4451101.0,3.666849775422497,3.666849775422497,57.6,57.77,57.88,57.39,4451101,54.02,54.18,54.28,53.83,4451101.0,0.12000000000000455,0.0021
2017-07-20,59.1,59.59,58.8,59.12,NKE,11915546.0,3.774291530681488,3.774291530681488,59.12,59.1,59.59,58.8,11915546,55.45,55.43,55.89,55.15,11915546.0,1.3299999999999983,0.023
2017-07-21,59.95,60.0,58.91,59.0,NKE,11048297.0,3.8429573141176854,3.8429573141176854,59.0,59.95,60.0,58.91,11048297,55.34,56.23,56.27,55.25,11048297.0,0.8500000000000014,0.0144
2017-07-24,58.95,59.77,58.76,59.69,NKE,7498860.0,3.762174039486865,3.762174039486865,59.69,58.95,59.77,58.76,7498860,55.98,55.29,56.06,55.11,7498860.0,-1.0,-0.0167
2017-07-25,59.39,59.52,58.92,59.32,NKE,5157123.0,3.797718680324426,3.797718680324426,59.32,59.39,59.52,58.92,5157123,55.64,55.7,55.82,55.26,5157123.0,0.4399999999999977,0.0075
2017-07-26,58.36,59.13,58.32,59.09,NKE,5529498.0,3.7145119074546806,3.7145119074546806,59.09,58.36,59.13,58.32,5529498,55.42,54.74,55.46,54.7,5529498.0,-1.0300000000000011,-0.0173
2017-07-27,58.15,58.68,57.98,58.6,NKE,8259947.0,3.6975474197822082,3.6975474197822082,58.6,58.15,58.68,57.98,8259947,54.96,54.54,55.04,54.38,8259947.0,-0.21000000000000085,-0.0036
2017-07-28,58.67,58.73,57.97,58.15,NKE,5112825.0,3.7395547225902352,3.7395547225902352,58.15,58.67,58.73,57.97,5112825,54.54,55.03,55.09,54.37,5112825.0,0.5200000000000031,0.0089
2017-07-31,59.05,59.12,58.33,58.71,NKE,6225907.0,3.7702523669499466,3.7702523669499466,58.71,59.05,59.12,58.33,6225907,55.06,55.38,55.45,54.71,6225907.0,0.37999999999999545,0.0065
2017-08-01,59.84,59.94,58.9,59.0,NKE,9051700.0,3.8340711539082952,3.8340711539082952,59.0,59.84,59.94,58.9,9051700,55.34,56.12,56.22,55.24,9051700.0,0.7900000000000063,0.0134
2017-08-02,59.79,59.95,59.27,59.55,NKE,4468121.0,3.830031990176754,3.830031990176754,59.55,59.79,59.95,59.27,4468121,55.85,56.08,56.23,55.59,4468121.0,-0.05000000000000426,-0.0008
2017-08-03,60.14,60.53,59.64,59.8,NKE,5677172.0,3.858306136297541,3.858306136297541,59.8,60.14,60.53,59.64,5677172,56.09,56.41,56.77,55.94,5677172.0,0.3500000000000014,0.0059
2017-08-04,59.76,60.34,59.63,60.17,NKE,4105953.0,3.8276084919378293,3.8276084919378293,60.17,59.76,60.34,59.63,4105953,56.43,56.05,56.59,55.93,4105953.0,-0.38000000000000256,-0.0063
2017-08-07,59.79,60.1,59.71,59.82,NKE,4066712.0,3.830031990176754,3.830031990176754,59.82,59.79,60.1,59.71,4066712,56.11,56.08,56.37,56.0,4066712.0,0.030000000000001137,0.0005
2017-08-08,59.46,60.12,59.36,59.88,NKE,5586439.0,3.8033735095485834,3.8033735095485834,59.88,59.46,60.12,59.36,5586439,56.16,55.77,56.39,55.67,5586439.0,-0.3299999999999983,-0.0055
2017-08-09,59.9,59.97,59.26,59.42,NKE,5310944.0,3.838918150386144,3.838918150386144,59.42,59.9,59.97,59.26,5310944,55.73,56.18,56.24,55.58,5310944.0,0.4399999999999977,0.0074
2017-08-10,59.07,59.69,59.06,59.68,NKE,5585115.0,3.7718680324425633,3.7718680324425633,59.68,59.07,59.69,59.06,5585115,55.97,55.4,55.98,55.39,5585115.0,-0.8299999999999983,-0.0139
2017-08-11,58.97,59.27,58.59,58.73,NKE,4979994.0,3.763789704979481,3.763789704979481,58.73,58.97,59.27,58.59,4979994,55.08,55.31,55.59,54.95,4979994.0,-0.10000000000000142,-0.0017
2017-08-14,59.78,60.0,59.13,59.15,NKE,5899971.0,3.829224157430446,3.829224157430446,59.15,59.78,60.0,59.13,5899971,55.48,56.07,56.27,55.46,5899971.0,0.8100000000000023,0.0137
2017-08-15,58.56,59.01,58.29,58.94,NKE,8913041.0,3.730668562380845,3.730668562380845,58.94,58.56,59.01,58.29,8913041,55.28,54.92,55.35,54.67,8913041.0,-1.2199999999999989,-0.0204
2017-08-16,58.54,59.05,58.22,58.9,NKE,5489569.0,3.7290528968882284,3.7290528968882284,58.9,58.54,59.05,58.22,5489569,55.24,54.9,55.38,54.61,5489569.0,-0.020000000000003126,-0.0003
2017-08-17,57.46,58.74,57.42,58.53,NKE,9148637.0,3.6418069602869423,3.6418069602869423,58.53,57.46,58.74,57.42,9148637,54.9,53.89,55.1,53.85,9148637.0,-1.0799999999999983,-0.0184
2017-08-18,54.95,55.42,54.17,54.85,NKE,22905183.0,3.4390409409635834,3.4390409409635834,54.85,54.95,55.42,54.17,22905183,51.44,51.54,51.98,50.81,22905183.0,-2.509999999999998,-0.0437
2017-08-21,53.61,54.44,53.1,54.44,NKE,14289253.0,3.3307913529582835,3.3307913529582835,54.44,53.61,54.44,53.1,14289253,51.06,50.28,51.06,49.81,14289253.0,-1.3400000000000034,-0.0244
2017-08-22,54.13,54.41,53.79,53.92,NKE,8212816.0,3.3727986557663105,3.3727986557663105,53.92,54.13,54.41,53.79,8212816,50.57,50.77,51.03,50.45,8212816.0,0.5200000000000031,0.0097
2017-08-23,53.61,54.08,53.45,53.92,NKE,6409366.0,3.3307913529582835,3.3307913529582835,53.92,53.61,54.08,53.45,6409366,50.57,50.28,50.72,50.13,6409366.0,-0.5200000000000031,-0.0096
2017-08-24,53.84,53.97,53.46,53.93,NKE,5461911.0,3.3493715061233726,3.3493715061233726,53.93,53.84,53.97,53.46,5461911,50.58,50.5,50.62,50.14,5461911.0,0.23000000000000398,0.0043
2017-08-25,53.9,54.2,53.54,54.03,NKE,6416622.0,3.3542185026012215,3.3542185026012215,54.03,53.9,54.2,53.54,6416622,50.67,50.55,50.83,50.21,6416622.0,0.05999999999999517,0.0011
2017-08-28,53.73,54.43,53.62,54.07,NKE,5269393.0,3.340485345913982,3.340485345913982,54.07,53.73,54.43,53.62,5269393,50.71,50.39,51.05,50.29,5269393.0,-0.1700000000000017,-0.0032
2017-08-29,52.73,52.88,52.06,52.74,NKE,12539931.0,3.2597020712831615,3.2597020712831615,52.74,52.73,52.88,52.06,12539931,49.46,49.46,49.59,48.83,12539931.0,-1.0,-0.0186
2017-08-30,52.56,52.96,52.25,52.8,NKE,7434491.0,3.2459689145959225,3.2459689145959225,52.8,52.56,52.96,52.25,7434491,49.52,49.3,49.67,49.01,7434491.0,-0.1699999999999946,-0.0032
2017-08-31,52.81,52.98,52.47,52.6,NKE,7728916.0,3.2661647332536274,3.2661647332536274,52.6,52.81,52.98,52.47,7728916,49.5,49.7,49.86,49.38,7728916.0,0.25,0.0048
2017-09-01,53.36,53.45,52.9,53.0,NKE,5509805.0,3.3105955343005786,3.3105955343005786,53.0,53.36,53.45,52.9,5509805,49.88,50.22,50.3,49.78,5509805.0,0.5499999999999972,0.0104
2017-09-05,53.01,53.47,52.88,53.25,NKE,6689126.0,3.282321388179791,3.282321388179791,53.25,53.01,53.47,52.88,6689126,50.11,49.89,50.32,49.77,6689126.0,-0.3500000000000014,-0.0066
2017-09-06,52.76,53.34,52.71,53.12,NKE,7407562.0,3.262125569522086,3.262125569522086,53.12,52.76,53.34,52.71,7407562,49.99,49.65,50.2,49.61,7407562.0,-0.25,-0.0047
2017-09-07,52.39,52.85,52.34,52.76,NKE,6905762.0,3.2322357579086827,3.2322357579086827,52.76,52.39,52.85,52.34,6905762,49.65,49.3,49.74,49.26,6905762.0,-0.36999999999999744,-0.007
2017-09-08,52.2,52.51,52.11,52.25,NKE,8563283.0,3.216886935728827,3.216886935728827,52.25,52.2,52.51,52.11,8563283,49.17,49.13,49.42,49.04,8563283.0,-0.18999999999999773,-0.0036
2017-09-11,53.03,53.13,52.32,52.38,NKE,8649915.0,3.2839370536724077,3.2839370536724077,52.38,53.03,53.13,52.32,8649915,49.29,49.91,50.0,49.24,8649915.0,0.8299999999999983,0.0159
2017-09-12,53.4,54.09,53.3,53.77,NKE,7823691.0,3.313826865285811,3.313826865285811,53.77,53.4,54.09,53.3,7823691,50.6,50.25,50.9,50.16,7823691.0,0.36999999999999744,0.007
2017-09-13,53.52,53.64,53.04,53.45,NKE,6085952.0,3.32352085824151,3.32352085824151,53.45,53.52,53.64,53.04,6085952,50.3,50.37,50.48,49.92,6085952.0,0.12000000000000455,0.0022
2017-09-14,53.73,53.89,53.12,53.54,NKE,7497401.0,3.340485345913982,3.340485345913982,53.54,53.73,53.89,53.12,7497401,50.39,50.57,50.72,49.99,7497401.0,0.20999999999999375,0.0039
2017-09-15,53.87,54.06,53.52,53.86,NKE,10046827.0,3.351795004362297,3.351795004362297,53.86,53.87,54.06,53.52,10046827,50.69,50.7,50.88,50.37,10046827.0,0.14000000000000057,0.0026
2017-09-18,53.5,54.16,53.4,53.87,NKE,8166438.0,3.3219051927488934,3.3219051927488934,53.87,53.5,54.16,53.4,8166438,50.7,50.35,50.97,50.25,8166438.0,-0.36999999999999744,-0.0069
2017-09-19,53.33,54.05,52.51,52.78,NKE,14707174.0,3.308172036061654,3.308172036061654,52.78,53.33,54.05,52.51,14707174,49.67,50.19,50.87,49.42,14707174.0,-0.1700000000000017,-0.0032
2017-09-20,53.56,53.64,53.04,53.49,NKE,7058002.0,3.3267521892267427,3.3267521892267427,53.49,53.56,53.64,53.04,7058002,50.34,50.41,50.48,49.92,7058002.0,0.23000000000000398,0.0043
2017-09-21,53.19,53.64,53.09,53.55,NKE,8065367.0,3.296862377613339,3.296862377613339,53.55,53.19,53.64,53.09,8065367,50.4,50.06,50.48,49.96,8065367.0,-0.37000000000000455,-0.0069
2017-09-22,53.24,53.61,52.8,53.02,NKE,10962392.0,3.30090154134488,3.30090154134488,53.02,53.24,53.61,52.8,10962392,49.9,50.1,50.45,49.69,10962392.0,0.05000000000000426,0.0009
2017-09-25,53.23,53.56,53.0,53.08,NKE,12262360.0,3.3000937085985718,3.3000937085985718,53.08,53.23,53.56,53.0,12262360,49.95,50.09,50.41,49.88,12262360.0,-0.010000000000005116,-0.0002
2017-09-26,53.7,53.97,52.98,53.18,NKE,16183717.0,3.338061847675058,3.338061847675058,53.18,53.7,53.97,52.98,16183717,50.05,50.54,50.79,49.86,16183717.0,0.47000000000000597,0.0088
2017-09-27,52.67,52.69,51.03,52.17,NKE,36202500.0,3.2548550748053127,3.2548550748053127,52.17,52.67,52.69,51.03,36202500,49.1,49.57,49.59,48.02,36202500.0,-1.0300000000000011,-0.0192
2017-09-28,52.63,53.03,52.33,52.8,NKE,11334704.0,3.2516237438200797,3.2516237438200797,52.8,52.63,53.03,52.33,11334704,49.69,49.53,49.91,49.25,11334704.0,-0.03999999999999915,-0.0008
2017-09-29,51.85,52.82,51.76,52.59,NKE,12189882.0,3.18861278960804,3.18861278960804,52.59,51.85,52.82,51.76,12189882,49.49,48.8,49.71,48.71,12189882.0,-0.7800000000000011,-0.0148
2017-10-02,51.87,52.21,51.66,52.16,NKE,7516205.0,3.1902284551006557,3.1902284551006557,52.16,51.87,52.21,51.66,7516205,49.09,48.81,49.13,48.62,7516205.0,0.01999999999999602,0.0004
2017-10-03,51.47,52.05,51.4,52.0,NKE,8126729.0,3.1579151452483276,3.1579151452483276,52.0,51.47,52.05,51.4,8126729,48.94,48.44,48.98,48.37,8126729.0,-0.3999999999999986,-0.0077
2017-10-04,52.08,52.13,51.4,51.51,NKE,8204280.0,3.207192942773128,3.207192942773128,51.51,52.08,52.13,51.4,8204280,48.48,49.01,49.06,48.37,8204280.0,0.6099999999999994,0.0119
2017-10-05,52.18,52.32,51.77,52.01,NKE,5287422.0,3.2152712702362103,3.2152712702362103,52.01,52.18,52.32,51.77,5287422,48.95,49.11,49.24,48.73,5287422.0,0.10000000000000142,0.0019
2017-10-06,52.42,52.46,52.12,52.2,NKE,5360267.0,3.2346592561476073,3.2346592561476073,52.2,52.42,52.46,52.12,5360267,49.13,49.33,49.37,49.05,5360267.0,0.240000000000002,0.0046
2017-10-09,51.52,52.3,51.5,52.23,NKE,6875105.0,3.1619543089798694,3.1619543089798694,52.23,51.52,52.3,51.5,6875105,49.15,48.49,49.22,48.47,6875105.0,-0.8999999999999986,-0.0172
2017-10-10,51.53,51.82,51.37,51.58,NKE,8372726.0,3.1627621417261773,3.1627621417261773,51.58,51.53,51.82,51.37,8372726,48.54,48.49,48.77,48.34,8372726.0,0.00999999999999801,0.0002
2017-10-11,51.03,51.52,50.83,51.39,NKE,9109648.0,3.122370504410767,3.122370504410767,51.39,51.03,51.52,50.83,9109648,48.36,48.02,48.49,47.84,9109648.0,-0.5,-0.0097
2017-10-12,50.83,51.12,50.35,50.98,NKE,10658445.0,3.1062138494846026,3.1062138494846026,50.98,50.83,51.12,50.35,10658445,47.98,47.84,48.11,47.38,10658445.0,-0.20000000000000284,-0.0039
2017-10-13,50.98,51.07,50.4,50.83,NKE,16227948.0,3.1183313406792257,3.1183313406792257,50.83,50.98,51.07,50.4,16227948,47.84,47.98,48.06,47.43,16227948.0,0.14999999999999858,0.003
2017-10-16,51.37,51.41,50.64,50.8,NKE,9299326.0,3.149836817785246,3.149836817785246,50.8,51.37,51.41,50.64,9299326,47.81,48.34,48.38,47.66,9299326.0,0.39000000000000057,0.0077
2017-10-17,52.0,52.04,51.38,51.5,NKE,9492675.0,3.2007302808026625,3.2007302808026625,51.5,52.0,52.04,51.38,9492675,48.47,48.94,48.97,48.35,9492675.0,0.6300000000000026,0.0123
2017-10-18,52.3,52.4,52.1,52.18,NKE,10890257.0,3.224965263191909,3.224965263191909,52.18,52.3,52.4,52.1,10890257,49.11,49.22,49.31,49.03,10890257.0,0.29999999999999716,0.0058
2017-10-19,52.69,52.8,51.48,51.66,NKE,12568217.0,3.2564707402979285,3.2564707402979285,51.66,52.69,52.8,51.48,12568217,48.62,49.59,49.69,48.45,12568217.0,0.39000000000000057,0.0075
2017-10-20,53.06,53.5,52.79,52.79,NKE,13020916.0,3.286360551911333,3.286360551911333,52.79,53.06,53.5,52.79,13020916,49.68,49.93,50.35,49.68,13020916.0,0.37000000000000455,0.007
2017-10-23,53.66,53.95,53.0,53.06,NKE,12242580.0,3.3348305166898244,3.3348305166898244,53.06,53.66,53.95,53.0,12242580,49.93,50.5,50.77,49.88,12242580.0,0.5999999999999943,0.0113
2017-10-24,53.42,54.0,53.1,53.9,NKE,14767595.0,3.315442530778428,3.315442530778428,53.9,53.42,54.0,53.1,14767595,50.73,50.27,50.82,49.97,14767595.0,-0.23999999999999488,-0.0045
2017-10-25,54.94,55.91,52.67,53.43,NKE,24804028.0,3.4382331082172746,3.4382331082172746,53.43,54.94,55.91,52.67,24804028,50.28,51.7,52.61,49.57,24804028.0,1.519999999999996,0.0285
2017-10-26,56.81,57.25,55.14,55.26,NKE,22185144.0,3.5892978317769093,3.5892978317769093,55.26,56.81,57.25,55.14,22185144,52.01,53.46,53.88,51.89,22185144.0,1.8700000000000045,0.034
2017-10-27,55.96,56.36,55.65,55.82,NKE,12801783.0,3.520632048340712,3.520632048340712,55.82,55.96,56.36,55.65,12801783,52.53,52.66,53.04,52.37,12801783.0,-0.8500000000000014,-0.015
2017-10-30,55.27,55.93,54.84,55.71,NKE,10169401.0,3.464891588845446,3.464891588845446,55.71,55.27,55.93,54.84,10169401,52.43,52.01,52.64,51.61,10169401.0,-0.6899999999999977,-0.0123
2017-10-31,54.99,55.28,54.52,54.75,NKE,9794845.0,3.442272271948816,3.442272271948816,54.75,54.99,55.28,54.52,9794845,51.53,51.75,52.02,51.31,9794845.0,-0.28000000000000114,-0.0051
2017-11-01,55.07,55.5,54.85,55.42,NKE,7544505.0,3.4487349339192814,3.4487349339192814,55.42,55.07,55.5,54.85,7544505,52.16,51.83,52.23,51.62,7544505.0,0.0799999999999983,0.0015
2017-11-02,55.12,55.32,54.59,55.15,NKE,7250343.0,3.4527740976508223,3.4527740976508223,55.15,55.12,55.32,54.59,7250343,51.9,51.87,52.06,51.37,7250343.0,0.04999999999999716,0.0009
2017-11-03,55.71,55.72,55.04,55.15,NKE,9448203.0,3.5004362296830065,3.5004362296830065,55.15,55.71,55.72,55.04,9448203,51.9,52.43,52.44,51.8,9448203.0,0.5900000000000034,0.0107
2017-11-06,56.04,56.13,55.14,55.29,NKE,9332236.0,3.5270947103111774,3.5270947103111774,55.29,56.04,56.13,55.14,9332236,52.03,52.74,52.82,51.89,9332236.0,0.3299999999999983,0.0059
2017-11-07,55.15,56.02,55.02,55.75,NKE,7774698.0,3.455197595889747,3.455197595889747,55.75,55.15,56.02,55.02,7774698,52.47,51.9,52.72,51.78,7774698.0,-0.8900000000000006,-0.0159
2017-11-08,55.76,55.77,54.89,55.0,NKE,7079371.0,3.5044753934145474,3.5044753934145474,55.0,55.76,55.77,54.89,7079371,51.76,52.48,52.49,51.66,7079371.0,0.6099999999999994,0.0111
2017-11-09,56.13,56.35,55.31,55.5,NKE,10958474.0,3.5343652050279513,3.5343652050279513,55.5,56.13,56.35,55.31,10958474,52.23,52.82,53.03,52.05,10958474.0,0.37000000000000455,0.0066
2017-11-10,56.09,56.49,55.62,55.88,NKE,7535726.0,3.5311338740427187,3.5311338740427187,55.88,56.09,56.49,55.62,7535726,52.59,52.79,53.16,52.34,7535726.0,-0.03999999999999915,-0.0007
2017-11-13,55.91,56.09,55.66,55.66,NKE,10106079.0,3.5165928846091705,3.5165928846091705,55.66,55.91,56.09,55.66,10106079,52.38,52.62,52.78,52.38,10106079.0,-0.18000000000000682,-0.0032
2017-11-14,55.98,56.18,55.53,55.71,NKE,5037465.0,3.5222477138333277,3.5222477138333277,55.71,55.98,56.18,55.53,5037465,52.43,52.68,52.87,52.26,5037465.0,0.07000000000000028,0.0013
2017-11-15,56.63,56.87,55.08,55.96,NKE,6610545.0,3.5747568423433616,3.5747568423433616,55.96,56.63,56.87,55.08,6610545,52.66,53.29,53.52,51.84,6610545.0,0.6500000000000057,0.0116
2017-11-16,57.23,57.28,56.41,56.62,NKE,8233261.0,3.623226807121853,3.623226807121853,56.62,57.23,57.28,56.41,8233261,53.29,53.86,53.9,53.09,8233261.0,0.5999999999999943,0.0106
2017-11-17,59.19,59.53,58.37,58.54,NKE,15475465.0,3.7815620253982614,3.7815620253982614,58.54,59.19,59.53,58.37,15475465,55.09,55.7,56.02,54.93,15475465.0,1.9600000000000009,0.0342
2017-11-20,59.25,59.5,57.98,58.63,NKE,8480580.0,3.786409021876111,3.786409021876111,58.63,59.25,59.5,57.98,8480580,55.18,55.76,56.0,54.56,8480580.0,0.060000000000002274,0.001
2017-11-21,59.39,59.4,58.93,59.03,NKE,9057784.0,3.797718680324426,3.797718680324426,59.03,59.39,59.4,58.93,9057784,55.55,55.89,55.9,55.46,9057784.0,0.14000000000000057,0.0024
2017-11-22,59.07,59.34,58.94,59.18,NKE,8501289.0,3.7718680324425633,3.7718680324425633,59.18,59.07,59.34,58.94,8501289,55.69,55.59,55.84,55.47,8501289.0,-0.3200000000000003,-0.0054
2017-11-24,59.32,59.35,58.91,59.0,NKE,3400441.0,3.7920638511002682,3.7920638511002682,59.0,59.32,59.35,58.91,3400441,55.52,55.83,55.85,55.44,3400441.0,0.25,0.0042
2017-11-27,59.63,59.7,59.17,59.2,NKE,7891587.0,3.817106666235823,3.817106666235823,59.2,59.63,59.7,59.17,7891587,55.71,56.12,56.18,55.68,7891587.0,0.3100000000000023,0.0052
2017-11-28,59.58,59.6,58.54,58.76,NKE,8665270.0,3.8130675025042815,3.8130675025042815,58.76,59.58,59.6,58.54,8665270,55.3,56.07,56.09,55.09,8665270.0,-0.05000000000000426,-0.0008
2017-11-29,60.36,60.63,59.73,59.73,NKE,12022818.0,3.8760784567163213,3.8760784567163213,59.73,60.36,60.63,59.73,12022818,56.21,56.8,57.06,56.21,12022818.0,0.7800000000000011,0.0131
2017-11-30,60.42,61.21,60.2,60.26,NKE,12551210.0,3.880925453194171,3.880925453194171,60.26,60.42,61.21,60.2,12551210,56.71,56.86,57.6,56.65,12551210.0,0.060000000000002274,0.001
2017-12-01,59.88,60.43,59.24,60.42,NKE,10113675.0,3.8373024848935278,3.8373024848935278,60.42,59.88,60.43,59.24,10113675,57.05,56.54,57.06,55.94,10113675.0,-0.5399999999999991,-0.0089
2017-12-04,60.1,60.7,59.97,60.27,NKE,7513232.0,3.8550748053123085,3.8550748053123085,60.27,60.1,60.7,59.97,7513232,56.91,56.75,57.31,56.63,7513232.0,0.21999999999999886,0.0037
2017-12-05,60.42,60.8,59.65,60.65,NKE,8862852.0,3.880925453194171,3.880925453194171,60.65,60.42,60.8,59.65,8862852,57.27,57.05,57.41,56.33,8862852.0,0.3200000000000003,0.0053
2017-12-06,59.72,60.85,59.7,60.41,NKE,7862151.0,3.8243771609525963,3.8243771609525963,60.41,59.72,60.85,59.7,7862151,57.05,56.39,57.46,56.37,7862151.0,-0.7000000000000028,-0.0116
2017-12-07,60.6,61.06,59.65,59.86,NKE,6113277.0,3.895466442627719,3.895466442627719,59.86,60.6,61.06,59.65,6113277,56.53,57.22,57.66,56.33,6113277.0,0.8800000000000026,0.0147
2017-12-08,61.3,61.37,60.29,60.5,NKE,6065231.0,3.9520147348692927,3.9520147348692927,60.5,61.3,61.37,60.29,6065231,57.13,57.89,57.95,56.93,6065231.0,0.6999999999999957,0.0116
2017-12-11,61.91,62.22,61.3,61.37,NKE,9017814.0,4.001292532394093,4.001292532394093,61.37,61.91,62.22,61.3,9017814,57.95,58.46,58.75,57.89,9017814.0,0.6099999999999994,0.01
2017-12-12,62.17,62.53,61.65,61.81,NKE,7358001.0,4.022296183798106,4.022296183798106,61.81,62.17,62.53,61.65,7358001,58.37,58.71,59.05,58.22,7358001.0,0.2600000000000051,0.0042
2017-12-13,64.3,64.46,62.02,62.22,NKE,16072573.0,4.1943645587617535,4.1943645587617535,62.22,64.3,64.46,62.02,16072573,58.75,60.72,60.87,58.57,16072573.0,2.1299999999999955,0.0343
2017-12-14,64.53,64.85,64.05,64.43,NKE,13055089.0,4.212944711926843,4.212944711926843,64.43,64.53,64.85,64.05,13055089,60.84,60.94,61.24,60.48,13055089.0,0.23000000000000398,0.0036
2017-12-15,64.79,65.07,64.15,64.89,NKE,15659278.0,4.233948363330857,4.233948363330857,64.89,64.79,65.07,64.15,15659278,61.28,61.18,61.45,60.58,15659278.0,0.2600000000000051,0.004
2017-12-18,64.81,65.08,64.39,64.93,NKE,12651962.0,4.235564028823473,4.235564028823473,64.93,64.81,65.08,64.39,12651962,61.31,61.2,61.46,60.8,12651962.0,0.01999999999999602,0.0003
2017-12-19,64.24,65.19,64.18,65.15,NKE,8212457.0,4.189517562283904,4.189517562283904,65.15,64.24,65.19,64.18,8212457,61.52,60.66,61.55,60.61,8212457.0,-0.5700000000000074,-0.0088
2017-12-20,63.59,64.5,63.58,64.39,NKE,12468576.0,4.137008433773872,4.137008433773872,64.39,63.59,64.5,63.58,12468576,60.8,60.05,60.91,60.04,12468576.0,-0.6499999999999915,-0.0101
2017-12-21,64.77,64.98,63.3,64.29,NKE,14352349.0,4.232332697838239,4.232332697838239,64.29,64.77,64.98,63.3,14352349,60.71,61.16,61.36,59.77,14352349.0,1.1799999999999926,0.0186
2017-12-22,63.29,63.54,60.13,61.2,NKE,20414195.0,4.1127734513846255,4.1127734513846255,61.2,63.29,63.54,60.13,20414195,57.79,59.76,60.0,56.78,20414195.0,-1.4799999999999969,-0.0229
2017-12-26,63.65,63.89,62.81,62.9,NKE,4563475.0,4.141855430251721,4.141855430251721,62.9,63.65,63.89,62.81,4563475,59.4,60.1,60.33,59.31,4563475.0,0.35999999999999943,0.0057
2017-12-27,62.95,63.6,62.77,63.56,NKE,8959745.0,4.085307138010147,4.085307138010147,63.56,62.95,63.6,62.77,8959745,60.02,59.44,60.06,59.27,8959745.0,-0.6999999999999957,-0.011
2017-12-28,62.95,63.32,62.85,63.0,NKE,3987151.0,4.085307138010147,4.085307138010147,63.0,62.95,63.32,62.85,3987151,59.49,59.44,59.79,59.35,3987151.0,0.0,0.0
2017-12-29,62.55,63.37,62.55,63.21,NKE,5222115.0,4.052993828157818,4.052993828157818,63.21,62.55,63.37,62.55,5222115,59.69,59.07,59.84,59.07,5222115.0,-0.4000000000000057,-0.0064
2018-01-02,63.49,63.49,62.85,62.85,NKE,6510987.0,4.12893010631079,4.12893010631079,62.85,63.49,63.49,62.85,6510987,59.35,59.95,59.95,59.35,6510987.0,0.9400000000000048,0.015
2018-01-03,63.48,63.66,62.76,63.48,NKE,6091121.0,4.128122273564481,4.128122273564481,63.48,63.48,63.66,62.76,6091121,59.94,59.94,60.11,59.26,6091121.0,-0.010000000000005116,-0.0002
2018-01-04,63.44,63.55,62.55,63.4,NKE,5780494.0,4.124890942579248,4.124890942579248,63.4,63.44,63.55,62.55,5780494,59.87,59.91,60.01,59.07,5780494.0,-0.03999999999999915,-0.0006
2018-01-05,63.98,64.3,63.47,63.7,NKE,11632315.0,4.168513910879891,4.168513910879891,63.7,63.98,64.3,63.47,11632315,60.15,60.42,60.72,59.93,11632315.0,0.5399999999999991,0.0085
2018-01-08,64.55,64.71,63.98,64.15,NKE,11905699.0,4.214560377419459,4.214560377419459,64.15,64.55,64.71,63.98,11905699,60.58,60.95,61.11,60.42,11905699.0,0.5700000000000003,0.0089
2018-01-09,64.09,64.72,63.47,64.23,NKE,8771331.0,4.1774000710892825,4.1774000710892825,64.23,64.09,64.72,63.47,8771331,60.65,60.52,61.12,59.93,8771331.0,-0.45999999999999375,-0.0071
2018-01-10,64.22,64.23,63.44,63.88,NKE,5010633.0,4.187901896791288,4.187901896791288,63.88,64.22,64.23,63.44,5010633,60.32,60.64,60.65,59.9,5010633.0,0.12999999999999545,0.002
2018-01-11,64.29,64.31,63.78,64.03,NKE,5103540.0,4.193556726015446,4.193556726015446,64.03,64.29,64.31,63.78,5103540,60.46,60.71,60.73,60.23,5103540.0,0.07000000000000739,0.0011
2018-01-12,64.67,64.72,64.31,64.5,NKE,5135670.0,4.224254370375157,4.224254370375157,64.5,64.67,64.72,64.31,5135670,60.91,61.07,61.12,60.73,5135670.0,0.37999999999999545,0.0059
2018-01-16,63.42,65.36,63.37,64.78,NKE,9116973.0,4.123275277086632,4.123275277086632,64.78,63.42,65.36,63.37,9116973,61.17,59.89,61.72,59.84,9116973.0,-1.25,-0.0193
2018-01-17,63.81,64.01,63.08,63.67,NKE,7422594.0,4.154780754192652,4.154780754192652,63.67,63.81,64.01,63.08,7422594,60.12,60.26,60.44,59.57,7422594.0,0.39000000000000057,0.0061
2018-01-18,64.11,64.21,63.54,64.0,NKE,5656889.0,4.179015736581898,4.179015736581898,64.0,64.11,64.21,63.54,5656889,60.44,60.54,60.63,60.0,5656889.0,0.29999999999999716,0.0047
2018-01-19,67.21,67.24,65.12,65.31,NKE,12896073.0,4.429443887937441,4.429443887937441,65.31,67.21,67.24,65.12,12896073,61.67,63.47,63.49,61.49,12896073.0,3.0999999999999943,0.0484
2018-01-22,66.39,66.83,65.76,66.55,NKE,8491799.0,4.363201602740169,4.363201602740169,66.55,66.39,66.83,65.76,8491799,62.84,62.69,63.11,62.1,8491799.0,-0.8199999999999932,-0.0122
2018-01-23,67.14,67.33,66.44,66.53,NKE,6411954.0,4.423789058713284,4.423789058713284,66.53,67.14,67.33,66.44,6411954,62.82,63.4,63.57,62.74,6411954.0,0.75,0.0113
2018-01-24,68.0,68.18,67.07,67.34,NKE,7421781.0,4.49326267489579,4.49326267489579,67.34,68.0,68.18,67.07,7421781,63.59,64.21,64.38,63.33,7421781.0,0.8599999999999994,0.0128
2018-01-25,67.71,68.64,67.45,68.13,NKE,5707632.0,4.469835525252852,4.469835525252852,68.13,67.71,68.64,67.45,5707632,64.34,63.94,64.82,63.69,5707632.0,-0.29000000000000625,-0.0043
2018-01-26,68.04,68.64,67.92,68.2,NKE,6290517.0,4.496494005881023,4.496494005881023,68.2,68.04,68.64,67.92,6290517,64.4,64.25,64.82,64.14,6290517.0,0.3300000000000125,0.0049
2018-01-29,67.58,68.14,67.42,67.82,NKE,5067258.0,4.459333699550845,4.459333699550845,67.82,67.58,68.14,67.42,5067258,64.04,63.82,64.34,63.66,5067258.0,-0.46000000000000796,-0.0068
2018-01-30,67.33,68.31,67.16,67.5,NKE,6350474.0,4.43913788089314,4.43913788089314,67.5,67.33,68.31,67.16,6350474,63.74,63.58,64.51,63.42,6350474.0,-0.25,-0.0037
2018-01-31,68.22,68.83,67.47,67.5,NKE,11036394.0,4.51103499531457,4.51103499531457,67.5,68.22,68.83,67.47,11036394,63.74,64.42,65.0,63.71,11036394.0,0.8900000000000006,0.0132
2018-02-01,67.65,67.97,66.7,67.67,NKE,5790528.0,4.464988528775003,4.464988528775003,67.67,67.65,67.97,66.7,5790528,63.9,63.88,64.18,62.98,5790528.0,-0.5699999999999932,-0.0084
2018-02-02,67.22,67.79,67.0,67.22,NKE,9348290.0,4.430251720683749,4.430251720683749,67.22,67.22,67.79,67.0,9348290,63.48,63.48,64.01,63.27,9348290.0,-0.4300000000000068,-0.0064
2018-02-05,64.39,67.21,64.39,66.63,NKE,12549483.0,4.201635053478528,4.201635053478528,66.63,64.39,67.21,64.39,12549483,62.92,60.8,63.47,60.8,12549483.0,-2.8299999999999983,-0.0421
2018-02-06,65.22,65.42,62.09,62.48,NKE,13356668.0,4.268685171422109,4.268685171422109,62.48,65.22,65.42,62.09,13356668,59.0,61.59,61.78,58.63,13356668.0,0.8299999999999983,0.0129
2018-02-07,65.63,66.84,65.1,65.15,NKE,8845725.0,4.3018063140207445,4.3018063140207445,65.15,65.63,66.84,65.1,8845725,61.52,61.97,63.12,61.47,8845725.0,0.4099999999999966,0.0063
2018-02-08,62.49,65.71,62.46,65.53,NKE,14121779.0,4.048146831679969,4.048146831679969,65.53,62.49,65.71,62.46,14121779,61.88,59.01,62.05,58.98,14121779.0,-3.1399999999999935,-0.0478
2018-02-09,65.49,66.05,62.84,63.76,NKE,13733337.0,4.29049665557243,4.29049665557243,63.76,65.49,66.05,62.84,13733337,60.21,61.84,62.37,59.34,13733337.0,2.999999999999993,0.048
2018-02-12,65.98,66.81,65.68,65.94,NKE,9792198.0,4.330080460141533,4.330080460141533,65.94,65.98,66.81,65.68,9792198,62.27,62.3,63.09,62.02,9792198.0,0.4900000000000091,0.0075
2018-02-13,65.87,66.23,65.43,65.85,NKE,9538388.0,4.321194299932142,4.321194299932142,65.85,65.87,66.23,65.43,9538388,62.18,62.2,62.54,61.79,9538388.0,-0.10999999999999943,-0.0017
2018-02-14,67.96,68.03,65.55,65.72,NKE,8662595.0,4.490031343910556,4.490031343910556,65.72,67.96,68.03,65.55,8662595,62.06,64.17,64.24,61.9,8662595.0,2.089999999999989,0.0317
2018-02-15,68.29,68.76,67.25,68.39,NKE,7390194.0,4.516689824538728,4.516689824538728,68.39,68.29,68.76,67.25,7390194,64.58,64.49,64.93,63.5,7390194.0,0.3300000000000125,0.0049
2018-02-16,68.3,69.0,67.74,67.9,NKE,6842134.0,4.517497657285036,4.517497657285036,67.9,68.3,69.0,67.74,6842134,64.12,64.5,65.16,63.97,6842134.0,0.009999999999990905,0.0001
2018-02-20,67.49,67.97,67.05,67.64,NKE,4859103.0,4.4520632048340705,4.4520632048340705,67.64,67.49,67.97,67.05,4859103,63.87,63.73,64.18,63.32,4859103.0,-0.8100000000000023,-0.0119
2018-02-21,67.05,68.02,67.03,67.66,NKE,5107918.0,4.41651856399651,4.41651856399651,67.66,67.05,68.02,67.03,5107918,63.89,63.32,64.23,63.3,5107918.0,-0.4399999999999977,-0.0065
2018-02-22,67.13,67.48,66.74,67.25,NKE,6515829.0,4.422981225966976,4.422981225966976,67.25,67.13,67.48,66.74,6515829,63.5,63.39,63.72,63.02,6515829.0,0.0799999999999983,0.0012
2018-02-23,68.16,68.16,66.85,67.39,NKE,4428501.0,4.506187998836721,4.506187998836721,67.39,68.16,68.16,66.85,4428501,63.64,64.36,64.36,63.13,4428501.0,1.0300000000000011,0.0153
2018-02-26,69.65,69.81,68.34,68.39,NKE,6499473.0,4.626555078036644,4.626555078036644,68.39,69.65,69.81,68.34,6499473,64.58,65.77,65.92,64.53,6499473.0,1.490000000000009,0.0219
2018-02-27,68.03,70.25,68.03,70.0,NKE,6843056.0,4.495686173134715,4.495686173134715,70.0,68.03,70.25,68.03,6843056,66.1,64.24,66.34,64.24,6843056.0,-1.6200000000000045,-0.0233
2018-02-28,67.03,68.3,67.01,68.1,NKE,6091771.0,4.414902898503894,4.414902898503894,68.1,67.03,68.3,67.01,6091771,64.31,63.3,64.5,63.28,6091771.0,-1.0,-0.0147
2018-03-01,66.32,67.67,65.67,67.24,NKE,7323859.0,4.3575467735160105,4.3575467735160105,67.24,66.32,67.67,65.67,7323859,63.49,62.63,63.9,62.01,7323859.0,-0.710000000000008,-0.0106
2018-03-02,65.89,66.09,64.21,64.91,NKE,8380732.0,4.322809965424758,4.322809965424758,64.91,65.89,66.09,64.21,8380732,61.48,62.4,62.59,60.81,8380732.0,-0.4299999999999926,-0.0065
2018-03-05,65.05,65.49,64.34,65.48,NKE,8838383.0,4.25495201473487,4.25495201473487,65.48,65.05,65.49,64.34,8838383,62.02,61.61,62.03,60.94,8838383.0,-0.8400000000000034,-0.0127
2018-03-06,65.24,65.36,64.63,65.21,NKE,6550145.0,4.270300836914725,4.270300836914725,65.21,65.24,65.36,64.63,6550145,61.76,61.79,61.9,61.21,6550145.0,0.18999999999999773,0.0029
2018-03-07,64.17,64.79,63.89,64.51,NKE,6457572.0,4.1838627330597475,4.1838627330597475,64.51,64.17,64.79,63.89,6457572,61.1,60.78,61.36,60.51,6457572.0,-1.0699999999999932,-0.0164
2018-03-08,65.11,65.25,64.48,64.56,NKE,5573005.0,4.259799011212719,4.259799011212719,64.56,65.11,65.25,64.48,5573005,61.14,61.67,61.8,61.07,5573005.0,0.9399999999999977,0.0146
2018-03-09,66.3,66.51,65.36,65.51,NKE,5838391.0,4.355931108023395,4.355931108023395,65.51,66.3,66.51,65.36,5838391,62.04,62.79,62.99,61.9,5838391.0,1.1899999999999977,0.0183
2018-03-12,66.82,67.61,66.32,66.65,NKE,7522727.0,4.397938410831421,4.397938410831421,66.65,66.82,67.61,66.32,7522727,63.12,63.29,64.03,62.81,7522727.0,0.519999999999996,0.0078
2018-03-13,66.17,67.69,66.13,67.3,NKE,5167304.0,4.345429282321389,4.345429282321389,67.3,66.17,67.69,66.13,5167304,63.74,62.67,64.11,62.63,5167304.0,-0.6499999999999915,-0.0097
2018-03-14,66.2,66.9,65.67,66.65,NKE,6463809.0,4.347852780560313,4.347852780560313,66.65,66.2,66.9,65.67,6463809,63.12,62.7,63.36,62.2,6463809.0,0.030000000000001137,0.0005
2018-03-15,66.39,66.61,66.13,66.49,NKE,5260823.0,4.363201602740169,4.363201602740169,66.49,66.39,66.61,66.13,5260823,62.97,62.88,63.08,62.63,5260823.0,0.18999999999999773,0.0029
2018-03-16,65.91,66.69,65.91,66.31,NKE,12860940.0,4.324425630917375,4.324425630917375,66.31,65.91,66.69,65.91,12860940,62.8,62.42,63.16,62.42,12860940.0,-0.480000000000004,-0.0072
2018-03-19,65.71,66.34,65.19,65.7,NKE,7255627.0,4.3082689759912105,4.3082689759912105,65.7,65.71,66.34,65.19,7255627,62.22,62.23,62.83,61.74,7255627.0,-0.20000000000000284,-0.003
2018-03-20,66.8,66.87,65.93,65.94,NKE,6906163.0,4.3963227453388045,4.3963227453388045,65.94,66.8,66.87,65.93,6906163,62.45,63.27,63.33,62.44,6906163.0,1.0900000000000034,0.0166
2018-03-21,66.35,67.21,66.31,66.73,NKE,5805245.0,4.359970271754936,4.359970271754936,66.73,66.35,67.21,66.31,5805245,63.2,62.84,63.65,62.8,5805245.0,-0.45000000000000284,-0.0067
2018-03-22,64.42,66.15,64.23,65.6,NKE,12313298.0,4.204058551717453,4.204058551717453,65.6,64.42,66.15,64.23,12313298,62.13,61.01,62.65,60.83,12313298.0,-1.9299999999999926,-0.0291
2018-03-23,64.63,67.22,64.46,66.7,NKE,17343849.0,4.221023039389925,4.221023039389925,66.7,64.63,67.22,64.46,17343849,63.17,61.21,63.66,61.05,17343849.0,0.20999999999999375,0.0033
2018-03-26,65.9,66.06,64.99,65.08,NKE,10795962.0,4.3236177981710675,4.3236177981710675,65.08,65.9,66.06,64.99,10795962,61.64,62.41,62.57,61.55,10795962.0,1.2700000000000102,0.0197
2018-03-27,66.17,67.64,65.43,65.89,NKE,9452475.0,4.345429282321389,4.345429282321389,65.89,66.17,67.64,65.43,9452475,62.4,62.67,64.06,61.97,9452475.0,0.269999999999996,0.0041
2018-03-28,65.44,67.15,65.27,66.59,NKE,7208406.0,4.286457491840889,4.286457491840889,66.59,65.44,67.15,65.27,7208406,63.07,61.98,63.6,61.82,7208406.0,-0.730000000000004,-0.011
2018-03-29,66.44,66.55,65.61,65.7,NKE,10748306.0,4.36724076647171,4.36724076647171,65.7,66.44,66.55,65.61,10748306,62.22,62.93,63.03,62.14,10748306.0,1.0,0.0153
2018-04-02,64.12,66.05,63.21,65.97,NKE,12383944.0,4.179823569328207,4.179823569328207,65.97,64.12,66.05,63.21,12383944,62.48,60.73,62.56,59.87,12383944.0,-2.319999999999993,-0.0349
2018-04-03,66.7,66.73,64.36,64.47,NKE,8766360.0,4.388244417875724,4.388244417875724,64.47,66.7,66.73,64.36,8766360,61.06,63.17,63.2,60.96,8766360.0,2.5799999999999983,0.0402
2018-04-04,68.42,68.5,65.93,65.97,NKE,10275849.0,4.527191650240734,4.527191650240734,65.97,68.42,68.5,65.93,10275849,62.48,64.8,64.88,62.44,10275849.0,1.7199999999999989,0.0258
2018-04-05,69.59,69.78,68.39,68.5,NKE,9093342.0,4.621708081558794,4.621708081558794,68.5,69.59,69.78,68.39,9093342,64.88,65.91,66.09,64.77,9093342.0,1.1700000000000017,0.0171
2018-04-06,67.55,69.31,66.93,68.51,NKE,9719265.0,4.456910201311921,4.456910201311921,68.51,67.55,69.31,66.93,9719265,64.89,63.98,65.64,63.39,9719265.0,-2.0400000000000063,-0.0293
2018-04-09,67.18,68.55,67.15,68.39,NKE,6504476.0,4.427020389698518,4.427020389698518,68.39,67.18,68.55,67.15,6504476,64.77,63.63,64.92,63.6,6504476.0,-0.36999999999999034,-0.0055
2018-04-10,67.0,67.88,66.49,67.81,NKE,10382253.0,4.412479400264969,4.412479400264969,67.81,67.0,67.88,66.49,10382253,64.22,63.46,64.29,62.97,10382253.0,-0.18000000000000682,-0.0027
2018-04-11,66.83,67.2,66.52,66.58,NKE,5185480.0,4.39874624357773,4.39874624357773,66.58,66.83,67.2,66.52,5185480,63.06,63.29,63.64,63.0,5185480.0,-0.1700000000000017,-0.0025
2018-04-12,67.77,68.0,67.07,67.07,NKE,5145278.0,4.474682521730701,4.474682521730701,67.07,67.77,68.0,67.07,5145278,63.52,64.18,64.4,63.52,5145278.0,0.9399999999999977,0.0141
2018-04-13,67.25,68.33,66.98,68.12,NKE,4300162.0,4.432675218922674,4.432675218922674,68.12,67.25,68.33,66.98,4300162,64.52,63.69,64.72,63.44,4300162.0,-0.519999999999996,-0.0077
2018-04-16,67.06,67.98,67.06,67.81,NKE,6484389.0,4.417326396742818,4.417326396742818,67.81,67.06,67.98,67.06,6484389,64.22,63.51,64.38,63.51,6484389.0,-0.18999999999999773,-0.0028
2018-04-17,67.51,67.67,67.28,67.37,NKE,5605704.0,4.453678870326688,4.453678870326688,67.37,67.51,67.67,67.28,5605704,63.81,63.94,64.09,63.72,5605704.0,0.45000000000000284,0.0067
2018-04-18,66.2,67.74,66.16,67.53,NKE,7384010.0,4.347852780560313,4.347852780560313,67.53,66.2,67.74,66.16,7384010,63.96,62.7,64.16,62.66,7384010.0,-1.3100000000000023,-0.0194
2018-04-19,65.73,66.3,64.99,66.03,NKE,8274341.0,4.309884641483827,4.309884641483827,66.03,65.73,66.3,64.99,8274341,62.54,62.25,62.79,61.55,8274341.0,-0.46999999999999886,-0.0071
2018-04-20,66.09,66.11,65.45,65.75,NKE,10402847.0,4.338966620350923,4.338966620350923,65.75,66.09,66.11,65.45,10402847,62.27,62.59,62.61,61.99,10402847.0,0.35999999999999943,0.0055
2018-04-23,66.88,67.03,65.95,66.0,NKE,6338381.0,4.4027854073092705,4.4027854073092705,66.0,66.88,67.03,65.95,6338381,62.51,63.34,63.48,62.46,6338381.0,0.789999999999992,0.012
2018-04-24,66.97,67.51,66.72,67.31,NKE,8176123.0,4.410055902026045,4.410055902026045,67.31,66.97,67.51,66.72,8176123,63.75,63.43,63.94,63.19,8176123.0,0.09000000000000341,0.0013
2018-04-25,66.67,67.0,66.25,66.84,NKE,5188861.0,4.3858209196367985,4.3858209196367985,66.84,66.67,67.0,66.25,5188861,63.3,63.14,63.46,62.75,5188861.0,-0.29999999999999716,-0.0045
2018-04-26,68.05,68.29,66.64,66.78,NKE,5355206.0,4.4973018386273305,4.4973018386273305,66.78,68.05,68.29,66.64,5355206,63.25,64.45,64.68,63.11,5355206.0,1.3799999999999955,0.0207
2018-04-27,69.56,70.0,68.45,68.47,NKE,7814866.0,4.61928458331987,4.61928458331987,68.47,69.56,70.0,68.45,7814866,64.85,65.88,66.3,64.83,7814866.0,1.5100000000000051,0.0222
2018-04-30,68.39,69.81,68.39,69.58,NKE,6484108.0,4.52476815200181,4.52476815200181,69.58,68.39,69.81,68.39,6484108,65.9,64.77,66.12,64.77,6484108.0,-1.1700000000000017,-0.0168
2018-05-01,68.1,68.21,67.03,67.98,NKE,4957762.0,4.501341002358871,4.501341002358871,67.98,68.1,68.21,67.03,4957762,64.38,64.5,64.6,63.48,4957762.0,-0.29000000000000625,-0.0042
2018-05-02,68.26,68.56,67.48,68.04,NKE,5752058.0,4.514266326299803,4.514266326299803,68.04,68.26,68.56,67.48,5752058,64.44,64.65,64.93,63.91,5752058.0,0.1600000000000108,0.0023
2018-05-03,66.9,67.85,66.64,67.8,NKE,6155894.0,4.404401072801888,4.404401072801888,67.8,66.9,67.85,66.64,6155894,64.21,63.36,64.26,63.11,6155894.0,-1.3599999999999994,-0.0199
2018-05-04,68.1,68.33,66.8,66.84,NKE,5132935.0,4.501341002358871,4.501341002358871,66.84,68.1,68.33,66.8,5132935,63.3,64.5,64.71,63.27,5132935.0,1.1999999999999886,0.0179
2018-05-07,69.34,69.42,68.06,68.06,NKE,5041336.0,4.601512262901089,4.601512262901089,68.06,69.34,69.42,68.06,5041336,64.46,65.67,65.74,64.46,5041336.0,1.240000000000009,0.0182
2018-05-08,68.46,69.23,68.2,69.2,NKE,6534907.0,4.530422981225967,4.530422981225967,69.2,68.46,69.23,68.2,6534907,65.54,64.84,65.57,64.59,6534907.0,-0.8800000000000097,-0.0127
2018-05-09,67.95,68.47,67.0,68.42,NKE,7956262.0,4.489223511164249,4.489223511164249,68.42,67.95,68.47,67.0,7956262,64.8,64.36,64.85,63.46,7956262.0,-0.5099999999999909,-0.0074
2018-05-10,67.92,68.27,67.33,68.14,NKE,4965160.0,4.4868000129253245,4.4868000129253245,68.14,67.92,68.27,67.33,4965160,64.54,64.33,64.66,63.76,4965160.0,-0.030000000000001137,-0.0004
2018-05-11,68.43,68.53,67.91,68.03,NKE,4145059.0,4.527999482987043,4.527999482987043,68.03,68.43,68.53,67.91,4145059,64.43,64.81,64.9,64.32,4145059.0,0.5100000000000051,0.0075
2018-05-14,68.84,68.89,68.11,68.6,NKE,3453756.0,4.561120625585679,4.561120625585679,68.6,68.84,68.89,68.11,3453756,64.97,65.2,65.24,64.51,3453756.0,0.4099999999999966,0.006
2018-05-15,69.5,69.52,68.23,68.31,NKE,5044970.0,4.61443758684202,4.61443758684202,68.31,69.5,69.52,68.23,5044970,64.7,65.82,65.84,64.62,5044970.0,0.6599999999999966,0.0096
2018-05-16,71.34,71.51,69.62,69.67,NKE,9692996.0,4.76307881216273,4.76307881216273,69.67,71.34,71.51,69.62,9692996,65.98,67.57,67.73,65.94,9692996.0,1.8400000000000034,0.0265
2018-05-17,70.94,71.6,70.82,71.4,NKE,6064739.0,4.730765502310401,4.730765502310401,71.4,70.94,71.6,70.82,6064739,67.62,67.19,67.81,67.07,6064739.0,-0.4000000000000057,-0.0056
2018-05-18,71.32,71.59,70.47,70.76,NKE,5688145.0,4.761463146670113,4.761463146670113,70.76,71.32,71.59,70.47,5688145,67.02,67.55,67.8,66.74,5688145.0,0.37999999999999545,0.0054
2018-05-21,71.38,71.7,70.71,71.48,NKE,5480698.0,4.766310143147963,4.766310143147963,71.48,71.38,71.7,70.71,5480698,67.7,67.6,67.91,66.97,5480698.0,0.060000000000002274,0.0008
2018-05-22,71.31,72.19,71.25,71.46,NKE,5675253.0,4.760655313923806,4.760655313923806,71.46,71.31,72.19,71.25,5675253,67.68,67.54,68.37,67.49,5675253.0,-0.06999999999999318,-0.001
2018-05-23,71.34,71.92,70.83,70.95,NKE,6806372.0,4.76307881216273,4.76307881216273,70.95,71.34,71.92,70.83,6806372,67.2,67.57,68.11,67.08,6806372.0,0.030000000000001137,0.0004
2018-05-24,72.18,72.28,71.32,71.43,NKE,5613752.0,4.83093676285262,4.83093676285262,71.43,72.18,72.28,71.32,5613752,67.65,68.36,68.46,67.55,5613752.0,0.8400000000000034,0.0118
2018-05-25,72.25,73.49,71.63,73.1,NKE,5889721.0,4.836591592076776,4.836591592076776,73.1,72.25,73.49,71.63,5889721,69.23,68.43,69.6,67.84,5889721.0,0.06999999999999318,0.001
2018-05-29,70.92,71.61,70.43,71.52,NKE,5857914.0,4.729149836817785,4.729149836817785,71.52,70.92,71.61,70.43,5857914,67.74,67.17,67.82,66.7,5857914.0,-1.3299999999999983,-0.0184
2018-05-30,72.23,72.29,70.94,71.46,NKE,5799859.0,4.8349759265841605,4.8349759265841605,71.46,72.23,72.29,70.94,5799859,67.68,68.41,68.47,67.19,5799859.0,1.3100000000000023,0.0185
2018-05-31,71.8,72.22,71.23,72.0,NKE,7856161.0,4.800239118492907,4.800239118492907,72.0,71.8,72.22,71.23,7856161,68.19,68.0,68.4,67.47,7856161.0,-0.4300000000000068,-0.006
2018-06-01,72.76,72.95,72.12,72.12,NKE,4085865.0,4.8777910621384954,4.8777910621384954,72.12,72.76,72.95,72.12,4085865,68.5,69.11,69.29,68.5,4085865.0,0.960000000000008,0.0134
2018-06-04,73.83,73.87,72.79,73.0,NKE,4581921.0,4.964229165993473,4.964229165993473,73.0,73.83,73.87,72.79,4581921,69.34,70.12,70.16,69.14,4581921.0,1.0699999999999932,0.0147
2018-06-05,74.05,74.22,73.14,73.61,NKE,4928658.0,4.982001486412253,4.982001486412253,73.61,74.05,74.22,73.14,4928658,69.91,70.33,70.49,69.47,4928658.0,0.21999999999999886,0.003
2018-06-06,74.75,74.94,74.19,74.38,NKE,5318054.0,5.038549778653827,5.038549778653827,74.38,74.75,74.94,74.19,5318054,70.65,71.0,71.18,70.47,5318054.0,0.7000000000000028,0.0095
2018-06-07,74.76,75.91,74.65,74.95,NKE,6846263.0,5.039357611400137,5.039357611400137,74.95,74.76,75.91,74.65,6846263,71.19,71.01,72.1,70.9,6846263.0,0.010000000000005116,0.0001
2018-06-08,74.9,75.07,74.3,74.78,NKE,5524855.0,5.050667269848451,5.050667269848451,74.78,74.9,75.07,74.3,5524855,71.03,71.14,71.3,70.57,5524855.0,0.14000000000000057,0.0019
2018-06-11,74.59,75.21,74.54,75.06,NKE,4902812.0,5.025624454712896,5.025624454712896,75.06,74.59,75.21,74.54,4902812,71.29,70.85,71.43,70.8,4902812.0,-0.3100000000000023,-0.0041
2018-06-12,74.29,74.61,74.06,74.42,NKE,4356496.0,5.001389472323651,5.001389472323651,74.42,74.29,74.61,74.06,4356496,70.68,70.56,70.86,70.35,4356496.0,-0.29999999999999716,-0.004
2018-06-13,74.11,74.9,73.99,74.27,NKE,4696163.0,4.986848482890102,4.986848482890102,74.27,74.11,74.9,73.99,4696163,70.54,70.39,71.14,70.28,4696163.0,-0.18000000000000682,-0.0024
2018-06-14,74.7,75.15,74.35,74.6,NKE,4636044.0,5.0345106149222865,5.0345106149222865,74.6,74.7,75.15,74.35,4636044,70.86,70.95,71.38,70.62,4636044.0,0.5900000000000034,0.008
2018-06-15,75.84,75.85,74.5,74.71,NKE,10977292.0,5.126603548001422,5.126603548001422,74.71,75.84,75.85,74.5,10977292,70.96,72.03,72.04,70.76,10977292.0,1.1400000000000006,0.0153
2018-06-18,75.61,75.76,74.91,75.28,NKE,4515944.0,5.108023394836334,5.108023394836334,75.28,75.61,75.76,74.91,4515944,71.5,71.81,71.96,71.15,4515944.0,-0.23000000000000398,-0.003
2018-06-19,74.26,74.92,73.65,74.5,NKE,7562169.0,4.998965974084726,4.998965974084726,74.5,74.26,74.92,73.65,7562169,70.76,70.53,71.16,69.95,7562169.0,-1.3499999999999943,-0.0179
2018-06-20,74.72,74.91,73.97,74.2,NKE,4424934.0,5.036126280414903,5.036126280414903,74.2,74.72,74.91,73.97,4424934,70.48,70.97,71.15,70.26,4424934.0,0.45999999999999375,0.0062
2018-06-21,73.94,74.79,73.55,73.7,NKE,5537865.0,4.973115326202863,4.973115326202863,73.7,73.94,74.79,73.55,5537865,70.0,70.23,71.04,69.86,5537865.0,-0.7800000000000011,-0.0104
2018-06-22,73.43,74.41,73.21,73.57,NKE,9600031.0,4.931915856141146,4.931915856141146,73.57,73.43,74.41,73.21,9600031,69.88,69.74,70.67,69.53,9600031.0,-0.5099999999999909,-0.0069
2018-06-25,72.35,73.36,72.03,73.32,NKE,9064121.0,4.844669919539858,4.844669919539858,73.32,72.35,73.36,72.03,9064121,69.64,68.72,69.68,68.41,9064121.0,-1.0800000000000125,-0.0147
2018-06-26,72.56,73.29,72.35,72.5,NKE,7072565.0,4.861634407212331,4.861634407212331,72.5,72.56,73.29,72.35,7072565,68.86,68.92,69.61,68.72,7072565.0,0.21000000000000796,0.0029
2018-06-27,71.35,72.95,71.15,72.73,NKE,7624713.0,4.763886644909038,4.763886644909038,72.73,71.35,72.95,71.15,7624713,69.08,67.77,69.29,67.58,7624713.0,-1.210000000000008,-0.0167
2018-06-28,71.7,72.12,71.35,71.45,NKE,9118538.0,4.792160791029826,4.792160791029826,71.45,71.7,72.12,71.35,9118538,67.86,68.1,68.5,67.77,9118538.0,0.3500000000000085,0.0049
2018-06-29,79.68,81.0,78.36,78.76,NKE,31423522.0,5.436811322583773,5.436811322583773,78.76,79.68,81.0,78.36,31423522,74.81,75.68,76.93,74.43,31423522.0,7.980000000000004,0.1113
2018-07-02,78.35,79.48,77.02,78.58,NKE,11867331.0,5.329369567324781,5.329369567324781,78.58,78.35,79.48,77.02,11867331,74.64,74.42,75.49,73.15,11867331.0,-1.3300000000000125,-0.0167
2018-07-03,76.28,77.89,76.1,77.41,NKE,5794853.0,5.162148188838983,5.162148188838983,77.41,76.28,77.89,76.1,5794853,73.52,72.45,73.98,72.28,5794853.0,-2.069999999999993,-0.0264
2018-07-05,76.55,77.42,76.14,76.62,NKE,6534450.0,5.183959672989304,5.183959672989304,76.62,76.55,77.42,76.14,6534450,72.77,72.71,73.53,72.32,6534450.0,0.269999999999996,0.0035
2018-07-06,76.48,77.08,76.07,76.48,NKE,5937030.0,5.178304843765147,5.178304843765147,76.48,76.48,77.08,76.07,5937030,72.64,72.64,73.21,72.25,5937030.0,-0.06999999999999318,-0.0009
2018-07-09,77.28,77.38,76.34,76.84,NKE,4871412.0,5.242931463469803,5.242931463469803,76.84,77.28,77.38,76.34,4871412,72.98,73.4,73.5,72.51,4871412.0,0.7999999999999972,0.0105
2018-07-10,77.57,78.09,77.16,77.44,NKE,6281841.0,5.2663586131127404,5.2663586131127404,77.44,77.57,78.09,77.16,6281841,73.55,73.68,74.17,73.29,6281841.0,0.28999999999999204,0.0038
2018-07-11,77.36,77.64,76.83,77.13,NKE,3656632.0,5.2493941254402685,5.2493941254402685,77.13,77.36,77.64,76.83,3656632,73.26,73.48,73.74,72.97,3656632.0,-0.20999999999999375,-0.0027
2018-07-12,77.37,78.18,77.23,77.94,NKE,4879171.0,5.250201958186578,5.250201958186578,77.94,77.37,78.18,77.23,4879171,74.03,73.49,74.26,73.35,4879171.0,0.010000000000005116,0.0001
2018-07-13,77.38,77.61,77.14,77.2,NKE,2963133.0,5.251009790932885,5.251009790932885,77.2,77.38,77.61,77.14,2963133,73.32,73.5,73.71,73.27,2963133.0,0.009999999999990905,0.0001
2018-07-16,77.75,78.09,77.3,77.36,NKE,4755149.0,5.280899602546289,5.280899602546289,77.36,77.75,78.09,77.3,4755149,73.48,73.85,74.17,73.42,4755149.0,0.37000000000000455,0.0048
2018-07-17,77.47,78.02,77.4,77.51,NKE,4355423.0,5.2582802856496595,5.2582802856496595,77.51,77.47,78.02,77.4,4355423,73.62,73.58,74.1,73.51,4355423.0,-0.28000000000000114,-0.0036
2018-07-18,76.59,77.62,76.32,77.43,NKE,6101602.0,5.1871910039745375,5.1871910039745375,77.43,76.59,77.62,76.32,6101602,73.54,72.75,73.72,72.49,6101602.0,-0.8799999999999955,-0.0114
2018-07-19,76.95,77.16,75.8,75.93,NKE,4875062.0,5.216272982841633,5.216272982841633,75.93,76.95,77.16,75.8,4875062,72.12,73.09,73.28,71.99,4875062.0,0.35999999999999943,0.0047
2018-07-20,76.96,77.075,76.16,76.22,NKE,1883491.0,5.2170808155879405,5.2170808155879405,76.22,76.96,77.075,76.16,1883491,71.997412,72.696416,72.805045,71.940736,1883491.0,0.009999999999990905,0.0001
2018-07-23,76.59,76.95,76.13,76.71,NKE,4198227.0,5.1871910039745375,5.1871910039745375,76.71,76.59,76.95,76.13,4198227,72.86,72.75,73.09,72.31,4198227.0,-0.36999999999999034,-0.0048
2018-07-24,75.53,77.09,75.44,76.85,NKE,6054007.0,5.101560732865868,5.101560732865868,76.85,75.53,77.09,75.44,6054007,72.99,71.74,73.22,71.65,6054007.0,-1.0600000000000023,-0.0138
2018-07-25,77.16,77.18,75.06,75.24,NKE,5614256.0,5.233237470514105,5.233237470514105,75.24,77.16,77.18,75.06,5614256,71.46,73.29,73.31,71.29,5614256.0,1.6299999999999955,0.0216
2018-07-26,78.15,78.44,76.82,77.0,NKE,6706302.0,5.313212912398617,5.313212912398617,77.0,78.15,78.44,76.82,6706302,73.13,74.23,74.5,72.96,6706302.0,0.9900000000000091,0.0128
2018-07-27,76.89,78.41,76.79,78.17,NKE,6132297.0,5.211425986363784,5.211425986363784,78.17,76.89,78.41,76.79,6132297,74.25,73.03,74.47,72.94,6132297.0,-1.2600000000000051,-0.0161
2018-07-30,75.96,76.96,75.43,76.88,NKE,7275433.0,5.13629754095712,5.13629754095712,76.88,75.96,76.96,75.43,7275433,73.02,72.15,73.1,71.64,7275433.0,-0.9300000000000068,-0.0121
2018-07-31,76.91,77.59,76.16,76.44,NKE,8265586.0,5.2130416518564,5.2130416518564,76.44,76.91,77.59,76.16,8265586,72.6,73.05,73.69,72.34,8265586.0,0.9500000000000028,0.0125
2018-08-01,77.54,78.06,76.5,76.5,NKE,6878480.0,5.263935114873817,5.263935114873817,76.5,77.54,78.06,76.5,6878480,72.66,73.65,74.14,72.66,6878480.0,0.6300000000000097,0.0082
2018-08-02,78.65,79.07,77.4,77.77,NKE,5313775.0,5.353604549714028,5.353604549714028,77.77,78.65,79.07,77.4,5313775,73.87,74.7,75.1,73.51,5313775.0,1.1099999999999994,0.0143
2018-08-03,78.74,78.98,78.44,78.73,NKE,3762061.0,5.3608750444308,5.3608750444308,78.73,78.74,78.98,78.44,3762061,74.78,74.79,75.02,74.5,3762061.0,0.0899999999999892,0.0011
2018-08-06,79.51,79.58,78.43,78.74,NKE,4280607.0,5.423078165896533,5.423078165896533,78.74,79.51,79.58,78.43,4280607,74.79,75.52,75.59,74.49,4280607.0,0.7700000000000102,0.0098
2018-08-07,80.53,80.63,79.27,79.73,NKE,5418866.0,5.50547710601997,5.50547710601997,79.73,80.53,80.63,79.27,5418866,75.73,76.49,76.58,75.29,5418866.0,1.019999999999996,0.0128
2018-08-08,80.5,81.08,80.04,80.21,NKE,5327095.0,5.5030536077810455,5.5030536077810455,80.21,80.5,81.08,80.04,5327095,76.18,76.46,77.01,76.02,5327095.0,-0.030000000000001137,-0.0004
2018-08-09,81.26,81.88,80.41,80.49,NKE,4558513.0,5.564448896500469,5.564448896500469,80.49,81.26,81.88,80.41,4558513,76.45,77.18,77.77,76.37,4558513.0,0.7600000000000051,0.0094
2018-08-10,80.73,81.28,80.29,80.82,NKE,5036698.0,5.521633760946134,5.521633760946134,80.82,80.73,81.28,80.29,5036698,76.76,76.68,77.2,76.26,5036698.0,-0.5300000000000011,-0.0065
2018-08-13,80.15,81.14,80.01,80.82,NKE,4101202.0,5.474779461660258,5.474779461660258,80.82,80.15,81.14,80.01,4101202,76.76,76.13,77.07,75.99,4101202.0,-0.5799999999999983,-0.0072
2018-08-14,80.14,80.84,79.68,80.33,NKE,6079747.0,5.47397162891395,5.47397162891395,80.33,80.14,80.84,79.68,6079747,76.3,76.12,76.79,75.68,6079747.0,-0.010000000000005116,-0.0001
2018-08-15,79.57,79.86,79.12,79.57,NKE,5057181.0,5.427925162374382,5.427925162374382,79.57,79.57,79.86,79.12,5057181,75.58,75.58,75.85,75.15,5057181.0,-0.5700000000000074,-0.0071
2018-08-16,80.05,80.61,79.8,79.9,NKE,5475778.0,5.466701134197176,5.466701134197176,79.9,80.05,80.61,79.8,5475778,75.89,76.03,76.56,75.79,5475778.0,0.480000000000004,0.006
2018-08-17,79.75,80.44,79.68,80.04,NKE,9001373.0,5.44246615180793,5.44246615180793,80.04,79.75,80.44,79.68,9001373,76.02,75.75,76.4,75.68,9001373.0,-0.29999999999999716,-0.0037
2018-08-20,82.18,82.42,80.95,81.52,NKE,9345180.0,5.638769509160824,5.638769509160824,81.52,82.18,82.42,80.95,9345180,77.43,78.05,78.28,76.89,9345180.0,2.430000000000007,0.0305
2018-08-21,82.95,83.08,82.02,82.31,NKE,6337324.0,5.700972630626556,5.700972630626556,82.31,82.95,83.08,82.02,6337324,78.18,78.79,78.9,77.9,6337324.0,0.769999999999996,0.0094
2018-08-22,82.64,83.68,82.28,83.1,NKE,4308340.0,5.675929815491001,5.675929815491001,83.1,82.64,83.68,82.28,4308340,78.93,78.49,79.48,78.15,4308340.0,-0.3100000000000023,-0.0037
2018-08-23,82.91,83.57,82.34,82.43,NKE,4156852.0,5.697741299641322,5.697741299641322,82.43,82.91,83.57,82.34,4156852,78.29,78.75,79.37,78.21,4156852.0,0.269999999999996,0.0033
2018-08-24,82.45,82.88,82.1,82.42,NKE,3453010.0,5.660580993311145,5.660580993311145,82.42,82.45,82.88,82.1,3453010,78.28,78.31,78.72,77.98,3453010.0,-0.45999999999999375,-0.0055
2018-08-27,82.65,83.45,82.23,83.04,NKE,4012426.0,5.676737648237309,5.676737648237309,83.04,82.65,83.45,82.23,4012426,78.87,78.5,79.26,78.1,4012426.0,0.20000000000000284,0.0024
2018-08-28,82.58,83.63,82.48,83.23,NKE,3788911.0,5.671082819013152,5.671082819013152,83.23,82.58,83.63,82.48,3788911,79.05,78.43,79.43,78.34,3788911.0,-0.07000000000000739,-0.0008
2018-08-29,82.79,83.1,82.22,82.42,NKE,5712433.0,5.6880473066856245,5.6880473066856245,82.42,82.79,83.1,82.22,5712433,78.28,78.63,78.93,78.09,5712433.0,0.21000000000000796,0.0025
2018-08-30,81.4,82.76,81.01,82.58,NKE,7122291.0,5.575758554948784,5.575758554948784,82.58,81.4,82.76,81.01,7122291,78.43,77.31,78.61,76.94,7122291.0,-1.3900000000000006,-0.0168
2018-08-31,82.2,82.25,81.25,81.25,NKE,5177091.0,5.64038517465344,5.64038517465344,81.25,82.2,82.25,81.25,5177091,77.36,78.26,78.31,77.36,5177091.0,0.7999999999999972,0.0098
2018-09-04,79.6,80.97,79.0,79.39,NKE,18565837.0,5.430348660613307,5.430348660613307,79.39,79.6,80.97,79.0,18565837,75.59,75.79,77.09,75.22,18565837.0,-2.6000000000000085,-0.0316
2018-09-05,79.92,80.32,79.3,79.65,NKE,12269138.0,5.45619930849517,5.45619930849517,79.65,79.92,80.32,79.3,12269138,75.83,76.09,76.47,75.5,12269138.0,0.3200000000000074,0.004
2018-09-06,80.4,80.84,79.77,80.17,NKE,8577029.0,5.494975280317964,5.494975280317964,80.17,80.4,80.84,79.77,8577029,76.33,76.55,76.97,75.95,8577029.0,0.480000000000004,0.006
2018-09-07,80.3,81.16,80.01,80.01,NKE,6633912.0,5.486896952854881,5.486896952854881,80.01,80.3,81.16,80.01,6633912,76.18,76.45,77.27,76.18,6633912.0,-0.10000000000000853,-0.0012
2018-09-10,82.1,82.44,81.22,81.39,NKE,6965631.0,5.632306847190358,5.632306847190358,81.39,82.1,82.44,81.22,6965631,77.49,78.17,78.49,77.33,6965631.0,1.7999999999999972,0.0224
2018-09-11,82.63,83.58,82.55,83.2,NKE,7166847.0,5.675121982744693,5.675121982744693,83.2,82.63,83.58,82.55,7166847,79.21,78.67,79.58,78.6,7166847.0,0.5300000000000011,0.0065
2018-09-12,83.0,83.04,82.04,82.7,NKE,5384257.0,5.7050117943580965,5.7050117943580965,82.7,83.0,83.04,82.04,5384257,78.74,79.02,79.06,78.11,5384257.0,0.37000000000000455,0.0045
2018-09-13,83.47,83.9,83.12,83.21,NKE,5382087.0,5.742979933434582,5.742979933434582,83.21,83.47,83.9,83.12,5382087,79.22,79.47,79.88,79.14,5382087.0,0.46999999999999886,0.0057
2018-09-14,83.49,83.84,83.06,83.58,NKE,4884358.0,5.744595598927198,5.744595598927198,83.58,83.49,83.84,83.06,4884358,79.58,79.49,79.82,79.08,4884358.0,0.01999999999999602,0.0002
2018-09-17,83.26,83.93,82.94,83.49,NKE,4861055.0,5.72601544576211,5.72601544576211,83.49,83.26,83.93,82.94,4861055,79.49,79.27,79.91,78.97,4861055.0,-0.22999999999998977,-0.0028
2018-09-18,85.26,85.35,83.24,83.24,NKE,7277700.0,5.8875819950237505,5.8875819950237505,83.24,85.26,85.35,83.24,7277700,79.25,81.18,81.26,79.25,7277700.0,2.0,0.024
2018-09-19,84.43,85.85,84.11,85.69,NKE,8053129.0,5.82053187708017,5.82053187708017,85.69,84.43,85.85,84.11,8053129,81.59,80.39,81.74,80.09,8053129.0,-0.8299999999999983,-0.0097
2018-09-20,85.37,85.87,84.93,85.09,NKE,6620253.0,5.896468155233141,5.896468155233141,85.09,85.37,85.87,84.93,6620253,81.01,81.28,81.76,80.86,6620253.0,0.9399999999999977,0.0111
2018-09-21,85.55,86.04,85.01,86.0,NKE,13852693.0,5.911009144666688,5.911009144666688,86.0,85.55,86.04,85.01,13852693,81.88,81.45,81.92,80.94,13852693.0,0.1799999999999926,0.0021
2018-09-24,84.27,85.26,84.25,85.16,NKE,8770355.0,5.807606553139238,5.807606553139238,85.16,84.27,85.26,84.25,8770355,81.08,80.23,81.18,80.21,8770355.0,-1.2800000000000011,-0.015
2018-09-25,84.79,85.1,84.07,84.86,NKE,10519535.0,5.849613855947266,5.849613855947266,84.86,84.79,85.1,84.07,10519535,80.8,80.73,81.02,80.04,10519535.0,0.5200000000000102,0.0062
2018-09-26,83.7,84.73,81.95,82.61,NKE,16357066.0,5.761560086599671,5.761560086599671,82.61,83.7,84.73,81.95,16357066,78.65,79.69,80.67,78.02,16357066.0,-1.0900000000000034,-0.0129
2018-09-27,84.54,84.92,83.73,83.77,NKE,6080564.0,5.82941803728956,5.82941803728956,83.77,84.54,84.92,83.73,6080564,79.76,80.49,80.85,79.72,6080564.0,0.8400000000000034,0.01
2018-09-28,84.72,85.27,84.25,84.29,NKE,7452735.0,5.843959026723107,5.843959026723107,84.29,84.72,85.27,84.25,7452735,80.25,80.66,81.19,80.21,7452735.0,0.1799999999999926,0.0021
2018-10-01,84.46,85.85,84.37,85.1,NKE,7876367.0,5.8229553753190935,5.8229553753190935,85.1,84.46,85.85,84.37,7876367,81.02,80.41,81.74,80.33,7876367.0,-0.2600000000000051,-0.0031
2018-10-02,82.77,84.55,82.5,84.34,NKE,8446923.0,5.686431641193007,5.686431641193007,84.34,82.77,84.55,82.5,8446923,80.3,78.81,80.5,78.55,8446923.0,-1.6899999999999977,-0.02
2018-10-03,82.5,82.96,81.75,81.93,NKE,10046664.0,5.664620157042686,5.664620157042686,81.93,82.5,82.96,81.75,10046664,78.01,78.55,78.99,77.83,10046664.0,-0.269999999999996,-0.0033
2018-10-04,80.18,82.48,80.02,82.34,NKE,9161142.0,5.477202959899183,5.477202959899183,82.34,80.18,82.48,80.02,9161142,78.4,76.34,78.53,76.19,9161142.0,-2.319999999999993,-0.0281
2018-10-05,80.12,80.99,79.43,80.09,NKE,7019108.0,5.472355963421334,5.472355963421334,80.09,80.12,80.99,79.43,7019108,76.25,76.28,77.11,75.63,7019108.0,-0.060000000000002274,-0.0007
2018-10-08,80.23,80.54,79.08,80.04,NKE,8058686.0,5.481242123630724,5.481242123630724,80.04,80.23,80.54,79.08,8058686,76.21,76.39,76.68,75.29,8058686.0,0.10999999999999943,0.0014
2018-10-09,80.42,81.49,80.16,80.37,NKE,7643669.0,5.4965909458105795,5.4965909458105795,80.37,80.42,81.49,80.16,7643669,76.52,76.57,77.59,76.32,7643669.0,0.18999999999999773,0.0024
2018-10-10,74.94,80.04,74.77,79.66,NKE,12977843.0,5.0538986008336835,5.0538986008336835,79.66,74.94,80.04,74.77,12977843,75.84,71.35,76.21,71.19,12977843.0,-5.480000000000004,-0.0681
2018-10-11,74.51,77.07,73.9,74.77,NKE,11532101.0,5.019161792742431,5.019161792742431,74.77,74.51,77.07,73.9,11532101,71.19,70.94,73.38,70.36,11532101.0,-0.4299999999999926,-0.0057
2018-10-12,75.91,76.86,74.91,75.97,NKE,10393839.0,5.132258377225579,5.132258377225579,75.97,75.91,76.86,74.91,10393839,72.33,72.27,73.18,71.32,10393839.0,1.3999999999999915,0.0188
2018-10-15,74.99,76.16,74.97,75.77,NKE,5789049.0,5.057937764565224,5.057937764565224,75.77,74.99,76.16,74.97,5789049,72.14,71.4,72.51,71.38,5789049.0,-0.9200000000000017,-0.0121
2018-10-16,77.48,77.65,75.32,75.6,NKE,7744185.0,5.259088118395968,5.259088118395968,75.6,77.48,77.65,75.32,7744185,71.98,73.77,73.93,71.71,7744185.0,2.490000000000009,0.0332
2018-10-17,76.48,77.8,75.94,77.52,NKE,6816903.0,5.178304843765147,5.178304843765147,77.52,76.48,77.8,75.94,6816903,73.81,72.82,74.07,72.3,6816903.0,-1.0,-0.0129
2018-10-18,75.6,77.41,75.0,77.4,NKE,7622219.0,5.107215562090024,5.107215562090024,77.4,75.6,77.41,75.0,7622219,73.69,71.98,73.7,71.41,7622219.0,-0.8800000000000097,-0.0115
2018-10-19,74.21,76.05,74.14,75.83,NKE,7301200.0,4.994926810353184,4.994926810353184,75.83,74.21,76.05,74.14,7301200,72.2,70.66,72.41,70.59,7301200.0,-1.3900000000000006,-0.0184
2018-10-22,74.9,75.21,74.3,74.65,NKE,7042460.0,5.050667269848451,5.050667269848451,74.65,74.9,75.21,74.3,7042460,71.07,71.31,71.61,70.74,7042460.0,0.6900000000000119,0.0093
2018-10-23,73.35,74.38,72.07,74.19,NKE,11423769.0,4.925453194170679,4.925453194170679,74.19,73.35,74.38,72.07,11423769,70.64,69.84,70.82,68.62,11423769.0,-1.5500000000000114,-0.0207
2018-10-24,72.12,74.61,71.95,73.47,NKE,8333909.0,4.82608976637477,4.82608976637477,73.47,72.12,74.61,71.95,8333909,69.95,68.67,71.03,68.5,8333909.0,-1.2299999999999898,-0.0168
2018-10-25,73.1,73.5,72.23,72.69,NKE,7648037.0,4.905257375512973,4.905257375512973,72.69,73.1,73.5,72.23,7648037,69.21,69.6,69.97,68.77,7648037.0,0.9799999999999898,0.0136
2018-10-26,72.07,72.71,70.69,72.0,NKE,8371189.0,4.822050602643229,4.822050602643229,72.0,72.07,72.71,70.69,8371189,68.55,68.62,69.23,67.3,8371189.0,-1.0300000000000011,-0.0141
2018-10-29,72.19,74.01,71.39,73.26,NKE,9874204.0,4.831744595598927,4.831744595598927,73.26,72.19,74.01,71.39,9874204,69.75,68.73,70.46,67.97,9874204.0,0.12000000000000455,0.0017
2018-10-30,74.51,74.64,72.81,73.07,NKE,9469954.0,5.019161792742431,5.019161792742431,73.07,74.51,74.64,72.81,9469954,69.57,70.94,71.06,69.32,9469954.0,2.3200000000000074,0.0321
2018-10-31,75.04,76.34,74.92,75.5,NKE,8755514.0,5.061976928296766,5.061976928296766,75.5,75.04,76.34,74.92,8755514,71.88,71.45,72.68,71.33,8755514.0,0.5300000000000011,0.0071
2018-11-01,76.79,76.84,74.84,75.23,NKE,6117833.0,5.203347658900702,5.203347658900702,75.23,76.79,76.84,74.84,6117833,71.63,73.11,73.16,71.26,6117833.0,1.75,0.0233
2018-11-02,76.58,78.59,75.71,77.53,NKE,6995098.0,5.186383171228229,5.186383171228229,77.53,76.58,78.59,75.71,6995098,73.82,72.91,74.83,72.08,6995098.0,-0.21000000000000796,-0.0027
2018-11-05,77.53,77.77,76.05,76.49,NKE,7143324.0,5.263127282127509,5.263127282127509,76.49,77.53,77.77,76.05,7143324,72.83,73.82,74.04,72.41,7143324.0,0.9500000000000028,0.0124
2018-11-06,76.57,77.58,76.36,77.34,NKE,6424228.0,5.18557533848192,5.18557533848192,77.34,76.57,77.58,76.36,6424228,73.64,72.9,73.86,72.7,6424228.0,-0.960000000000008,-0.0124
2018-11-07,77.97,78.23,76.57,76.94,NKE,5403850.0,5.298671922965069,5.298671922965069,76.94,77.97,78.23,76.57,5403850,73.25,74.24,74.48,72.9,5403850.0,1.4000000000000057,0.0183
2018-11-08,77.78,78.16,77.24,77.69,NKE,5425040.0,5.283323100785213,5.283323100785213,77.69,77.78,78.16,77.24,5425040,73.97,74.05,74.42,73.54,5425040.0,-0.18999999999999773,-0.0024
2018-11-09,76.36,77.77,75.53,77.71,NKE,4737726.0,5.168610850809449,5.168610850809449,77.71,76.36,77.77,75.53,4737726,73.99,72.7,74.04,71.91,4737726.0,-1.4200000000000017,-0.0183
2018-11-12,75.1,76.77,74.99,76.35,NKE,5204896.0,5.0668239247746145,5.0668239247746145,76.35,75.1,76.77,74.99,5204896,72.69,71.5,73.09,71.4,5204896.0,-1.2600000000000051,-0.0165
2018-11-13,75.2,76.27,74.84,75.53,NKE,4584553.0,5.074902252237697,5.074902252237697,75.53,75.2,76.27,74.84,4584553,71.91,71.6,72.61,71.26,4584553.0,0.10000000000000853,0.0013
2018-11-14,75.2,77.49,74.89,76.32,NKE,7984223.0,5.074902252237697,5.074902252237697,76.32,75.2,77.49,74.89,7984223,72.66,71.6,73.78,71.3,7984223.0,0.0,0.0
2018-11-15,74.33,74.67,72.89,74.44,NKE,7858298.0,5.004620803308883,5.004620803308883,74.44,74.33,74.67,72.89,7858298,70.87,70.77,71.09,69.4,7858298.0,-0.8700000000000045,-0.0116
2018-11-16,74.74,75.52,73.06,73.76,NKE,8064168.0,5.037741945907519,5.037741945907519,73.76,74.74,75.52,73.06,8064168,70.23,71.16,71.9,69.56,8064168.0,0.4099999999999966,0.0055
2018-11-19,72.52,74.75,71.86,74.69,NKE,6744852.0,4.8584030762270976,4.8584030762270976,74.69,72.52,74.75,71.86,6744852,71.11,69.05,71.17,68.42,6744852.0,-2.219999999999999,-0.0297
2018-11-20,71.12,72.07,69.52,70.49,NKE,9053946.0,4.74530649174395,4.74530649174395,70.49,71.12,72.07,69.52,9053946,67.11,67.71,68.62,66.19,9053946.0,-1.3999999999999915,-0.0193
2018-11-21,72.37,72.9,71.81,71.99,NKE,7326182.0,4.846285585032476,4.846285585032476,71.99,72.37,72.9,71.81,7326182,68.54,68.9,69.41,68.37,7326182.0,1.25,0.0176
2018-11-23,71.49,72.52,71.41,72.05,NKE,2582343.0,4.775196303357353,4.775196303357353,72.05,71.49,72.52,71.41,2582343,68.6,68.07,69.05,67.98,2582343.0,-0.8800000000000097,-0.0122
2018-11-26,72.71,73.0,72.27,72.34,NKE,6458287.0,4.873751898406954,4.873751898406954,72.34,72.71,73.0,72.27,6458287,68.87,69.23,69.5,68.81,6458287.0,1.2199999999999989,0.0171
2018-11-27,72.09,72.55,71.3,72.28,NKE,5008125.0,4.823666268135845,4.823666268135845,72.28,72.09,72.55,71.3,5008125,68.82,68.64,69.07,67.88,5008125.0,-0.6199999999999903,-0.0085
2018-11-28,74.66,74.76,72.3,72.3,NKE,6167164.0,5.031279283937054,5.031279283937054,72.3,74.66,74.76,72.3,6167164,68.84,71.08,71.18,68.84,6167164.0,2.569999999999993,0.0356
2018-11-29,74.34,74.95,73.32,74.64,NKE,5436736.0,5.005428636055192,5.005428636055192,74.64,74.34,74.95,73.32,5436736,71.06,70.78,71.36,69.81,5436736.0,-0.3199999999999932,-0.0043
2018-11-30,75.12,75.48,73.9,74.18,NKE,7947547.0,5.068439590267231,5.068439590267231,74.18,75.12,75.48,73.9,7947547,70.84,71.74,72.08,70.57,7947547.0,0.7800000000000011,0.0105
2018-12-03,77.94,79.0,76.93,77.1,NKE,10209260.0,5.296248424726144,5.296248424726144,77.1,77.94,79.0,76.93,10209260,73.63,74.43,75.44,73.47,10209260.0,2.819999999999993,0.0375
2018-12-04,75.79,78.4,75.41,77.42,NKE,8800364.0,5.122564384269881,5.122564384269881,77.42,75.79,78.4,75.41,8800364,73.94,72.38,74.87,72.02,8800364.0,-2.1499999999999915,-0.0276
2018-12-06,75.54,75.56,73.59,74.37,NKE,9693738.0,5.102368565612176,5.102368565612176,74.37,75.54,75.56,73.59,9693738,71.02,72.14,72.16,70.28,9693738.0,-0.25,-0.0033
2018-12-07,73.34,75.97,72.87,75.04,NKE,6133687.0,4.924645361424371,4.924645361424371,75.04,73.34,75.97,72.87,6133687,71.66,70.04,72.55,69.59,6133687.0,-2.200000000000003,-0.0291
2018-12-10,72.51,73.71,70.61,73.1,NKE,7235047.0,4.85759524348079,4.85759524348079,73.1,72.51,73.71,70.61,7235047,69.81,69.25,70.39,67.43,7235047.0,-0.8299999999999983,-0.0113
2018-12-11,73.57,74.57,72.56,73.87,NKE,7794548.0,4.943225514589459,4.943225514589459,73.87,73.57,74.57,72.56,7794548,70.55,70.26,71.21,69.29,7794548.0,1.059999999999988,0.0146
2018-12-12,74.32,75.28,73.51,74.52,NKE,6950474.0,5.003812970562574,5.003812970562574,74.52,74.32,75.28,73.51,6950474,71.17,70.98,71.89,70.2,6950474.0,0.75,0.0102
2018-12-13,72.93,74.59,72.59,74.5,NKE,7454985.0,4.891524218825735,4.891524218825735,74.5,72.93,74.59,72.59,7454985,71.15,69.65,71.23,69.32,7454985.0,-1.3899999999999864,-0.0187
2018-12-14,72.53,73.65,71.41,71.97,NKE,7221195.0,4.859210908973407,4.859210908973407,71.97,72.53,73.65,71.41,7221195,68.73,69.27,70.34,68.2,7221195.0,-0.4000000000000057,-0.0055
2018-12-17,69.9,71.77,69.45,71.37,NKE,10647705.0,4.646750896694349,4.646750896694349,71.37,69.9,71.77,69.45,10647705,68.16,66.75,68.54,66.33,10647705.0,-2.6299999999999955,-0.0363
2018-12-18,71.15,72.41,70.43,70.9,NKE,7533275.0,4.747729989982875,4.747729989982875,70.9,71.15,72.41,70.43,7533275,67.71,67.95,69.15,67.26,7533275.0,1.25,0.0179
2018-12-19,68.97,72.0,68.32,71.45,NKE,8426122.0,4.571622451287685,4.571622451287685,71.45,68.97,72.0,68.32,8426122,68.23,65.87,68.76,65.25,8426122.0,-2.180000000000007,-0.0306
2018-12-20,67.53,69.57,66.53,68.73,NKE,14488531.0,4.455294535819304,4.455294535819304,68.73,67.53,69.57,66.53,14488531,65.64,64.49,66.44,63.54,14488531.0,-1.4399999999999977,-0.0209
2018-12-21,72.37,74.29,71.25,73.29,NKE,28487870.0,4.846285585032476,4.846285585032476,73.29,72.37,74.29,71.25,28487870,69.99,69.11,70.95,68.04,28487870.0,4.840000000000003,0.0717
2018-12-24,68.1,71.93,68.08,71.4,NKE,8551422.0,4.501341002358871,4.501341002358871,71.4,68.1,71.93,68.08,8551422,68.19,65.04,68.69,65.02,8551422.0,-4.27000000000001,-0.059
2018-12-26,73.01,73.01,68.65,68.7,NKE,10019245.0,4.897986880796201,4.897986880796201,68.7,73.01,73.01,68.65,10019245,65.61,69.72,69.72,65.56,10019245.0,4.910000000000011,0.0721
2018-12-27,73.67,73.73,70.99,72.18,NKE,9004918.0,4.951303842052542,4.951303842052542,72.18,73.67,73.73,70.99,9004918,68.93,70.35,70.41,67.8,9004918.0,0.6599999999999966,0.009
2018-12-28,73.34,74.46,72.57,73.97,NKE,6197000.0,4.924645361424371,4.924645361424371,73.97,73.34,74.46,72.57,6197000,70.64,70.04,71.11,69.3,6197000.0,-0.3299999999999983,-0.0045
2018-12-31,74.14,74.46,73.52,73.98,NKE,5519230.0,4.989271981129027,4.989271981129027,73.98,74.14,74.46,73.52,5519230,70.65,70.8,71.11,70.21,5519230.0,0.7999999999999972,0.0109
2019-01-02,74.06,74.64,72.19,72.79,NKE,6762678.0,4.982809319158561,4.982809319158561,72.79,74.06,74.64,72.19,6762678,69.51,70.73,71.28,68.94,6762678.0,-0.0799999999999983,-0.0011
2019-01-03,72.75,73.32,71.21,73.25,NKE,8007384.0,4.876983229392187,4.876983229392187,73.25,72.75,73.32,71.21,8007384,69.95,69.48,70.02,68.01,8007384.0,-1.3100000000000023,-0.0177
2019-01-04,74.65,75.12,73.12,73.45,NKE,7844239.0,5.0304714511907465,5.0304714511907465,73.45,74.65,75.12,73.12,7844239,70.14,71.29,71.74,69.83,7844239.0,1.9000000000000057,0.0261
2019-01-07,75.72,76.36,74.3,74.74,NKE,8184786.0,5.116909555045724,5.116909555045724,74.74,75.72,76.36,74.3,8184786,71.38,72.31,72.93,70.96,8184786.0,1.0699999999999932,0.0143
2019-01-08,76.73,77.4,76.2,76.83,NKE,8808978.0,5.198500662422853,5.198500662422853,76.83,76.73,77.4,76.2,8808978,73.37,73.28,73.92,72.77,8808978.0,1.0100000000000051,0.0133
2019-01-09,76.59,77.15,76.14,76.97,NKE,8590991.0,5.1871910039745375,5.1871910039745375,76.97,76.59,77.15,76.14,8590991,73.51,73.14,73.68,72.71,8590991.0,-0.14000000000000057,-0.0018
2019-01-10,76.42,77.34,75.46,75.64,NKE,11148593.0,5.173457847287298,5.173457847287298,75.64,76.42,77.34,75.46,11148593,72.24,72.98,73.86,72.06,11148593.0,-0.1700000000000017,-0.0022
2019-01-11,76.04,76.89,75.8,76.34,NKE,10689863.0,5.142760202927587,5.142760202927587,76.34,76.04,76.89,75.8,10689863,72.9,72.62,73.43,72.39,10689863.0,-0.37999999999999545,-0.005
2019-01-14,76.09,76.81,75.46,75.46,NKE,5677442.0,5.146799366659128,5.146799366659128,75.46,76.09,76.81,75.46,5677442,72.06,72.67,73.35,72.06,5677442.0,0.04999999999999716,0.0007
2019-01-15,77.88,77.98,76.13,76.19,NKE,6212364.0,5.291401428248295,5.291401428248295,76.19,77.88,77.98,76.13,6212364,72.76,74.38,74.47,72.7,6212364.0,1.789999999999992,0.0235
2019-01-16,77.68,78.85,77.59,78.0,NKE,5697149.0,5.275244773322132,5.275244773322132,78.0,77.68,78.85,77.59,5697149,74.49,74.18,75.3,74.09,5697149.0,-0.19999999999998863,-0.0026
2019-01-17,79.13,79.4,77.31,77.54,NKE,7737292.0,5.392380521536821,5.392380521536821,77.54,79.13,79.4,77.31,7737292,74.05,75.57,75.83,73.83,7737292.0,1.4499999999999886,0.0187
2019-01-18,80.45,80.97,79.74,79.95,NKE,10404132.0,5.499014444049505,5.499014444049505,79.95,80.45,80.97,79.74,10404132,76.35,76.83,77.33,76.15,10404132.0,1.3200000000000074,0.0167
2019-01-22,80.75,81.31,80.2,80.33,NKE,8781678.0,5.52324942643875,5.52324942643875,80.33,80.75,81.31,80.2,8781678,76.72,77.12,77.65,76.59,8781678.0,0.29999999999999716,0.0037
2019-01-23,80.5,81.4,80.22,81.19,NKE,5822957.0,5.5030536077810455,5.5030536077810455,81.19,80.5,81.4,80.22,5822957,77.54,76.88,77.74,76.61,5822957.0,-0.25,-0.0031
2019-01-24,80.44,80.87,79.55,80.6,NKE,4753325.0,5.498206611303195,5.498206611303195,80.6,80.44,80.87,79.55,4753325,76.97,76.82,77.23,75.97,4753325.0,-0.060000000000002274,-0.0007
2019-01-25,80.61,81.33,80.43,81.25,NKE,4457072.0,5.511939767990436,5.511939767990436,81.25,80.61,81.33,80.43,4457072,77.59,76.98,77.67,76.81,4457072.0,0.1700000000000017,0.0021
2019-01-28,80.32,80.5,79.74,79.8,NKE,5451971.0,5.488512618347497,5.488512618347497,79.8,80.32,80.5,79.74,5451971,76.21,76.71,76.88,76.15,5451971.0,-0.29000000000000625,-0.0036
2019-01-29,80.22,80.83,79.84,80.36,NKE,4187527.0,5.480434290884415,5.480434290884415,80.36,80.22,80.83,79.84,4187527,76.74,76.61,77.19,76.25,4187527.0,-0.09999999999999432,-0.0012
2019-01-30,81.28,81.29,80.06,80.4,NKE,5200226.0,5.566064561993085,5.566064561993085,80.4,81.28,81.29,80.06,5200226,76.78,77.62,77.63,76.46,5200226.0,1.0600000000000023,0.0132
2019-01-31,81.88,81.95,80.71,81.18,NKE,8599206.0,5.614534526771577,5.614534526771577,81.18,81.88,81.95,80.71,8599206,77.53,78.2,78.26,77.08,8599206.0,0.5999999999999943,0.0074
2019-02-01,81.51,81.9,81.13,81.83,NKE,5351916.0,5.584644715158174,5.584644715158174,81.83,81.51,81.9,81.13,5351916,78.15,77.84,78.21,77.48,5351916.0,-0.36999999999999034,-0.0045
2019-02-04,81.99,82.0,80.83,81.22,NKE,4236583.0,5.6234206869809675,5.6234206869809675,81.22,81.99,82.0,80.83,4236583,77.57,78.3,78.31,77.19,4236583.0,0.47999999999998977,0.0059
2019-02-05,82.86,83.19,81.93,81.98,NKE,6545577.0,5.693702135909781,5.693702135909781,81.98,82.86,83.19,81.93,6545577,78.29,79.13,79.45,78.24,6545577.0,0.8700000000000045,0.0106
2019-02-06,82.71,82.71,81.64,82.51,NKE,3682813.0,5.681584644715158,5.681584644715158,82.51,82.71,82.71,81.64,3682813,78.8,78.99,78.99,77.97,3682813.0,-0.15000000000000568,-0.0018
2019-02-07,82.39,82.84,81.71,82.15,NKE,4827485.0,5.655733996833296,5.655733996833296,82.15,82.39,82.84,81.71,4827485,78.45,78.68,79.12,78.03,4827485.0,-0.3199999999999932,-0.0039
2019-02-08,82.36,82.72,81.94,82.25,NKE,3786588.0,5.653310498594371,5.653310498594371,82.25,82.36,82.72,81.94,3786588,78.55,78.65,79.0,78.25,3786588.0,-0.030000000000001137,-0.0004
2019-02-11,83.68,83.83,82.87,82.95,NKE,6158533.0,5.759944421107055,5.759944421107055,82.95,83.68,83.83,82.87,6158533,79.22,79.91,80.06,79.14,6158533.0,1.3200000000000074,0.016
2019-02-12,84.71,84.84,83.62,83.97,NKE,6290259.0,5.843151193976799,5.843151193976799,83.97,84.71,84.84,83.62,6290259,80.19,80.9,81.02,79.86,6290259.0,1.029999999999987,0.0123
2019-02-13,85.4,85.59,84.76,84.76,NKE,5032812.0,5.898891653472066,5.898891653472066,84.76,85.4,85.59,84.76,5032812,80.95,81.56,81.74,80.95,5032812.0,0.6900000000000119,0.0081
2019-02-14,84.68,85.14,83.7,84.61,NKE,5179036.0,5.8407276957378755,5.8407276957378755,84.61,84.68,85.14,83.7,5179036,80.8,80.87,81.31,79.93,5179036.0,-0.7199999999999989,-0.0084
2019-02-15,85.38,85.78,85.1,85.49,NKE,6111250.0,5.897275987979448,5.897275987979448,85.49,85.38,85.78,85.1,6111250,81.64,81.54,81.92,81.27,6111250.0,0.6999999999999886,0.0083
2019-02-19,84.57,85.05,84.46,84.58,NKE,5105894.0,5.831841535528484,5.831841535528484,84.58,84.57,85.05,84.46,5105894,80.77,80.76,81.22,80.66,5105894.0,-0.8100000000000023,-0.0095
2019-02-20,84.84,84.95,84.35,84.63,NKE,6436096.0,5.853653019678806,5.853653019678806,84.63,84.84,84.95,84.35,6436096,80.82,81.02,81.13,80.55,6436096.0,0.27000000000001023,0.0032
2019-02-21,83.95,84.15,83.35,83.57,NKE,8579155.0,5.781755905257376,5.781755905257376,83.57,83.95,84.15,83.35,8579155,79.81,80.17,80.37,79.6,8579155.0,-0.8900000000000006,-0.0105
2019-02-22,84.76,85.02,84.03,84.2,NKE,4449747.0,5.847190357708341,5.847190357708341,84.2,84.76,85.02,84.03,4449747,80.41,80.95,81.19,80.25,4449747.0,0.8100000000000023,0.0096
2019-02-25,85.17,85.73,84.96,85.39,NKE,6229652.0,5.880311500306977,5.880311500306977,85.39,85.17,85.73,84.96,6229652,81.55,81.34,81.87,81.14,6229652.0,0.4099999999999966,0.0048
2019-02-26,85.8,86.08,85.2,85.31,NKE,6678802.0,5.931204963324393,5.931204963324393,85.31,85.8,86.08,85.2,6678802,81.47,81.94,82.21,81.37,6678802.0,0.6299999999999955,0.0074
2019-02-27,86.17,86.22,85.06,85.53,NKE,4588351.0,5.961094774937797,5.961094774937797,85.53,86.17,86.22,85.06,4588351,81.68,82.29,82.34,81.23,4588351.0,0.37000000000000455,0.0043
2019-02-28,85.73,86.4,85.68,86.08,NKE,4988146.0,5.925550134100236,5.925550134100236,86.08,85.73,86.4,85.68,4988146,82.21,81.87,82.51,81.82,4988146.0,-0.4399999999999977,-0.0051
2019-03-01,87.16,87.99,86.24,86.93,NKE,6315062.0,6.041070216822309,6.041070216822309,86.93,87.16,87.99,86.24,6315062,83.24,83.46,84.25,82.57,6315062.0,1.4299999999999926,0.0167
2019-03-04,85.64,87.99,85.11,87.32,NKE,7339569.0,5.918279639383462,5.918279639383462,87.32,85.64,87.99,85.11,7339569,83.61,82.0,84.25,81.49,7339569.0,-1.519999999999996,-0.0174
2019-03-05,85.44,86.25,85.44,85.88,NKE,4976324.0,5.902122984457298,5.902122984457298,85.88,85.44,86.25,85.44,4976324,82.23,81.81,82.58,81.81,4976324.0,-0.20000000000000284,-0.0023
2019-03-06,85.13,85.99,85.04,85.6,NKE,3198110.0,5.877080169321744,5.877080169321744,85.6,85.13,85.99,85.04,3198110,81.96,81.51,82.34,81.43,3198110.0,-0.3100000000000023,-0.0036
2019-03-07,85.26,85.41,84.66,84.97,NKE,4321788.0,5.8875819950237505,5.8875819950237505,84.97,85.26,85.41,84.66,4321788,81.36,81.64,81.78,81.06,4321788.0,0.13000000000000966,0.0015
2019-03-08,84.8,84.88,84.02,84.58,NKE,4669677.0,5.850421688693573,5.850421688693573,84.58,84.8,84.88,84.02,4669677,80.99,81.2,81.27,80.45,4669677.0,-0.46000000000000796,-0.0054
2019-03-11,85.82,85.94,85.05,85.39,NKE,3999751.0,5.93282062881701,5.93282062881701,85.39,85.82,85.94,85.05,3999751,81.76,82.17,82.29,81.44,3999751.0,1.019999999999996,0.012
2019-03-12,85.43,86.08,85.02,85.78,NKE,4431552.0,5.901315151710991,5.901315151710991,85.78,85.43,86.08,85.02,4431552,82.13,81.8,82.42,81.41,4431552.0,-0.38999999999998636,-0.0045
2019-03-13,85.93,86.66,85.6,85.7,NKE,5037858.0,5.941706789026401,5.941706789026401,85.7,85.93,86.66,85.6,5037858,82.06,82.28,82.97,81.96,5037858.0,0.5,0.0059
2019-03-14,86.87,86.88,85.7,86.15,NKE,5906100.0,6.017643067179372,6.017643067179372,86.15,86.87,86.88,85.7,5906100,82.49,83.18,83.19,82.06,5906100.0,0.9399999999999977,0.0109
2019-03-15,86.8,87.61,85.95,87.22,NKE,11031386.0,6.011988237955213,6.011988237955213,87.22,86.8,87.61,85.95,11031386,83.51,83.11,83.88,82.3,11031386.0,-0.07000000000000739,-0.0008
2019-03-18,87.82,87.84,87.0,87.3,NKE,7750711.0,6.09438717807865,6.09438717807865,87.3,87.82,87.84,87.0,7750711,83.59,84.09,84.11,83.3,7750711.0,1.019999999999996,0.0118
2019-03-19,87.69,88.59,87.29,88.22,NKE,6642156.0,6.083885352376644,6.083885352376644,88.22,87.69,88.59,87.29,6642156,84.47,83.96,84.82,83.58,6642156.0,-0.12999999999999545,-0.0015
2019-03-20,86.69,87.58,86.09,87.5,NKE,5991484.0,6.003102077745823,6.003102077745823,87.5,86.69,87.58,86.09,5991484,83.78,83.01,83.86,82.43,5991484.0,-1.0,-0.0114
2019-03-21,88.01,88.12,86.83,87.24,NKE,10386937.0,6.109736000258507,6.109736000258507,87.24,88.01,88.12,86.83,10386937,83.53,84.27,84.37,83.14,10386937.0,1.3200000000000074,0.0152
2019-03-22,82.19,85.9,82.15,85.2,NKE,21659776.0,5.639577341907131,5.639577341907131,85.2,82.19,85.9,82.15,21659776,81.58,78.7,82.25,78.66,21659776.0,-5.820000000000007,-0.0661
2019-03-25,82.33,83.22,80.89,81.48,NKE,15558297.0,5.650887000355446,5.650887000355446,81.48,82.33,83.22,80.89,15558297,78.02,78.83,79.68,77.45,15558297.0,0.14000000000000057,0.0017
2019-03-26,83.38,84.09,82.91,83.63,NKE,9611895.0,5.735709438717808,5.735709438717808,83.63,83.38,84.09,82.91,9611895,80.08,79.84,80.52,79.39,9611895.0,1.0499999999999972,0.0128
2019-03-27,83.09,83.8,82.04,83.69,NKE,6485079.0,5.71228228907487,5.71228228907487,83.69,83.09,83.8,82.04,6485079,80.13,79.56,80.24,78.55,6485079.0,-0.28999999999999204,-0.0035
2019-03-28,84.04,84.72,83.7,83.93,NKE,6032651.0,5.78902639997415,5.78902639997415,83.93,84.04,84.72,83.7,6032651,80.36,80.47,81.12,80.14,6032651.0,0.9500000000000028,0.0114
2019-03-29,84.21,84.85,83.86,84.6,NKE,6492022.0,5.802759556661388,5.802759556661388,84.6,84.21,84.85,83.86,6492022,81.0,80.63,81.24,80.3,6492022.0,0.1699999999999875,0.002
2019-04-01,85.23,85.32,84.7,85.04,NKE,6737429.0,5.885158496784826,5.885158496784826,85.04,85.23,85.32,84.7,6737429,81.43,81.61,81.69,81.1,6737429.0,1.0200000000000102,0.0121
2019-04-02,84.37,85.26,84.16,85.0,NKE,4433849.0,5.815684880602321,5.815684880602321,85.0,84.37,85.26,84.16,4433849,81.39,80.78,81.64,80.58,4433849.0,-0.8599999999999994,-0.0101
2019-04-03,84.47,84.99,84.25,84.9,NKE,4080926.0,5.823763208065402,5.823763208065402,84.9,84.47,84.99,84.25,4080926,81.29,80.88,81.38,80.67,4080926.0,0.09999999999999432,0.0012
2019-04-04,85.28,85.38,84.36,84.49,NKE,3660677.0,5.889197660516367,5.889197660516367,84.49,85.28,85.38,84.36,3660677,80.9,81.66,81.75,80.77,3660677.0,0.8100000000000023,0.0096
2019-04-05,85.4,86.16,85.05,86.0,NKE,7367351.0,5.898891653472066,5.898891653472066,86.0,85.4,86.16,85.05,7367351,82.34,81.77,82.5,81.44,7367351.0,0.12000000000000455,0.0014
2019-04-08,84.73,85.29,84.57,85.01,NKE,4705846.0,5.8447668594694155,5.8447668594694155,85.01,84.73,85.29,84.57,4705846,81.4,81.13,81.67,80.98,4705846.0,-0.6700000000000017,-0.0078
2019-04-09,84.28,84.6,83.97,84.22,NKE,3804527.0,5.808414385885547,5.808414385885547,84.22,84.28,84.6,83.97,3804527,80.64,80.7,81.0,80.4,3804527.0,-0.45000000000000284,-0.0053
2019-04-10,84.88,85.01,84.56,84.64,NKE,3918379.0,5.856884350664038,5.856884350664038,84.64,84.88,85.01,84.56,3918379,81.04,81.27,81.4,80.97,3918379.0,0.5999999999999943,0.0071
2019-04-11,85.0,85.05,84.28,84.9,NKE,3347649.0,5.866578343619737,5.866578343619737,84.9,85.0,85.05,84.28,3347649,81.29,81.39,81.44,80.7,3347649.0,0.12000000000000455,0.0014
2019-04-12,86.24,86.49,85.29,85.3,NKE,6037028.0,5.966749604161954,5.966749604161954,85.3,86.24,86.49,85.29,6037028,81.67,82.57,82.81,81.67,6037028.0,1.2399999999999949,0.0146
2019-04-15,86.83,87.24,86.44,86.89,NKE,5035211.0,6.0144117361941385,6.0144117361941385,86.89,86.83,87.24,86.44,5035211,83.2,83.14,83.53,82.77,5035211.0,0.5900000000000034,0.0068
2019-04-16,87.8,87.95,87.0,87.0,NKE,4652727.0,6.092771512586034,6.092771512586034,87.0,87.8,87.95,87.0,4652727,83.3,84.07,84.21,83.3,4652727.0,0.9699999999999989,0.0112
2019-04-17,88.73,88.97,87.45,87.95,NKE,5694880.0,6.167899957992698,6.167899957992698,87.95,88.73,88.97,87.45,5694880,84.21,84.96,85.19,83.73,5694880.0,0.9300000000000068,0.0106
2019-04-18,89.2,90.0,88.7,88.76,NKE,7016564.0,6.2058680970691835,6.2058680970691835,88.76,89.2,90.0,88.7,7016564,84.99,85.41,86.17,84.93,7016564.0,0.46999999999999886,0.0053
2019-04-22,87.36,88.64,87.3,88.35,NKE,5390519.0,6.057226871748473,6.057226871748473,88.35,87.36,88.64,87.3,5390519,84.6,83.65,84.87,83.59,5390519.0,-1.8400000000000034,-0.0206
2019-04-23,87.43,87.67,87.01,87.57,NKE,7513959.0,6.062881700972631,6.062881700972631,87.57,87.43,87.67,87.01,7513959,83.85,83.71,83.94,83.31,7513959.0,0.07000000000000739,0.0008
2019-04-24,88.39,88.82,87.43,87.67,NKE,8062966.0,6.140433644618218,6.140433644618218,87.67,88.39,88.82,87.43,8062966,83.94,84.63,85.05,83.71,8062966.0,0.9599999999999937,0.011
2019-04-25,87.56,88.54,87.49,88.4,NKE,7069867.0,6.073383526674638,6.073383526674638,88.4,87.56,88.54,87.49,7069867,84.64,83.84,84.78,83.77,7069867.0,-0.8299999999999983,-0.0094
2019-04-26,88.31,88.94,87.33,87.95,NKE,6219557.0,6.133970982647753,6.133970982647753,87.95,88.31,88.94,87.33,6219557,84.21,84.56,85.16,83.62,6219557.0,0.75,0.0086
2019-04-29,88.26,88.5,88.13,88.18,NKE,5008453.0,6.129931818916212,6.129931818916212,88.18,88.26,88.5,88.13,5008453,84.43,84.51,84.74,84.38,5008453.0,-0.04999999999999716,-0.0006
2019-04-30,87.83,88.4,87.26,88.29,NKE,7614083.0,6.095195010824959,6.095195010824959,88.29,87.83,88.4,87.26,7614083,84.54,84.1,84.64,83.55,7614083.0,-0.4300000000000068,-0.0049
2019-05-01,85.9,87.95,85.87,87.73,NKE,6524576.0,5.9392832907874755,5.9392832907874755,87.73,85.9,87.95,85.87,6524576,84.0,82.25,84.21,82.22,6524576.0,-1.9299999999999926,-0.022
2019-05-02,85.27,86.28,84.98,86.21,NKE,6813740.0,5.888389827770058,5.888389827770058,86.21,85.27,86.28,84.98,6813740,82.55,81.65,82.61,81.37,6813740.0,-0.6300000000000097,-0.0073
2019-05-03,85.7,86.3,85.69,85.9,NKE,6798283.0,5.923126635861312,5.923126635861312,85.9,85.7,86.3,85.69,6798283,82.25,82.06,82.63,82.05,6798283.0,0.4300000000000068,0.005
2019-05-06,83.57,83.87,82.86,83.77,NKE,12836646.0,5.751058260897663,5.751058260897663,83.77,83.57,83.87,82.86,12836646,80.21,80.02,80.31,79.34,12836646.0,-2.1300000000000097,-0.0249
2019-05-07,82.54,83.63,81.83,83.02,NKE,9811257.0,5.667851488027919,5.667851488027919,83.02,82.54,83.63,81.83,9811257,79.49,79.03,80.08,78.35,9811257.0,-1.029999999999987,-0.0123
2019-05-08,82.77,83.99,82.14,82.43,NKE,9501257.0,5.686431641193007,5.686431641193007,82.43,82.77,83.99,82.14,9501257,78.93,79.25,80.42,78.65,9501257.0,0.22999999999998977,0.0028
2019-05-09,82.98,83.01,81.54,82.21,NKE,6336567.0,5.70339612886548,5.70339612886548,82.21,82.98,83.01,81.54,6336567,78.72,79.45,79.48,78.07,6336567.0,0.21000000000000796,0.0025
2019-05-10,83.95,84.27,82.19,82.78,NKE,5450504.0,5.781755905257376,5.781755905257376,82.78,83.95,84.27,82.19,5450504,79.26,80.38,80.69,78.7,5450504.0,0.9699999999999989,0.0117
2019-05-13,82.53,82.63,81.32,81.65,NKE,6445267.0,5.667043655281611,5.667043655281611,81.65,82.53,82.63,81.32,6445267,78.18,79.02,79.12,77.86,6445267.0,-1.4200000000000017,-0.0169
2019-05-14,83.67,84.0,82.06,82.78,NKE,7529248.0,5.759136588360746,5.759136588360746,82.78,83.67,84.0,82.06,7529248,79.26,80.11,80.43,78.57,7529248.0,1.1400000000000006,0.0138
2019-05-15,84.01,84.49,82.94,83.17,NKE,4862202.0,5.786602901735225,5.786602901735225,83.17,84.01,84.49,82.94,4862202,79.64,80.44,80.9,79.42,4862202.0,0.3400000000000034,0.0041
2019-05-16,84.28,85.4,84.2,84.51,NKE,6745317.0,5.808414385885547,5.808414385885547,84.51,84.28,85.4,84.2,6745317,80.92,80.7,81.77,80.62,6745317.0,0.269999999999996,0.0032
2019-05-17,84.57,85.52,83.5,83.51,NKE,5068366.0,5.831841535528484,5.831841535528484,83.51,84.57,85.52,83.5,5068366,79.96,80.98,81.88,79.95,5068366.0,0.28999999999999204,0.0034
2019-05-20,82.85,83.8,82.73,83.8,NKE,7182345.0,5.692894303163473,5.692894303163473,83.8,82.85,83.8,82.73,7182345,80.24,79.33,80.24,79.22,7182345.0,-1.7199999999999989,-0.0203
2019-05-21,83.64,83.8,82.51,83.36,NKE,5762586.0,5.7567130901218215,5.7567130901218215,83.36,83.64,83.8,82.51,5762586,79.82,80.09,80.24,79.0,5762586.0,0.7900000000000063,0.0095
2019-05-22,83.2,83.34,82.76,82.99,NKE,5237761.0,5.721168449284261,5.721168449284261,82.99,83.2,83.34,82.76,5237761,79.46,79.66,79.8,79.24,5237761.0,-0.4399999999999977,-0.0053
2019-05-23,82.64,83.06,81.99,82.5,NKE,9704192.0,5.675929815491001,5.675929815491001,82.5,82.64,83.06,81.99,9704192,78.99,79.13,79.53,78.51,9704192.0,-0.5600000000000023,-0.0067
2019-05-24,82.16,83.17,82.09,82.2,NKE,5998980.0,5.637153843668207,5.637153843668207,82.2,82.16,83.17,82.09,5998980,78.71,78.67,79.64,78.6,5998980.0,-0.480000000000004,-0.0058
2019-05-28,81.2,83.19,81.13,82.85,NKE,7927485.0,5.55960190002262,5.55960190002262,82.85,81.2,83.19,81.13,7927485,79.33,77.75,79.65,77.68,7927485.0,-0.9599999999999937,-0.0117
2019-05-29,78.87,80.86,77.7,80.71,NKE,10116913.0,5.371376870132808,5.371376870132808,80.71,78.87,80.86,77.7,10116913,77.28,75.52,77.42,74.4,10116913.0,-2.3299999999999983,-0.0287
2019-05-30,79.26,79.73,78.61,78.92,NKE,6177832.0,5.402882347238828,5.402882347238828,78.92,79.26,79.73,78.61,6177832,75.57,75.89,76.34,75.27,6177832.0,0.39000000000000057,0.0049
2019-05-31,77.14,78.26,77.07,78.0,NKE,8891080.0,5.231621805021488,5.231621805021488,78.0,77.14,78.26,77.07,8891080,74.69,73.86,74.93,73.79,8891080.0,-2.1200000000000045,-0.0267
2019-06-03,77.96,78.58,77.08,77.24,NKE,11665482.0,5.297864090218761,5.297864090218761,77.24,77.96,78.58,77.08,11665482,73.96,74.65,75.24,73.8,11665482.0,0.8199999999999932,0.0106
2019-06-04,81.62,81.65,78.78,79.3,NKE,7526860.0,5.5935308753675645,5.5935308753675645,79.3,81.62,81.65,78.78,7526860,75.93,78.15,78.18,75.43,7526860.0,3.660000000000011,0.0469
2019-06-05,82.72,82.9,81.93,82.29,NKE,8173198.0,5.682392477461466,5.682392477461466,82.29,82.72,82.9,81.93,8173198,78.79,79.2,79.38,78.45,8173198.0,1.0999999999999943,0.0135
2019-06-06,82.45,83.06,82.08,82.72,NKE,4952974.0,5.660580993311145,5.660580993311145,82.72,82.45,83.06,82.08,4952974,79.2,78.95,79.53,78.59,4952974.0,-0.269999999999996,-0.0033
2019-06-07,83.41,83.68,82.81,83.09,NKE,3891114.0,5.738132936956732,5.738132936956732,83.09,83.41,83.68,82.81,3891114,79.56,79.87,80.12,79.29,3891114.0,0.9599999999999937,0.0116
2019-06-10,82.58,84.2,82.45,83.75,NKE,4419758.0,5.671082819013152,5.671082819013152,83.75,82.58,84.2,82.45,4419758,80.19,79.07,80.62,78.95,4419758.0,-0.8299999999999983,-0.01
2019-06-11,83.26,84.33,83.13,83.65,NKE,3939370.0,5.72601544576211,5.72601544576211,83.65,83.26,84.33,83.13,3939370,80.09,79.72,80.75,79.59,3939370.0,0.6800000000000068,0.0082
2019-06-12,82.63,84.02,82.52,83.48,NKE,4026188.0,5.675121982744693,5.675121982744693,83.48,82.63,84.02,82.52,4026188,79.93,79.12,80.45,79.01,4026188.0,-0.6300000000000097,-0.0076
2019-06-13,83.61,83.92,83.05,83.15,NKE,3383394.0,5.7542895918828965,5.7542895918828965,83.15,83.61,83.92,83.05,3383394,79.62,80.06,80.35,79.52,3383394.0,0.980000000000004,0.0119
2019-06-14,83.44,83.86,83.04,83.51,NKE,4355606.0,5.740556435195657,5.740556435195657,83.51,83.44,83.86,83.04,4355606,79.96,79.89,80.29,79.51,4355606.0,-0.1700000000000017,-0.002
2019-06-17,82.11,83.46,82.01,83.34,NKE,5101891.0,5.633114679936666,5.633114679936666,83.34,82.11,83.46,82.01,5101891,79.8,78.62,79.91,78.52,5101891.0,-1.3299999999999983,-0.0159
2019-06-18,84.3,84.64,82.5,82.7,NKE,6456476.0,5.810030051378162,5.810030051378162,82.7,84.3,84.64,82.5,6456476,79.19,80.72,81.05,78.99,6456476.0,2.1899999999999977,0.0267
2019-06-19,83.55,83.9,83.14,83.73,NKE,6217785.0,5.749442595405047,5.749442595405047,83.73,83.55,83.9,83.14,6217785,80.17,80.0,80.33,79.61,6217785.0,-0.75,-0.0089
2019-06-20,85.24,85.67,84.42,84.9,NKE,6163840.0,5.885966329531134,5.885966329531134,84.9,85.24,85.67,84.42,6163840,81.29,81.62,82.03,80.83,6163840.0,1.6899999999999977,0.0202
2019-06-21,85.75,85.75,84.6,85.16,NKE,9289833.0,5.927165799592853,5.927165799592853,85.16,85.75,85.75,84.6,9289833,81.54,82.11,82.11,81.0,9289833.0,0.5100000000000051,0.006
2019-06-24,84.5,86.85,84.36,86.0,NKE,8043728.0,5.826186706304327,5.826186706304327,86.0,84.5,86.85,84.36,8043728,82.34,80.91,83.16,80.78,8043728.0,-1.25,-0.0146
2019-06-25,82.62,84.69,82.16,84.6,NKE,7339868.0,5.674314149998385,5.674314149998385,84.6,82.62,84.69,82.16,7339868,81.0,79.11,81.09,78.67,7339868.0,-1.8799999999999955,-0.0222
2019-06-26,82.55,83.69,82.44,83.15,NKE,5838460.0,5.668659320774227,5.668659320774227,83.15,82.55,83.69,82.44,5838460,79.62,79.04,80.13,78.94,5838460.0,-0.07000000000000739,-0.0008
2019-06-27,83.66,83.77,82.93,82.93,NKE,11436707.0,5.758328755614437,5.758328755614437,82.93,83.66,83.77,82.93,11436707,79.41,80.1,80.21,79.41,11436707.0,1.1099999999999994,0.0134
2019-06-28,83.95,84.75,82.67,83.99,NKE,12443841.0,5.781755905257376,5.781755905257376,83.99,83.95,84.75,82.67,12443841,80.42,80.38,81.15,79.16,12443841.0,0.29000000000000625,0.0035
2019-07-01,85.41,86.28,84.9,84.93,NKE,6607555.0,5.899699486218373,5.899699486218373,84.93,85.41,86.28,84.9,6607555,81.32,81.78,82.61,81.29,6607555.0,1.4599999999999937,0.0174
2019-07-02,84.96,85.47,84.22,85.36,NKE,7189294.0,5.863347012634504,5.863347012634504,85.36,84.96,85.47,84.22,7189294,81.73,81.35,81.84,80.64,7189294.0,-0.45000000000000284,-0.0053
2019-07-03,86.2,86.29,85.12,85.33,NKE,4012837.0,5.963518273176722,5.963518273176722,85.33,86.2,86.29,85.12,4012837,81.7,82.54,82.62,81.5,4012837.0,1.240000000000009,0.0146
2019-07-05,86.82,86.91,85.42,85.8,NKE,6440908.0,6.01360390344783,6.01360390344783,85.8,86.82,86.91,85.42,6440908,82.15,83.13,83.22,81.79,6440908.0,0.6199999999999903,0.0072
2019-07-08,88.48,88.52,85.97,86.06,NKE,7051999.0,6.1477041393349925,6.1477041393349925,86.06,88.48,88.52,85.97,7051999,82.4,84.72,84.76,82.32,7051999.0,1.6600000000000108,0.0191
2019-07-09,88.04,88.8,87.82,88.1,NKE,6219722.0,6.112159498497432,6.112159498497432,88.1,88.04,88.8,87.82,6219722,84.36,84.3,85.03,84.09,6219722.0,-0.4399999999999977,-0.005
2019-07-10,87.44,88.94,87.39,88.48,NKE,5985455.0,6.0636895337189385,6.0636895337189385,88.48,87.44,88.94,87.39,5985455,84.72,83.72,85.16,83.68,5985455.0,-0.6000000000000085,-0.0068
2019-07-11,88.29,88.3,87.4,87.71,NKE,3942358.0,6.132355317155137,6.132355317155137,87.71,88.29,88.3,87.4,3942358,83.98,84.54,84.55,83.69,3942358.0,0.8500000000000085,0.0097
2019-07-12,89.12,89.31,88.01,88.18,NKE,4240956.0,6.1994054350987176,6.1994054350987176,88.18,89.12,89.31,88.01,4240956,84.43,85.33,85.51,84.27,4240956.0,0.8299999999999983,0.0094
2019-07-15,89.48,89.87,89.06,89.06,NKE,3751294.0,6.228487413965813,6.228487413965813,89.06,89.48,89.87,89.06,3751294,85.27,85.68,86.05,85.27,3751294.0,0.35999999999999943,0.004
2019-07-16,88.6,89.71,88.57,89.5,NKE,5812813.0,6.15739813229069,6.15739813229069,89.5,88.6,89.71,88.57,5812813,85.7,84.83,85.9,84.81,5812813.0,-0.8800000000000097,-0.0098
2019-07-17,87.5,88.69,87.44,88.42,NKE,4461701.0,6.068536530196789,6.068536530196789,88.42,87.5,88.69,87.44,4461701,84.66,83.78,84.92,83.72,4461701.0,-1.0999999999999943,-0.0124
2019-07-18,87.44,87.76,86.75,87.63,NKE,4609157.0,6.0636895337189385,6.0636895337189385,87.63,87.44,87.76,86.75,4609157,83.91,83.72,84.03,83.07,4609157.0,-0.060000000000002274,-0.0007
2019-07-19,86.55,87.88,86.48,87.73,NKE,6635634.0,5.991792419297509,5.991792419297509,87.73,86.55,87.88,86.48,6635634,84.0,82.87,84.15,82.8,6635634.0,-0.8900000000000006,-0.0102
2019-07-22,85.97,86.99,85.83,86.56,NKE,6810325.0,5.944938120011633,5.944938120011633,86.56,85.97,86.99,85.83,6810325,82.88,82.32,83.29,82.18,6810325.0,-0.5799999999999983,-0.0067
2019-07-23,86.7,87.1,86.23,86.64,NKE,5659933.0,6.003909910492132,6.003909910492132,86.64,86.7,87.1,86.23,5659933,82.96,83.02,83.4,82.57,5659933.0,0.730000000000004,0.0085
2019-07-24,86.7,87.21,86.31,86.65,NKE,6362911.0,6.003909910492132,6.003909910492132,86.65,86.7,87.21,86.31,6362911,82.97,83.02,83.5,82.64,6362911.0,0.0,0.0
2019-07-25,87.28,87.5,86.59,86.82,NKE,4546496.0,6.050764209778007,6.050764209778007,86.82,87.28,87.5,86.59,4546496,83.13,83.57,83.78,82.91,4546496.0,0.5799999999999983,0.0067
2019-07-26,87.54,87.84,86.77,87.44,NKE,3707249.0,6.071767861182021,6.071767861182021,87.44,87.54,87.84,86.77,3707249,83.72,83.82,84.11,83.08,3707249.0,0.2600000000000051,0.003
2019-07-29,87.62,87.87,87.18,87.65,NKE,4387337.0,6.078230523152487,6.078230523152487,87.65,87.62,87.87,87.18,4387337,83.92,83.9,84.14,83.47,4387337.0,0.0799999999999983,0.0009
2019-07-30,87.2,87.91,86.36,86.82,NKE,3562999.0,6.044301547807542,6.044301547807542,86.82,87.2,87.91,86.36,3562999,83.13,83.49,84.17,82.69,3562999.0,-0.4200000000000017,-0.0048
2019-07-31,86.03,87.27,85.55,87.09,NKE,5818168.0,5.949785116489482,5.949785116489482,87.09,86.03,87.27,85.55,5818168,83.39,82.37,83.56,81.91,5818168.0,-1.1700000000000017,-0.0134
2019-08-01,83.12,86.77,82.7,85.26,NKE,7871849.0,5.714705787313795,5.714705787313795,85.26,83.12,86.77,82.7,7871849,81.64,79.59,83.08,79.19,7871849.0,-2.9099999999999966,-0.0338
2019-08-02,81.14,83.24,80.79,82.53,NKE,8761409.0,5.5547549035447705,5.5547549035447705,82.53,81.14,83.24,80.79,8761409,79.02,77.69,79.7,77.36,8761409.0,-1.980000000000004,-0.0238
2019-08-05,78.97,80.05,78.19,79.66,NKE,8493272.0,5.37945519759589,5.37945519759589,79.66,78.97,80.05,78.19,8493272,76.27,75.61,76.65,74.86,8493272.0,-2.1700000000000017,-0.0267
2019-08-06,81.3,81.59,79.49,79.85,NKE,8664534.0,5.567680227485702,5.567680227485702,79.85,81.3,81.59,79.49,8664534,76.46,77.84,78.12,76.11,8664534.0,2.3299999999999983,0.0295
2019-08-07,81.28,81.82,80.09,80.5,NKE,6275010.0,5.566064561993085,5.566064561993085,80.5,81.28,81.82,80.09,6275010,77.08,77.83,78.34,76.69,6275010.0,-0.01999999999999602,-0.0002
2019-08-08,83.0,83.36,81.61,81.81,NKE,6208980.0,5.7050117943580965,5.7050117943580965,81.81,83.0,83.36,81.61,6208980,78.33,79.47,79.82,78.14,6208980.0,1.7199999999999989,0.0212
2019-08-09,81.98,83.43,81.32,83.14,NKE,5460193.0,5.62261285423466,5.62261285423466,83.14,81.98,83.43,81.32,5460193,79.61,78.5,79.88,77.86,5460193.0,-1.019999999999996,-0.0123
2019-08-12,81.65,83.58,80.85,81.17,NKE,3687149.0,5.595954373606489,5.595954373606489,81.17,81.65,83.58,80.85,3687149,77.72,78.18,80.03,77.41,3687149.0,-0.3299999999999983,-0.004
2019-08-13,83.32,84.15,80.85,81.17,NKE,6940602.0,5.7308624422399586,5.7308624422399586,81.17,83.32,84.15,80.85,6940602,77.72,79.78,80.57,77.41,6940602.0,1.6699999999999875,0.0205
2019-08-14,81.03,81.69,80.51,81.24,NKE,7266253.0,5.54586874333538,5.54586874333538,81.24,81.03,81.69,80.51,7266253,77.79,77.59,78.22,77.09,7266253.0,-2.289999999999992,-0.0275
2019-08-15,79.51,81.3,79.44,80.93,NKE,6713615.0,5.423078165896533,5.423078165896533,80.93,79.51,81.3,79.44,6713615,77.49,76.13,77.84,76.06,6713615.0,-1.519999999999996,-0.0188
2019-08-16,80.28,80.56,79.25,80.09,NKE,5648999.0,5.485281287362265,5.485281287362265,80.09,80.28,80.56,79.25,5648999,76.69,76.87,77.14,75.88,5648999.0,0.769999999999996,0.0097
2019-08-19,81.13,82.34,80.83,82.0,NKE,7027942.0,5.553947070798461,5.553947070798461,82.0,81.13,82.34,80.83,7027942,78.52,77.68,78.84,77.39,7027942.0,0.8499999999999943,0.0106
2019-08-20,80.53,81.23,79.45,80.72,NKE,5903126.0,5.50547710601997,5.50547710601997,80.72,80.53,81.23,79.45,5903126,77.29,77.11,77.78,76.07,5903126.0,-0.5999999999999943,-0.0074
2019-08-21,82.74,82.84,81.63,81.94,NKE,6454171.0,5.684008142954083,5.684008142954083,81.94,82.74,82.84,81.63,6454171,78.46,79.22,79.32,78.16,6454171.0,2.2099999999999937,0.0274
2019-08-22,83.31,83.72,82.5,83.0,NKE,5571618.0,5.730054609493651,5.730054609493651,83.0,83.31,83.72,82.5,5571618,79.47,79.77,80.16,78.99,5571618.0,0.5700000000000074,0.0069
2019-08-23,80.44,82.76,80.03,82.02,NKE,8499257.0,5.498206611303195,5.498206611303195,82.02,80.44,82.76,80.03,8499257,78.53,77.02,79.24,76.63,8499257.0,-2.8700000000000045,-0.0344
2019-08-26,82.25,82.28,80.74,81.44,NKE,4336049.0,5.644424338384981,5.644424338384981,81.44,82.25,82.28,80.74,4336049,77.98,78.75,78.78,77.31,4336049.0,1.8100000000000023,0.0225
2019-08-27,82.03,83.18,82.0,82.63,NKE,3842507.0,5.6266520179662,5.6266520179662,82.63,82.03,83.18,82.0,3842507,79.12,78.54,79.64,78.52,3842507.0,-0.21999999999999886,-0.0027
2019-08-28,83.48,83.59,81.72,81.9,NKE,4129761.0,5.7437877661808905,5.7437877661808905,81.9,83.48,83.59,81.72,4129761,78.42,79.93,80.04,78.25,4129761.0,1.4500000000000028,0.0177
2019-08-29,85.38,85.77,84.17,84.22,NKE,5102066.0,5.897275987979448,5.897275987979448,84.22,85.38,85.77,84.17,5102066,80.64,81.75,82.12,80.59,5102066.0,1.8999999999999915,0.0228
2019-08-30,84.5,85.99,84.41,85.7,NKE,5235369.0,5.826186706304327,5.826186706304327,85.7,84.5,85.99,84.41,5235369,82.27,81.12,82.55,81.03,5235369.0,-0.8799999999999955,-0.0103
2019-09-03,84.67,84.83,83.62,84.0,NKE,6360877.0,5.839919862991566,5.839919862991566,84.0,84.67,84.83,83.62,6360877,80.64,81.28,81.44,80.28,6360877.0,0.1700000000000017,0.002
2019-09-04,86.35,86.5,85.5,85.58,NKE,4166481.0,5.9756357643713445,5.9756357643713445,85.58,86.35,86.5,85.5,4166481,82.16,82.9,83.04,82.08,4166481.0,1.6799999999999926,0.0198
2019-09-05,88.42,88.62,87.28,87.28,NKE,6328520.0,6.142857142857143,6.142857142857143,87.28,88.42,88.62,87.28,6328520,83.79,84.88,85.07,83.79,6328520.0,2.0700000000000074,0.024
2019-09-06,88.69,88.98,88.02,88.4,NKE,3625337.0,6.164668627007464,6.164668627007464,88.4,88.69,88.98,88.02,3625337,84.86,85.14,85.42,84.5,3625337.0,0.269999999999996,0.0031
2019-09-09,88.67,89.35,88.42,88.94,NKE,4282442.0,6.163052961514849,6.163052961514849,88.94,88.67,89.35,88.42,4282442,85.38,85.12,85.78,84.88,4282442.0,-0.01999999999999602,-0.0002
2019-09-10,86.83,88.63,86.29,88.26,NKE,7072680.0,6.0144117361941385,6.0144117361941385,88.26,86.83,88.63,86.29,7072680,84.73,83.36,85.08,82.84,7072680.0,-1.8400000000000034,-0.0208
2019-09-11,86.75,87.25,85.87,86.96,NKE,4623276.0,6.0079490742236725,6.0079490742236725,86.96,86.75,87.25,85.87,4623276,83.48,83.28,83.76,82.44,4623276.0,-0.0799999999999983,-0.0009
2019-09-12,87.67,88.07,86.22,87.1,NKE,4057450.0,6.082269686884028,6.082269686884028,87.1,87.67,88.07,86.22,4057450,83.62,84.16,84.55,82.77,4057450.0,0.9200000000000017,0.0106
2019-09-13,87.32,88.79,87.3,88.25,NKE,5894673.0,6.05399554076324,6.05399554076324,88.25,87.32,88.79,87.3,5894673,84.72,83.83,85.24,83.81,5894673.0,-0.3500000000000085,-0.004
2019-09-16,87.27,87.82,86.67,87.09,NKE,4171743.0,6.049956377031699,6.049956377031699,87.09,87.27,87.82,86.67,4171743,83.61,83.78,84.31,83.2,4171743.0,-0.04999999999999716,-0.0006
2019-09-17,87.59,87.64,86.47,86.77,NKE,3269921.0,6.075807024913562,6.075807024913562,86.77,87.59,87.64,86.47,3269921,83.3,84.09,84.13,83.01,3269921.0,0.3200000000000074,0.0037
2019-09-18,88.08,88.4,87.21,87.65,NKE,4745365.0,6.1153908294826635,6.1153908294826635,87.65,88.08,88.4,87.21,4745365,84.14,84.56,84.86,83.72,4745365.0,0.4899999999999949,0.0056
2019-09-19,87.7,88.72,87.5,88.4,NKE,4235531.0,6.084693185122952,6.084693185122952,88.4,87.7,88.72,87.5,4235531,84.86,84.19,85.17,84.0,4235531.0,-0.37999999999999545,-0.0043
2019-09-20,86.68,88.48,86.67,88.0,NKE,7032347.0,6.002294244999516,6.002294244999516,88.0,86.68,88.48,86.67,7032347,84.48,83.21,84.95,83.2,7032347.0,-1.019999999999996,-0.0116
2019-09-23,87.69,88.02,86.8,86.98,NKE,4871541.0,6.083885352376644,6.083885352376644,86.98,87.69,88.02,86.8,4871541,83.5,84.18,84.5,83.32,4871541.0,1.009999999999991,0.0117
2019-09-24,87.18,88.69,86.76,88.45,NKE,11247826.0,6.0426858823149265,6.0426858823149265,88.45,87.18,88.69,86.76,11247826,84.91,83.69,85.14,83.29,11247826.0,-0.5099999999999909,-0.0058
2019-09-25,90.81,92.79,90.15,91.78,NKE,25406829.0,6.335929169224804,6.335929169224804,91.78,90.81,92.79,90.15,25406829,88.11,87.18,89.08,86.54,25406829.0,3.6299999999999955,0.0416
2019-09-26,92.17,92.45,90.25,91.62,NKE,10539855.0,6.44579442272272,6.44579442272272,91.62,92.17,92.45,90.25,10539855,87.96,88.48,88.75,86.64,10539855.0,1.3599999999999994,0.015
2019-09-27,92.31,92.86,91.6,91.85,NKE,6424104.0,6.4571040811710345,6.4571040811710345,91.85,92.31,92.86,91.6,6424104,88.18,88.62,89.15,87.94,6424104.0,0.14000000000000057,0.0015
2019-09-30,93.92,94.08,92.5,92.53,NKE,7659423.0,6.587165153326655,6.587165153326655,92.53,93.92,94.08,92.5,7659423,88.83,90.16,90.32,88.8,7659423.0,1.6099999999999994,0.0174
2019-10-01,92.28,94.75,92.06,94.13,NKE,8504893.0,6.45468058293211,6.45468058293211,94.13,92.28,94.75,92.06,8504893,90.36,88.59,90.96,88.38,8504893.0,-1.6400000000000006,-0.0175
2019-10-02,91.49,91.84,90.57,91.47,NKE,6974361.0,6.390861795973762,6.390861795973762,91.47,91.49,91.84,90.57,6974361,87.81,87.83,88.17,86.95,6974361.0,-0.7900000000000063,-0.0086
2019-10-03,92.22,92.32,90.35,91.31,NKE,5934889.0,6.44983358645426,6.44983358645426,91.31,92.22,92.32,90.35,5934889,87.66,88.53,88.63,86.74,5934889.0,0.730000000000004,0.008
2019-10-04,93.07,93.17,91.93,92.22,NKE,4580028.0,6.518499369890457,6.518499369890457,92.22,93.07,93.17,91.93,4580028,88.53,89.35,89.44,88.25,4580028.0,0.8499999999999943,0.0092
2019-10-07,93.17,93.92,92.4,92.5,NKE,4987534.0,6.52657769735354,6.52657769735354,92.5,93.17,93.92,92.4,4987534,88.8,89.44,90.16,88.7,4987534.0,0.10000000000000853,0.0011
2019-10-08,91.75,92.71,90.41,90.45,NKE,7299682.0,6.411865447377775,6.411865447377775,90.45,91.75,92.71,90.41,7299682,86.83,88.08,89.0,86.79,7299682.0,-1.4200000000000017,-0.0152
2019-10-09,92.52,93.05,91.82,92.41,NKE,5136966.0,6.4740685688435065,6.4740685688435065,92.41,92.52,93.05,91.82,5136966,88.71,88.82,89.32,88.15,5136966.0,0.769999999999996,0.0084
2019-10-10,93.0,93.5,92.72,93.5,NKE,5870707.0,6.5128445406663005,6.5128445406663005,93.5,93.0,93.5,92.72,5870707,89.76,89.28,89.76,89.01,5870707.0,0.480000000000004,0.0052
2019-10-11,93.88,94.57,93.56,94.0,NKE,6254127.0,6.5839338223414225,6.5839338223414225,94.0,93.88,94.57,93.56,6254127,90.24,90.12,90.79,89.82,6254127.0,0.8799999999999955,0.0095
2019-10-14,94.88,95.25,94.05,94.2,NKE,4713929.0,6.664717096972242,6.664717096972242,94.2,94.88,95.25,94.05,4713929,90.43,91.08,91.44,90.29,4713929.0,1.0,0.0107
2019-10-15,94.79,95.18,94.12,95.0,NKE,4301375.0,6.65744660225547,6.65744660225547,95.0,94.79,95.18,94.12,4301375,91.2,91.0,91.37,90.36,4301375.0,-0.0899999999999892,-0.0009
2019-10-16,94.88,95.14,94.07,94.09,NKE,4885561.0,6.664717096972242,6.664717096972242,94.09,94.88,95.14,94.07,4885561,90.33,91.08,91.33,90.31,4885561.0,0.0899999999999892,0.0009
2019-10-17,95.56,95.89,94.97,95.56,NKE,3447921.0,6.719649723721201,6.719649723721201,95.56,95.56,95.89,94.97,3447921,91.74,91.74,92.05,91.17,3447921.0,0.6800000000000068,0.0072
2019-10-18,96.1,96.45,94.8,94.81,NKE,6209222.0,6.763272692021843,6.763272692021843,94.81,96.1,96.45,94.8,6209222,91.02,92.26,92.6,91.01,6209222.0,0.539999999999992,0.0057
2019-10-21,96.22,96.87,95.42,96.61,NKE,5368220.0,6.7729666849775425,6.7729666849775425,96.61,96.22,96.87,95.42,5368220,92.75,92.37,93.0,91.6,5368220.0,0.12000000000000455,0.0012
2019-10-22,95.6,96.83,95.52,96.06,NKE,5492396.0,6.722881054706433,6.722881054706433,96.06,95.6,96.83,95.52,5492396,92.22,91.78,92.96,91.7,5492396.0,-0.6200000000000045,-0.0064
2019-10-23,92.32,95.54,92.12,95.03,NKE,11985174.0,6.457911913917342,6.457911913917342,95.03,92.32,95.54,92.12,11985174,91.23,88.63,91.72,88.44,11985174.0,-3.280000000000001,-0.0343
2019-10-24,91.5,92.87,90.99,92.68,NKE,12134859.0,6.39166962872007,6.39166962872007,92.68,91.5,92.87,90.99,12134859,88.97,87.84,89.16,87.35,12134859.0,-0.8199999999999932,-0.0089
2019-10-25,90.92,91.83,90.75,91.44,NKE,8147156.0,6.344815329434194,6.344815329434194,91.44,90.92,91.83,90.75,8147156,87.78,87.28,88.16,87.12,8147156.0,-0.5799999999999983,-0.0063
2019-10-28,90.85,91.3,90.17,91.06,NKE,10304696.0,6.339160500210036,6.339160500210036,91.06,90.85,91.3,90.17,10304696,87.42,87.22,87.65,86.56,10304696.0,-0.07000000000000739,-0.0008
2019-10-29,89.28,90.92,89.13,90.85,NKE,9044652.0,6.212330759039649,6.212330759039649,90.85,89.28,90.92,89.13,9044652,87.22,85.71,87.28,85.56,9044652.0,-1.5699999999999932,-0.0173
2019-10-30,90.19,90.27,89.35,89.45,NKE,8127544.0,6.285843538953695,6.285843538953695,89.45,90.19,90.27,89.35,8127544,85.87,86.58,86.66,85.78,8127544.0,0.9099999999999966,0.0102
2019-10-31,89.55,90.41,88.94,90.0,NKE,6752001.0,6.23414224318997,6.23414224318997,90.0,89.55,90.41,88.94,6752001,86.4,85.97,86.79,85.38,6752001.0,-0.6400000000000006,-0.0071
2019-11-01,89.18,90.53,89.0,90.18,NKE,5263599.0,6.204252431576567,6.204252431576567,90.18,89.18,90.53,89.0,5263599,86.57,85.61,86.91,85.44,5263599.0,-0.36999999999999034,-0.0041
2019-11-04,89.86,90.56,89.32,90.13,NKE,8161181.0,6.259185058325524,6.259185058325524,90.13,89.86,90.56,89.32,8161181,86.52,86.27,86.94,85.75,8161181.0,0.6799999999999926,0.0076
2019-11-05,89.88,90.33,89.54,90.15,NKE,5589669.0,6.26080072381814,6.26080072381814,90.15,89.88,90.33,89.54,5589669,86.54,86.28,86.72,85.96,5589669.0,0.01999999999999602,0.0002
2019-11-06,89.48,90.72,88.74,90.64,NKE,7033830.0,6.228487413965813,6.228487413965813,90.64,89.48,90.72,88.74,7033830,87.01,85.9,87.09,85.19,7033830.0,-0.3999999999999915,-0.0045
2019-11-07,90.4,90.6,89.77,90.47,NKE,7110290.0,6.302808026626168,6.302808026626168,90.47,90.4,90.6,89.77,7110290,86.85,86.78,86.98,86.18,7110290.0,0.9200000000000017,0.0103
2019-11-08,89.81,90.35,89.29,90.28,NKE,4555402.0,6.2551458945939835,6.2551458945939835,90.28,89.81,90.35,89.29,4555402,86.67,86.22,86.74,85.72,4555402.0,-0.5900000000000034,-0.0065
2019-11-11,90.05,90.1,89.37,89.37,NKE,3247447.0,6.27453388050538,6.27453388050538,89.37,90.05,90.1,89.37,3247447,85.8,86.45,86.5,85.8,3247447.0,0.23999999999999488,0.0027
2019-11-12,89.5,92.03,89.49,90.31,NKE,3982543.0,6.230103079458429,6.230103079458429,90.31,89.5,92.03,89.49,3982543,86.7,85.92,88.35,85.91,3982543.0,-0.5499999999999972,-0.0061
2019-11-13,91.29,91.55,89.57,89.73,NKE,5955836.0,6.374705141047598,6.374705141047598,89.73,91.29,91.55,89.57,5955836,86.14,87.64,87.89,85.99,5955836.0,1.7900000000000063,0.02
2019-11-14,91.27,91.96,90.72,91.49,NKE,6035607.0,6.3730894755549805,6.3730894755549805,91.49,91.27,91.96,90.72,6035607,87.83,87.62,88.28,87.09,6035607.0,-0.020000000000010232,-0.0002
2019-11-15,93.04,93.56,91.96,92.14,NKE,6785736.0,6.516075871651534,6.516075871651534,92.14,93.04,93.56,91.96,6785736,88.45,89.32,89.82,88.28,6785736.0,1.7700000000000102,0.0194
2019-11-18,94.18,94.26,92.91,93.5,NKE,6165745.0,6.608168804730669,6.608168804730669,93.5,94.18,94.26,92.91,6165745,89.76,90.41,90.49,89.19,6165745.0,1.1400000000000006,0.0123
2019-11-19,93.61,95.12,93.06,94.61,NKE,5382247.0,6.562122338191101,6.562122338191101,94.61,93.61,95.12,93.06,5382247,90.83,89.87,91.32,89.34,5382247.0,-0.5700000000000074,-0.0061
2019-11-20,93.05,94.4,92.77,94.11,NKE,6235624.0,6.516883704397841,6.516883704397841,94.11,93.05,94.4,92.77,6235624,90.35,89.33,90.62,89.06,6235624.0,-0.5600000000000023,-0.006
2019-11-21,92.16,93.3,92.07,92.62,NKE,5493063.0,6.444986589976411,6.444986589976411,92.62,92.16,93.3,92.07,5493063,88.92,88.47,89.57,88.39,5493063.0,-0.8900000000000006,-0.0096
2019-11-22,93.34,93.35,91.93,92.21,NKE,4264394.0,6.54031085404078,6.54031085404078,92.21,93.34,93.35,91.93,4264394,88.52,89.61,89.62,88.25,4264394.0,1.1800000000000068,0.0128
2019-11-25,92.9,93.97,92.74,93.78,NKE,5419903.0,6.504766213203219,6.504766213203219,93.78,92.9,93.97,92.74,5419903,90.03,89.18,90.21,89.03,5419903.0,-0.4399999999999977,-0.0047
2019-11-26,93.33,93.63,93.02,93.38,NKE,5908540.0,6.539503021294471,6.539503021294471,93.38,93.33,93.63,93.02,5908540,89.64,89.6,89.88,89.3,5908540.0,0.4299999999999926,0.0046
2019-11-27,94.14,94.38,93.5,93.5,NKE,4017613.0,6.604937473745436,6.604937473745436,93.5,94.14,94.38,93.5,4017613,89.76,90.37,90.6,89.76,4017613.0,0.8100000000000023,0.0087
2019-11-29,93.49,94.61,93.39,94.37,NKE,2541808.0,6.552428345235402,6.552428345235402,94.37,93.49,94.61,93.39,2541808,90.6,89.75,90.83,89.65,2541808.0,-0.6500000000000057,-0.0069
2019-12-02,93.56,94.28,92.98,94.09,NKE,3893216.0,6.5580831744595605,6.5580831744595605,94.09,93.56,94.28,92.98,3893216,90.33,89.82,90.51,89.26,3893216.0,0.07000000000000739,0.0007
2019-12-03,92.46,92.55,91.31,92.48,NKE,5995990.0,6.469221572365657,6.469221572365657,92.48,92.46,92.55,91.31,5995990,88.78,88.76,88.84,87.66,5995990.0,-1.1000000000000085,-0.0118
2019-12-04,93.72,93.79,92.73,92.81,NKE,4456371.0,6.5710084984004915,6.5710084984004915,92.81,93.72,93.79,92.73,4456371,89.1,89.97,90.04,89.02,4456371.0,1.2600000000000051,0.0136
2019-12-05,95.79,95.95,94.68,95.88,NKE,6946016.0,6.73822987688629,6.73822987688629,95.88,95.79,95.95,94.68,6946016,92.04,91.96,92.11,90.89,6946016.0,2.0700000000000074,0.0221
2019-12-06,97.0,97.31,96.38,96.56,NKE,6369262.0,6.835977639189582,6.835977639189582,96.56,97.0,97.31,96.38,6369262,92.7,93.12,93.42,92.52,6369262.0,1.2099999999999937,0.0126
2019-12-09,96.63,97.63,96.16,97.02,NKE,6579399.0,6.806087827576178,6.806087827576178,97.02,96.63,97.63,96.16,6579399,93.14,92.76,93.72,92.31,6579399.0,-0.37000000000000455,-0.0038
2019-12-10,97.01,97.59,96.63,96.76,NKE,4234325.0,6.836785471935891,6.836785471935891,96.76,97.01,97.59,96.63,4234325,92.89,93.13,93.69,92.76,4234325.0,0.38000000000000966,0.0039
2019-12-11,97.18,97.32,96.65,96.9,NKE,4319849.0,6.8505186286231305,6.8505186286231305,96.9,97.18,97.32,96.65,4319849,93.02,93.29,93.43,92.78,4319849.0,0.1700000000000017,0.0018
2019-12-12,97.72,98.18,96.9,97.32,NKE,4763208.0,6.894141596923773,6.894141596923773,97.32,97.72,98.18,96.9,4763208,93.43,93.81,94.25,93.02,4763208.0,0.539999999999992,0.0056
2019-12-13,97.77,98.29,96.91,97.43,NKE,5248136.0,6.898180760655314,6.898180760655314,97.43,97.77,98.29,96.91,5248136,93.53,93.86,94.36,93.03,5248136.0,0.04999999999999716,0.0005
2019-12-16,98.81,99.34,98.06,98.14,NKE,8214040.0,6.982195366271368,6.982195366271368,98.14,98.81,99.34,98.06,8214040,94.21,94.86,95.37,94.14,8214040.0,1.0400000000000063,0.0106
2019-12-17,99.65,100.17,99.05,99.38,NKE,7054362.0,7.050053316961257,7.050053316961257,99.38,99.65,100.17,99.05,7054362,95.4,95.66,96.16,95.09,7054362.0,0.8400000000000034,0.0085
2019-12-18,100.57,100.79,99.58,100.19,NKE,7340058.0,7.124373929621611,7.124373929621611,100.19,100.57,100.79,99.58,7340058,96.19,96.55,96.76,95.6,7340058.0,0.9199999999999875,0.0092
2019-12-19,101.15,101.27,99.63,100.5,NKE,12370928.0,7.171228228907488,7.171228228907488,100.5,101.15,101.27,99.63,12370928,96.48,97.1,97.22,95.64,12370928.0,0.5800000000000125,0.0058
2019-12-20,99.96,101.4,98.85,101.0,NKE,17646646.0,7.07509613209681,7.07509613209681,101.0,99.96,101.4,98.85,17646646,96.96,95.96,97.34,94.9,17646646.0,-1.190000000000012,-0.0118
2019-12-23,100.04,100.69,99.55,100.23,NKE,6351639.0,7.081558794067277,7.081558794067277,100.23,100.04,100.69,99.55,6351639,96.22,96.04,96.66,95.57,6351639.0,0.0800000000000125,0.0008
2019-12-24,100.14,100.66,99.76,99.83,NKE,3328094.0,7.089637121530359,7.089637121530359,99.83,100.14,100.66,99.76,3328094,95.84,96.13,96.63,95.77,3328094.0,0.09999999999999432,0.001
2019-12-26,100.71,100.75,100.11,100.34,NKE,3710616.0,7.135683588069925,7.135683588069925,100.34,100.71,100.75,100.11,3710616,96.33,96.68,96.72,96.11,3710616.0,0.5699999999999932,0.0057
2019-12-27,101.57,101.79,100.99,101.0,NKE,5307896.0,7.205157204252431,7.205157204252431,101.0,101.57,101.79,100.99,5307896,96.96,97.51,97.72,96.95,5307896.0,0.8599999999999994,0.0085
2019-12-30,100.8,101.61,100.46,101.54,NKE,3496131.0,7.1429540827867,7.1429540827867,101.54,100.8,101.61,100.46,3496131,97.48,96.77,97.55,96.44,3496131.0,-0.769999999999996,-0.0076
2019-12-31,101.31,101.39,100.51,100.58,NKE,3213979.0,7.184153552848419,7.184153552848419,100.58,101.31,101.39,100.51,3213979,96.56,97.26,97.33,96.49,3213979.0,0.5100000000000051,0.0051
2020-01-02,102.2,102.21,101.02,101.36,NKE,5644162.0,7.256050667269848,7.256050667269848,101.36,102.2,102.21,101.02,5644162,97.31,98.11,98.12,96.97,5644162.0,0.8900000000000006,0.0088
2020-01-03,101.92,102.0,100.31,100.59,NKE,4542003.0,7.233431350373219,7.233431350373219,100.59,101.92,102.0,100.31,4542003,96.57,97.84,97.92,96.3,4542003.0,-0.28000000000000114,-0.0027
2020-01-06,101.83,101.84,100.87,100.95,NKE,4612752.0,7.2261608556564445,7.2261608556564445,100.95,101.83,101.84,100.87,4612752,96.91,97.76,97.77,96.83,4612752.0,-0.09000000000000341,-0.0009
2020-01-07,101.78,102.74,100.81,101.81,NKE,6818719.0,7.2221216919249045,7.2221216919249045,101.81,101.78,102.74,100.81,6818719,97.74,97.71,98.63,96.78,6818719.0,-0.04999999999999716,-0.0005
2020-01-08,101.55,102.14,100.85,101.31,NKE,4942205.0,7.203541538759815,7.203541538759815,101.31,101.55,102.14,100.85,4942205,97.26,97.49,98.05,96.82,4942205.0,-0.23000000000000398,-0.0023
2020-01-09,101.48,102.41,101.39,101.94,NKE,5007639.0,7.197886709535658,7.197886709535658,101.94,101.48,102.41,101.39,5007639,97.86,97.42,98.31,97.33,5007639.0,-0.06999999999999318,-0.0007
2020-01-10,100.9,101.93,100.76,101.89,NKE,5135459.0,7.151032410249782,7.151032410249782,101.89,100.9,101.93,100.76,5135459,97.81,96.86,97.85,96.73,5135459.0,-0.5799999999999983,-0.0057
2020-01-13,102.16,102.34,100.82,101.0,NKE,6722718.0,7.252819336284616,7.252819336284616,101.0,102.16,102.34,100.82,6722718,96.96,98.07,98.25,96.79,6722718.0,1.259999999999991,0.0125
2020-01-14,102.92,103.89,102.35,102.45,NKE,5088633.0,7.314214625004039,7.314214625004039,102.45,102.92,103.89,102.35,5088633,98.35,98.8,99.73,98.26,5088633.0,0.7600000000000051,0.0074
2020-01-15,102.79,103.7,102.47,103.25,NKE,4209191.0,7.303712799302033,7.303712799302033,103.25,102.79,103.7,102.47,4209191,99.12,98.68,99.55,98.38,4209191.0,-0.12999999999999545,-0.0013
2020-01-16,103.37,103.57,102.85,102.88,NKE,6571710.0,7.350567098587909,7.350567098587909,102.88,103.37,103.57,102.85,6571710,98.76,99.24,99.43,98.74,6571710.0,0.5799999999999983,0.0056
2020-01-17,104.53,104.55,103.34,103.43,NKE,6271369.0,7.44427569715966,7.44427569715966,103.43,104.53,104.55,103.34,6271369,99.29,100.35,100.37,99.21,6271369.0,1.1599999999999966,0.0112
2020-01-21,104.58,104.69,103.81,104.25,NKE,4854693.0,7.448314860891201,7.448314860891201,104.25,104.58,104.69,103.81,4854693,100.08,100.4,100.5,99.66,4854693.0,0.04999999999999716,0.0005
2020-01-22,104.49,105.62,104.42,105.0,NKE,5031401.0,7.4410443661744265,7.4410443661744265,105.0,104.49,105.62,104.42,5031401,100.8,100.31,101.4,100.24,5031401.0,-0.09000000000000341,-0.0009
2020-01-23,103.02,104.37,102.62,104.03,NKE,7102868.0,7.322292952467121,7.322292952467121,104.03,103.02,104.37,102.62,7102868,99.87,98.9,100.2,98.52,7102868.0,-1.4699999999999989,-0.0141
2020-01-24,102.03,103.89,101.66,103.59,NKE,3839278.0,7.242317510582609,7.242317510582609,103.59,102.03,103.89,101.66,3839278,99.45,97.95,99.73,97.59,3839278.0,-0.9899999999999949,-0.0096
2020-01-27,100.24,100.71,98.01,98.21,NKE,9841427.0,7.09771544899344,7.09771544899344,98.21,100.24,100.71,98.01,9841427,94.28,96.23,96.68,94.09,9841427.0,-1.7900000000000063,-0.0175
2020-01-28,100.41,101.05,99.52,100.34,NKE,5673193.0,7.11144860568068,7.11144860568068,100.34,100.41,101.05,99.52,5673193,96.33,96.39,97.01,95.54,5673193.0,0.1700000000000017,0.0017
2020-01-29,99.84,101.3,99.17,101.07,NKE,4504110.0,7.065402139141113,7.065402139141113,101.07,99.84,101.3,99.17,4504110,97.03,95.85,97.25,95.2,4504110.0,-0.5699999999999932,-0.0057
2020-01-30,98.19,99.75,97.37,99.02,NKE,7065065.0,6.932109736000259,6.932109736000259,99.02,98.19,99.75,97.37,7065065,95.06,94.26,95.76,93.48,7065065.0,-1.6500000000000057,-0.0165
2020-01-31,96.3,98.45,95.92,98.11,NKE,8780345.0,6.779429346948008,6.779429346948008,98.11,96.3,98.45,95.92,8780345,94.19,92.45,94.51,92.08,8780345.0,-1.8900000000000006,-0.0192
2020-02-03,99.27,100.92,98.57,99.0,NKE,9727690.0,7.019355672601544,7.019355672601544,99.0,99.27,100.92,98.57,9727690,95.04,95.3,96.88,94.63,9727690.0,2.969999999999999,0.0308
2020-02-04,101.38,102.78,101.26,101.91,NKE,6559561.0,7.1898083820725756,7.1898083820725756,101.91,101.38,102.78,101.26,6559561,97.83,97.32,98.67,97.21,6559561.0,2.1099999999999994,0.0213
2020-02-05,100.54,101.97,99.53,101.76,NKE,6108309.0,7.121950431382687,7.121950431382687,101.76,100.54,101.97,99.53,6108309,97.69,96.52,97.89,95.55,6108309.0,-0.8399999999999892,-0.0083
2020-02-06,100.27,101.53,100.16,100.9,NKE,5641823.0,7.100138947232365,7.100138947232365,100.9,100.27,101.53,100.16,5641823,96.86,96.26,97.47,96.15,5641823.0,-0.27000000000001023,-0.0027
2020-02-07,99.44,100.4,98.97,99.81,NKE,4122035.0,7.033088829288784,7.033088829288784,99.81,99.44,100.4,98.97,4122035,95.82,95.46,96.38,95.01,4122035.0,-0.8299999999999983,-0.0083
2020-02-10,100.02,100.51,99.0,99.22,NKE,4213929.0,7.0799431285746595,7.0799431285746595,99.22,100.02,100.51,99.0,4213929,95.25,96.02,96.49,95.04,4213929.0,0.5799999999999983,0.0058
2020-02-11,100.02,100.35,99.44,100.07,NKE,4871893.0,7.0799431285746595,7.0799431285746595,100.07,100.02,100.35,99.44,4871893,96.07,96.02,96.34,95.46,4871893.0,0.0,0.0
2020-02-12,103.0,103.08,100.44,100.74,NKE,8075612.0,7.3206772869745045,7.3206772869745045,100.74,103.0,103.08,100.44,8075612,96.71,98.88,98.96,96.42,8075612.0,2.980000000000004,0.0298
2020-02-13,103.37,103.74,101.68,102.51,NKE,5386913.0,7.350567098587909,7.350567098587909,102.51,103.37,103.74,101.68,5386913,98.41,99.24,99.59,97.61,5386913.0,0.37000000000000455,0.0036
2020-02-14,103.54,103.89,102.44,103.53,NKE,4305480.0,7.364300255275149,7.364300255275149,103.53,103.54,103.89,102.44,4305480,99.39,99.4,99.73,98.35,4305480.0,0.1700000000000017,0.0016
2020-02-18,102.0,103.38,101.61,103.0,NKE,4916709.0,7.239894012343685,7.239894012343685,103.0,102.0,103.38,101.61,4916709,98.88,97.92,99.24,97.55,4916709.0,-1.5400000000000063,-0.0149
2020-02-19,102.46,103.39,102.43,102.66,NKE,6200501.0,7.277054318673861,7.277054318673861,102.66,102.46,103.39,102.43,6200501,98.55,98.36,99.25,98.33,6200501.0,0.45999999999999375,0.0045
2020-02-20,102.53,102.63,100.55,102.46,NKE,6427606.0,7.28270914789802,7.28270914789802,102.46,102.53,102.63,100.55,6427606,98.36,98.43,98.52,96.53,6427606.0,0.07000000000000739,0.0007
2020-02-21,100.25,102.08,99.63,102.0,NKE,5750854.0,7.098523281739749,7.098523281739749,102.0,100.25,102.08,99.63,5750854,97.92,96.24,98.0,95.64,5750854.0,-2.280000000000001,-0.0222
2020-02-24,95.91,97.07,95.25,95.54,NKE,8364218.0,6.747923869841988,6.747923869841988,95.54,95.91,97.07,95.25,8364218,91.72,92.07,93.19,91.44,8364218.0,-4.340000000000003,-0.0433
2020-02-25,92.9,96.76,92.62,96.35,NKE,9602121.0,6.504766213203219,6.504766213203219,96.35,92.9,96.76,92.62,9602121,92.5,89.18,92.89,88.92,9602121.0,-3.009999999999991,-0.0314
2020-02-26,92.0,94.65,91.99,93.08,NKE,9308916.0,6.43206126603548,6.43206126603548,93.08,92.0,94.65,91.99,9308916,89.36,88.32,90.86,88.31,9308916.0,-0.9000000000000057,-0.0097
2020-02-27,88.55,93.06,88.5,90.0,NKE,12825658.0,6.153358968559149,6.153358968559149,90.0,88.55,93.06,88.5,12825658,86.4,85.01,89.34,84.96,12825658.0,-3.450000000000003,-0.0375
2020-02-28,89.38,89.47,85.15,86.03,NKE,16565661.0,6.22040908650273,6.22040908650273,86.03,89.38,89.47,85.15,16565661,82.82,86.05,86.13,81.97,16565661.0,0.8299999999999983,0.0094
2020-03-02,92.68,93.14,87.91,89.6,NKE,14102048.0,6.486993892784438,6.486993892784438,89.6,92.68,93.14,87.91,14102048,86.26,89.22,89.67,84.63,14102048.0,3.3000000000000114,0.0369
2020-03-03,90.93,94.98,90.57,92.74,NKE,14767611.0,6.345623162180503,6.345623162180503,92.74,90.93,94.98,90.57,14767611,89.28,87.54,91.44,87.19,14767611.0,-1.75,-0.0189
2020-03-04,93.79,93.82,90.84,92.08,NKE,6904443.0,6.576663327624649,6.576663327624649,92.08,93.79,93.82,90.84,6904443,88.65,90.29,90.32,87.45,6904443.0,2.8599999999999994,0.0315
2020-03-05,90.58,91.68,89.94,91.26,NKE,8851096.0,6.3173490160597146,6.3173490160597146,91.26,90.58,91.68,89.94,8851096,87.86,87.2,88.26,86.59,8851096.0,-3.210000000000008,-0.0342
2020-03-06,88.36,89.39,85.88,88.36,NKE,12336707.0,6.138010146379294,6.138010146379294,88.36,88.36,89.39,85.88,12336707,85.06,85.06,86.06,82.68,12336707.0,-2.219999999999999,-0.0245
2020-03-09,84.11,86.74,80.92,81.89,NKE,13272738.0,5.794681229198307,5.794681229198307,81.89,84.11,86.74,80.92,13272738,78.84,80.97,83.5,77.9,13272738.0,-4.25,-0.0481
2020-03-10,88.3,88.4,82.88,86.69,NKE,12755879.0,6.133163149901445,6.133163149901445,86.69,88.3,88.4,82.88,12755879,83.46,85.01,85.1,79.79,12755879.0,4.189999999999998,0.0498
2020-03-11,84.0,84.63,82.07,84.0,NKE,16172670.0,5.785795068988917,5.785795068988917,84.0,84.0,84.63,82.07,16172670,80.87,80.87,81.47,79.01,16172670.0,-4.299999999999997,-0.0487
2020-03-12,74.2,78.49,73.0,78.23,NKE,21534806.0,4.994118977606877,4.994118977606877,78.23,74.2,78.49,73.0,21534806,75.31,71.43,75.56,70.28,21534806.0,-9.799999999999997,-0.1167
2020-03-13,75.58,78.2,71.76,78.2,NKE,21859583.0,5.1055998965974085,5.1055998965974085,78.2,75.58,78.2,71.76,21859583,75.28,72.76,75.28,69.08,21859583.0,1.3799999999999955,0.0186
2020-03-16,66.79,72.97,63.37,65.28,NKE,17976683.0,4.395514912592497,4.395514912592497,65.28,66.79,72.97,63.37,17976683,62.85,64.3,70.25,61.01,17976683.0,-8.789999999999992,-0.1163
2020-03-17,69.84,73.33,62.4,67.51,NKE,17122099.0,4.6419039002165,4.6419039002165,67.51,69.84,73.33,62.4,17122099,64.99,67.23,70.59,60.07,17122099.0,3.049999999999997,0.0457
2020-03-18,68.04,68.33,60.0,64.79,NKE,19498805.0,4.496494005881023,4.496494005881023,64.79,68.04,68.33,60.0,19498805,62.37,65.5,65.78,57.76,19498805.0,-1.7999999999999972,-0.0258
2020-03-19,70.34,72.71,64.15,67.04,NKE,16177152.0,4.6822955375319095,4.6822955375319095,67.04,70.34,72.71,64.15,16177152,64.54,67.72,70.0,61.76,16177152.0,2.299999999999997,0.0338
2020-03-20,67.45,74.06,67.2,71.51,NKE,15761860.0,4.448831873848839,4.448831873848839,71.51,67.45,74.06,67.2,15761860,68.84,64.93,71.3,64.69,15761860.0,-2.8900000000000006,-0.0411
2020-03-23,62.8,66.88,60.58,65.0,NKE,17689998.0,4.073189646815523,4.073189646815523,65.0,62.8,66.88,60.58,17689998,62.58,60.46,64.39,58.32,17689998.0,-4.650000000000006,-0.0689
2020-03-24,72.33,72.66,64.0,65.7,NKE,18849461.0,4.843054254047242,4.843054254047242,65.7,72.33,72.66,64.0,18849461,63.25,69.63,69.95,61.61,18849461.0,9.530000000000001,0.1518
2020-03-25,79.01,83.49,76.2,80.11,NKE,27053246.0,5.382686528581123,5.382686528581123,80.11,79.01,83.49,76.2,27053246,77.12,76.06,80.38,73.36,27053246.0,6.680000000000007,0.0924
2020-03-26,84.3,86.86,80.01,80.17,NKE,17204691.0,5.810030051378162,5.810030051378162,80.17,84.3,86.86,80.01,17204691,77.18,81.16,83.62,77.03,17204691.0,5.289999999999992,0.067
2020-03-27,83.23,85.74,79.51,81.7,NKE,14183379.0,5.723591947523185,5.723591947523185,81.7,83.23,85.74,79.51,14183379,78.65,80.13,82.54,76.54,14183379.0,-1.0699999999999932,-0.0127
2020-03-30,85.38,85.96,81.5,84.0,NKE,10960126.0,5.897275987979448,5.897275987979448,84.0,85.38,85.96,81.5,10960126,80.87,82.2,82.75,78.46,10960126.0,2.1499999999999915,0.0258
2020-03-31,82.74,85.73,82.4,85.13,NKE,9618581.0,5.684008142954083,5.684008142954083,85.13,82.74,85.73,82.4,9618581,81.95,79.65,82.53,79.33,9618581.0,-2.6400000000000006,-0.0309
2020-04-01,79.23,81.18,78.53,79.49,NKE,9771306.0,5.400458848999904,5.400458848999904,79.49,79.23,81.18,78.53,9771306,76.53,76.27,78.15,75.6,9771306.0,-3.509999999999991,-0.0424
2020-04-02,80.14,81.6,77.16,79.0,NKE,12731460.0,5.47397162891395,5.47397162891395,79.0,80.14,81.6,77.16,12731460,76.05,77.15,78.56,74.28,12731460.0,0.9099999999999966,0.0115
2020-04-03,78.86,79.79,77.91,79.36,NKE,8476870.0,5.3705690373865,5.3705690373865,79.36,78.86,79.79,77.91,8476870,76.4,75.92,76.81,75.0,8476870.0,-1.2800000000000011,-0.016
2020-04-06,84.63,85.04,81.21,81.91,NKE,11266497.0,5.836688532006333,5.836688532006333,81.91,84.63,85.04,81.21,11266497,78.85,81.47,81.87,78.18,11266497.0,5.769999999999996,0.0732
2020-04-07,84.16,88.87,84.03,88.7,NKE,10468058.0,5.798720392929848,5.798720392929848,88.7,84.16,88.87,84.03,10468058,85.39,81.02,85.56,80.9,10468058.0,-0.46999999999999886,-0.0056
2020-04-08,85.3,85.77,83.61,84.7,NKE,6642735.0,5.890813326008983,5.890813326008983,84.7,85.3,85.77,83.61,6642735,81.54,82.12,82.57,80.49,6642735.0,1.1400000000000006,0.0135
2020-04-09,86.79,87.39,85.16,86.69,NKE,7773978.0,6.011180405208906,6.011180405208906,86.69,86.79,87.39,85.16,7773978,83.46,83.55,84.13,81.98,7773978.0,1.490000000000009,0.0175
2020-04-13,84.46,85.99,84.14,85.8,NKE,5077961.0,5.8229553753190935,5.8229553753190935,85.8,84.46,85.99,84.14,5077961,82.6,81.31,82.78,81.0,5077961.0,-2.3300000000000125,-0.0268
2020-04-14,87.47,87.77,85.48,85.95,NKE,6397244.0,6.0661130319578636,6.0661130319578636,85.95,87.47,87.77,85.48,6397244,82.74,84.21,84.5,82.29,6397244.0,3.010000000000005,0.0356
2020-04-15,85.04,85.88,83.71,84.87,NKE,8053875.0,5.86980967460497,5.86980967460497,84.87,85.04,85.88,83.71,8053875,81.7,81.87,82.67,80.59,8053875.0,-2.4299999999999926,-0.0278
2020-04-16,86.3,86.53,84.55,85.43,NKE,9373831.0,5.971596600639804,5.971596600639804,85.43,86.3,86.53,84.55,9373831,82.24,83.08,83.3,81.4,9373831.0,1.259999999999991,0.0148
2020-04-17,89.91,90.25,88.36,89.0,NKE,8111384.0,6.263224222057065,6.263224222057065,89.0,89.91,90.25,88.36,8111384,85.68,86.56,86.88,85.06,8111384.0,3.6099999999999994,0.0418
2020-04-20,87.9,89.44,87.52,88.43,NKE,7244372.0,6.100849840049117,6.100849840049117,88.43,87.9,89.44,87.52,7244372,85.13,84.62,86.1,84.26,7244372.0,-2.009999999999991,-0.0224
2020-04-21,85.2,86.9,85.09,85.99,NKE,6596992.0,5.882734998545901,5.882734998545901,85.99,85.2,86.9,85.09,6596992,82.78,82.02,83.66,81.92,6596992.0,-2.700000000000003,-0.0307
2020-04-22,88.77,89.44,86.42,86.98,NKE,6463929.0,6.1711312889779295,6.1711312889779295,86.98,88.77,89.44,86.42,6463929,83.74,85.46,86.1,83.2,6463929.0,3.569999999999993,0.0419
2020-04-23,87.35,89.53,87.26,88.94,NKE,5343535.0,6.056419039002165,6.056419039002165,88.94,87.35,89.53,87.26,5343535,85.62,84.09,86.19,84.01,5343535.0,-1.4200000000000017,-0.016
2020-04-24,88.37,89.12,87.64,88.89,NKE,4450191.0,6.138817979125602,6.138817979125602,88.89,88.37,89.12,87.64,4450191,85.57,85.07,85.8,84.38,4450191.0,1.0200000000000102,0.0117
2020-04-27,89.37,89.87,87.31,88.38,NKE,6875240.0,6.219601253756423,6.219601253756423,88.38,89.37,89.87,87.31,6875240,85.08,86.04,86.52,84.05,6875240.0,1.0,0.0113
2020-04-28,88.8,90.71,88.63,90.55,NKE,5145355.0,6.173554787216855,6.173554787216855,90.55,88.8,90.71,88.63,5145355,87.17,85.49,87.33,85.32,5145355.0,-0.5700000000000074,-0.0064
2020-04-29,88.07,91.39,87.83,90.0,NKE,9461406.0,6.114582996736355,6.114582996736355,90.0,88.07,91.39,87.83,9461406,86.64,84.78,87.98,84.55,9461406.0,-0.730000000000004,-0.0082
2020-04-30,87.18,88.0,86.5,87.0,NKE,9371430.0,6.0426858823149265,6.0426858823149265,87.0,87.18,88.0,86.5,9371430,83.75,83.93,84.72,83.28,9371430.0,-0.8899999999999864,-0.0101
2020-05-01,85.54,86.11,84.81,85.67,NKE,6151242.0,5.910201311920381,5.910201311920381,85.67,85.54,86.11,84.81,6151242,82.47,82.35,82.89,81.65,6151242.0,-1.6400000000000006,-0.0188
2020-05-04,85.75,85.8,84.31,84.68,NKE,6349037.0,5.927165799592853,5.927165799592853,84.68,85.75,85.8,84.31,6349037,81.52,82.55,82.6,81.17,6349037.0,0.20999999999999375,0.0025
2020-05-05,87.2,88.53,86.03,86.54,NKE,6321466.0,6.044301547807542,6.044301547807542,86.54,87.2,88.53,86.03,6321466,83.31,83.95,85.22,82.82,6321466.0,1.4500000000000028,0.0169
2020-05-06,88.44,88.69,87.43,88.05,NKE,7342304.0,6.144472808349759,6.144472808349759,88.05,88.44,88.69,87.43,7342304,84.77,85.14,85.38,84.17,7342304.0,1.2399999999999949,0.0142
2020-05-07,88.56,90.24,88.38,89.4,NKE,4566317.0,6.1541668013054585,6.1541668013054585,89.4,88.56,90.24,88.38,4566317,86.07,85.26,86.87,85.08,4566317.0,0.12000000000000455,0.0014
2020-05-08,90.46,90.64,89.59,90.11,NKE,5489391.0,6.307655023104016,6.307655023104016,90.11,90.46,90.64,89.59,5489391,86.75,87.09,87.26,86.25,5489391.0,1.8999999999999915,0.0215
2020-05-11,90.93,91.42,89.14,89.45,NKE,4937550.0,6.345623162180503,6.345623162180503,89.45,90.93,91.42,89.14,4937550,86.11,87.54,88.01,85.82,4937550.0,0.4700000000000131,0.0052
2020-05-12,88.26,91.67,88.15,91.53,NKE,5622578.0,6.129931818916212,6.129931818916212,91.53,88.26,91.67,88.15,5622578,88.12,84.97,88.25,84.86,5622578.0,-2.6700000000000017,-0.0294
2020-05-13,86.02,87.74,85.2,87.38,NKE,6739827.0,5.948977283743174,5.948977283743174,87.38,86.02,87.74,85.2,6739827,84.12,82.81,84.47,82.02,6739827.0,-2.240000000000009,-0.0254
2020-05-14,86.55,86.58,84.11,85.0,NKE,7431774.0,5.991792419297509,5.991792419297509,85.0,86.55,86.58,84.11,7431774,81.83,83.32,83.35,80.97,7431774.0,0.5300000000000011,0.0062
2020-05-15,86.99,87.23,84.88,85.25,NKE,9164990.0,6.0273370601350695,6.0273370601350695,85.25,86.99,87.23,84.88,9164990,82.07,83.75,83.98,81.71,9164990.0,0.4399999999999977,0.0051
2020-05-18,91.04,91.6,89.88,90.49,NKE,8519615.0,6.354509322389893,6.354509322389893,90.49,91.04,91.6,89.88,8519615,87.11,87.64,88.18,86.53,8519615.0,4.050000000000011,0.0466
2020-05-19,91.51,93.82,90.82,90.85,NKE,6514141.0,6.392477461466378,6.392477461466378,90.85,91.51,93.82,90.82,6514141,87.46,88.1,90.32,87.43,6514141.0,0.46999999999999886,0.0052
2020-05-20,92.95,93.86,92.7,93.2,NKE,6346990.0,6.50880537693476,6.50880537693476,93.2,92.95,93.86,92.7,6346990,89.72,89.48,90.36,89.24,6346990.0,1.4399999999999977,0.0157
2020-05-21,94.26,94.38,92.37,92.88,NKE,7504258.0,6.614631466701135,6.614631466701135,92.88,94.26,94.38,92.37,7504258,89.42,90.74,90.86,88.92,7504258.0,1.3100000000000023,0.0141
2020-05-22,93.75,94.65,93.35,94.42,NKE,4049578.0,6.573431996639416,6.573431996639416,94.42,93.75,94.65,93.35,4049578,90.9,90.25,91.12,89.87,4049578.0,-0.5100000000000051,-0.0054
2020-05-26,96.62,97.43,95.28,95.98,NKE,7185192.0,6.805279994829871,6.805279994829871,95.98,96.62,97.43,95.28,7185192,92.4,93.02,93.8,91.73,7185192.0,2.8700000000000045,0.0306
2020-05-27,99.87,99.99,97.62,98.12,NKE,7915885.0,7.067825637380038,7.067825637380038,98.12,99.87,99.99,97.62,7915885,94.46,96.14,96.26,93.98,7915885.0,3.25,0.0336
2020-05-28,98.46,100.69,98.25,100.09,NKE,7262328.0,6.95392122015058,6.95392122015058,100.09,98.46,100.69,98.25,7262328,96.36,94.79,96.93,94.59,7262328.0,-1.4100000000000108,-0.0141
2020-05-29,98.58,99.25,96.93,98.19,NKE,10333350.0,6.963615213106278,6.963615213106278,98.19,98.58,99.25,96.93,10333350,94.76,95.14,95.79,93.55,10333350.0,0.12000000000000455,0.0012
2020-06-01,99.54,99.78,97.89,98.4,NKE,4299739.0,7.041167156751866,7.041167156751866,98.4,99.54,99.78,97.89,4299739,94.97,96.07,96.3,94.47,4299739.0,0.960000000000008,0.0097
2020-06-02,100.74,100.88,98.82,99.42,NKE,10798734.0,7.1381070863088505,7.1381070863088505,99.42,100.74,100.88,98.82,10798734,95.95,97.22,97.36,95.37,10798734.0,1.1999999999999886,0.0121
2020-06-03,104.11,104.55,101.12,101.26,NKE,5867680.0,7.410346721814715,7.410346721814715,101.26,104.11,104.55,101.12,5867680,97.73,100.48,100.9,97.59,5867680.0,3.3700000000000045,0.0335
2020-06-04,101.28,103.9,100.47,103.66,NKE,8775038.0,7.181730054609494,7.181730054609494,103.66,101.28,103.9,100.47,8775038,100.04,97.75,100.28,96.96,8775038.0,-2.8299999999999983,-0.0272
2020-06-05,102.71,104.69,102.13,104.0,NKE,8363601.0,7.297250137331567,7.297250137331567,104.0,102.71,104.69,102.13,8363601,100.37,99.13,101.04,98.56,8363601.0,1.4299999999999926,0.0141
2020-06-08,104.29,104.3,102.71,103.05,NKE,6165363.0,7.424887711248264,7.424887711248264,103.05,104.29,104.3,102.71,6165363,99.45,100.65,100.66,99.13,6165363.0,1.5800000000000125,0.0154
2020-06-09,102.63,103.77,102.43,102.82,NKE,5385911.0,7.290787475361101,7.290787475361101,102.82,102.63,103.77,102.43,5385911,99.23,99.05,100.15,98.86,5385911.0,-1.6600000000000108,-0.0159
2020-06-10,102.12,103.15,101.71,103.0,NKE,5194156.0,7.249588005299383,7.249588005299383,103.0,102.12,103.15,101.71,5194156,99.41,98.56,99.55,98.16,5194156.0,-0.5099999999999909,-0.005
2020-06-11,95.17,98.99,94.88,98.38,NKE,10976922.0,6.688144246615181,6.688144246615181,98.38,95.17,98.99,94.88,10976922,94.95,91.85,95.54,91.57,10976922.0,-6.950000000000003,-0.0681
2020-06-12,96.43,97.8,94.74,97.8,NKE,7416393.0,6.789931172650015,6.789931172650015,97.8,96.43,97.8,94.74,7416393,94.39,93.06,94.39,91.43,7416393.0,1.2600000000000051,0.0132
2020-06-15,97.84,98.08,93.44,93.9,NKE,8647885.0,6.903835589879471,6.903835589879471,93.9,97.84,98.08,93.44,8647885,90.62,94.43,94.66,90.18,8647885.0,1.4099999999999966,0.0146
2020-06-16,99.04,101.34,97.72,101.25,NKE,6056391.0,7.0007755194364565,7.0007755194364565,101.25,99.04,101.34,97.72,6056391,97.72,95.58,97.8,94.31,6056391.0,1.2000000000000028,0.0123
2020-06-17,99.21,100.24,98.89,99.0,NKE,3405545.0,7.014508676123695,7.014508676123695,99.0,99.21,100.24,98.89,3405545,95.54,95.75,96.74,95.44,3405545.0,0.1699999999999875,0.0017
2020-06-18,98.45,99.42,97.85,98.69,NKE,4392371.0,6.953113387404272,6.953113387404272,98.69,98.45,99.42,97.85,4392371,95.25,95.01,95.95,94.44,4392371.0,-0.7599999999999909,-0.0077
2020-06-19,95.78,99.98,95.78,99.97,NKE,10302896.0,6.737422044139982,6.737422044139982,99.97,95.78,99.98,95.78,10302896,96.48,92.44,96.49,92.44,10302896.0,-2.6700000000000017,-0.0271
2020-06-22,99.51,99.54,96.02,96.85,NKE,6918184.0,7.038743658512942,7.038743658512942,96.85,99.51,99.54,96.02,6918184,93.47,96.04,96.07,92.67,6918184.0,3.730000000000004,0.0389
2020-06-23,101.92,102.22,100.71,101.15,NKE,6498975.0,7.233431350373219,7.233431350373219,101.15,101.92,102.22,100.71,6498975,97.62,98.36,98.65,97.2,6498975.0,2.4099999999999966,0.0242
2020-06-24,100.08,101.85,98.09,100.94,NKE,8611585.0,7.084790125052509,7.084790125052509,100.94,100.08,101.85,98.09,8611585,97.42,96.59,98.3,94.67,8611585.0,-1.8400000000000034,-0.0181
2020-06-25,101.4,101.68,98.8,99.23,NKE,11531396.0,7.191424047565192,7.191424047565192,99.23,101.4,101.68,98.8,11531396,95.77,97.86,98.13,95.35,11531396.0,1.3200000000000074,0.0132
2020-06-26,93.67,98.78,93.57,98.5,NKE,24918523.0,6.566969334668951,6.566969334668951,98.5,93.67,98.78,93.57,24918523,95.06,90.4,95.33,90.3,24918523.0,-7.730000000000004,-0.0762
2020-06-29,95.87,96.0,93.7,93.7,NKE,9624172.0,6.744692538856755,6.744692538856755,93.7,95.87,96.0,93.7,9624172,90.43,92.52,92.65,90.43,9624172.0,2.200000000000003,0.0235
2020-06-30,98.05,98.3,95.64,96.0,NKE,9065532.0,6.920800077551943,6.920800077551943,96.0,98.05,98.3,95.64,9065532,92.65,94.63,94.87,92.3,9065532.0,2.1799999999999926,0.0227
2020-07-01,97.4,98.72,97.11,98.5,NKE,5733768.0,6.868290949041911,6.868290949041911,98.5,97.4,98.72,97.11,5733768,95.06,94.0,95.27,93.72,5733768.0,-0.6499999999999915,-0.0066
2020-07-02,98.43,99.66,98.02,98.78,NKE,5355296.0,6.9514977219116565,6.9514977219116565,98.78,98.43,99.66,98.02,5355296,95.33,94.99,96.18,94.6,5355296.0,1.0300000000000011,0.0106
2020-07-06,99.95,100.03,99.04,99.62,NKE,4995015.0,7.074288299350503,7.074288299350503,99.62,99.95,100.03,99.04,4995015,96.14,96.46,96.54,95.58,4995015.0,1.519999999999996,0.0154
2020-07-07,97.07,99.55,96.92,99.22,NKE,6352887.0,6.8416324684137395,6.8416324684137395,99.22,97.07,99.55,96.92,6352887,95.76,93.68,96.08,93.54,6352887.0,-2.8800000000000097,-0.0288
2020-07-08,98.84,98.98,96.96,97.5,NKE,5634590.0,6.984618864510292,6.984618864510292,97.5,98.84,98.98,96.96,5634590,94.1,95.39,95.53,93.58,5634590.0,1.7700000000000102,0.0182
2020-07-09,96.99,98.91,96.37,98.55,NKE,6282261.0,6.8351698064432735,6.8351698064432735,98.55,96.99,98.91,96.37,6282261,95.11,93.61,95.46,93.01,6282261.0,-1.8500000000000085,-0.0187
2020-07-10,97.99,98.05,95.72,97.0,NKE,3967111.0,6.915953081074094,6.915953081074094,97.0,97.99,98.05,95.72,3967111,93.61,94.57,94.63,92.38,3967111.0,1.0,0.0103
2020-07-13,96.46,98.94,96.26,98.25,NKE,4845621.0,6.792354670888939,6.792354670888939,98.25,96.46,98.94,96.26,4845621,94.82,93.09,95.49,92.9,4845621.0,-1.5300000000000011,-0.0156
2020-07-14,96.76,97.25,95.51,96.33,NKE,4850623.0,6.816589653278186,6.816589653278186,96.33,96.76,97.25,95.51,4850623,92.97,93.38,93.86,92.18,4850623.0,0.30000000000001137,0.0031
2020-07-15,98.54,99.04,97.31,98.41,NKE,5343651.0,6.960383882121047,6.960383882121047,98.41,98.54,99.04,97.31,5343651,94.98,95.1,95.58,93.91,5343651.0,1.7800000000000011,0.0184
2020-07-16,97.26,98.23,97.04,97.5,NKE,3595025.0,6.856981290593596,6.856981290593596,97.5,97.26,98.23,97.04,3595025,94.1,93.87,94.8,93.65,3595025.0,-1.2800000000000011,-0.013
2020-07-17,96.28,97.23,96.04,96.95,NKE,7406714.0,6.777813681455392,6.777813681455392,96.95,96.28,97.23,96.04,7406714,93.57,92.92,93.84,92.69,7406714.0,-0.980000000000004,-0.0101
2020-07-20,95.65,96.35,95.11,95.5,NKE,5822281.0,6.726920218437975,6.726920218437975,95.5,95.65,96.35,95.11,5822281,92.17,92.31,92.99,91.79,5822281.0,-0.6299999999999955,-0.0065
2020-07-21,98.36,99.0,96.1,96.92,NKE,5857099.0,6.945842892687498,6.945842892687498,96.92,98.36,99.0,96.1,5857099,93.54,94.93,95.54,92.75,5857099.0,2.7099999999999937,0.0283
2020-07-22,98.91,98.99,97.91,98.16,NKE,4097303.0,6.990273693734449,6.990273693734449,98.16,98.91,98.99,97.91,4097303,94.73,95.46,95.54,94.49,4097303.0,0.5499999999999972,0.0056
2020-07-23,98.3,100.18,97.72,98.35,NKE,4530464.0,6.940995896209649,6.940995896209649,98.35,98.3,100.18,97.72,4530464,94.92,94.87,96.68,94.31,4530464.0,-0.6099999999999994,-0.0062
2020-07-24,98.43,99.36,97.7,98.14,NKE,5638435.0,6.9514977219116565,6.9514977219116565,98.14,98.43,99.36,97.7,5638435,94.71,94.99,95.89,94.29,5638435.0,0.13000000000000966,0.0013
2020-07-27,97.21,98.4,96.89,96.96,NKE,4273442.0,6.852942126862054,6.852942126862054,96.96,97.21,98.4,96.89,4273442,93.58,93.82,94.97,93.51,4273442.0,-1.220000000000013,-0.0124
2020-07-28,96.27,97.47,96.16,96.95,NKE,3822584.0,6.777005848709083,6.777005848709083,96.95,96.27,97.47,96.16,3822584,93.57,92.91,94.07,92.8,3822584.0,-0.9399999999999977,-0.0097
2020-07-29,96.97,97.55,96.3,96.43,NKE,6872745.0,6.833554140950658,6.833554140950658,96.43,96.97,97.55,96.3,6872745,93.06,93.59,94.15,92.93,6872745.0,0.7000000000000028,0.0073
2020-07-30,96.82,97.23,95.8,96.47,NKE,4018367.0,6.821436649756034,6.821436649756034,96.47,96.82,97.23,95.8,4018367,93.1,93.44,93.84,92.45,4018367.0,-0.15000000000000568,-0.0015
2020-07-31,97.61,97.65,96.3,96.89,NKE,5510394.0,6.885255436714383,6.885255436714383,96.89,97.61,97.65,96.3,5510394,93.51,94.2,94.24,92.94,5510394.0,0.7900000000000063,0.0082
2020-08-03,98.33,99.29,97.82,98.03,NKE,5474074.0,6.943419394448573,6.943419394448573,98.03,98.33,99.29,97.82,5474074,94.61,94.9,95.82,94.41,5474074.0,0.7199999999999989,0.0074
2020-08-04,97.33,97.95,96.55,97.79,NKE,7539319.0,6.862636119817753,6.862636119817753,97.79,97.33,97.95,96.55,7539319,94.38,93.93,94.53,93.18,7539319.0,-1.0,-0.0102
2020-08-05,100.94,101.25,97.08,97.12,NKE,7227111.0,7.154263741235015,7.154263741235015,97.12,100.94,101.25,97.08,7227111,93.73,97.42,97.72,93.69,7227111.0,3.6099999999999994,0.0371
2020-08-06,100.45,101.18,100.03,100.64,NKE,4061160.0,7.1146799366659135,7.1146799366659135,100.64,100.45,101.18,100.03,4061160,97.13,96.94,97.65,96.54,4061160.0,-0.4899999999999949,-0.0049
2020-08-07,101.86,101.91,99.89,101.0,NKE,5545605.0,7.22858435389537,7.22858435389537,101.0,101.86,101.91,99.89,5545605,97.48,98.31,98.35,96.4,5545605.0,1.4099999999999966,0.014
2020-08-10,105.41,106.83,102.4,102.47,NKE,12677962.0,7.515364978834782,7.515364978834782,102.47,105.41,106.83,102.4,12677962,98.89,101.73,103.1,98.83,12677962.0,3.549999999999997,0.0349
2020-08-11,105.12,107.33,104.86,106.85,NKE,5400716.0,7.491937829191845,7.491937829191845,106.85,105.12,107.33,104.86,5400716,103.12,101.45,103.58,101.2,5400716.0,-0.28999999999999204,-0.0028
2020-08-12,105.22,105.89,103.38,105.72,NKE,4715042.0,7.500016156654926,7.500016156654926,105.72,105.22,105.89,103.38,4715042,102.03,101.55,102.19,99.77,4715042.0,0.09999999999999432,0.001
2020-08-13,106.52,106.99,105.2,105.3,NKE,4281727.0,7.605034413674993,7.605034413674993,105.3,106.52,106.99,105.2,4281727,101.63,102.8,103.26,101.53,4281727.0,1.2999999999999972,0.0124
2020-08-14,106.43,106.78,105.46,106.12,NKE,2985847.0,7.597763918958219,7.597763918958219,106.12,106.43,106.78,105.46,2985847,102.42,102.72,103.05,101.78,2985847.0,-0.0899999999999892,-0.0008
2020-08-17,105.66,106.5,105.11,106.5,NKE,3017135.0,7.535560797492487,7.535560797492487,106.5,105.66,106.5,105.11,3017135,102.78,101.97,102.78,101.45,3017135.0,-0.7700000000000102,-0.0072
2020-08-18,106.97,107.0,105.47,106.46,NKE,5023006.0,7.641386887258862,7.641386887258862,106.46,106.97,107.0,105.47,5023006,102.74,103.24,103.27,101.79,5023006.0,1.3100000000000023,0.0124
2020-08-19,108.39,109.69,107.35,107.69,NKE,9508077.0,7.756099137234627,7.756099137234627,107.69,108.39,109.69,107.35,9508077,103.93,104.61,105.86,103.6,9508077.0,1.4200000000000017,0.0133
2020-08-20,108.01,108.74,107.35,107.56,NKE,4304290.0,7.725401492874916,7.725401492874916,107.56,108.01,108.74,107.35,4304290,103.81,104.24,104.94,103.6,4304290.0,-0.37999999999999545,-0.0035
2020-08-21,109.75,109.77,107.75,108.0,NKE,5563994.0,7.865964390732543,7.865964390732543,108.0,109.75,109.77,107.75,5563994,104.23,105.92,105.94,103.99,5563994.0,1.7399999999999949,0.0161
2020-08-24,111.83,112.0,109.9,110.0,NKE,8173259.0,8.03399360196465,8.03399360196465,110.0,111.83,112.0,109.9,8173259,106.16,107.93,108.09,106.06,8173259.0,2.0799999999999983,0.019
2020-08-25,111.51,112.28,111.09,112.0,NKE,4380921.0,8.008142954082787,8.008142954082787,112.0,111.51,112.28,111.09,4380921,108.09,107.62,108.36,107.21,4380921.0,-0.3199999999999932,-0.0029
2020-08-26,111.53,112.09,111.29,111.92,NKE,4477854.0,8.009758619575404,8.009758619575404,111.92,111.53,112.09,111.29,4477854,108.01,107.64,108.18,107.41,4477854.0,0.01999999999999602,0.0002
2020-08-27,110.84,112.79,110.5,111.99,NKE,4391019.0,7.954018160080137,7.954018160080137,111.99,110.84,112.79,110.5,4391019,108.08,106.97,108.85,106.64,4391019.0,-0.6899999999999977,-0.0062
2020-08-28,112.29,112.67,110.57,111.01,NKE,3731407.0,8.071153908294827,8.071153908294827,111.01,112.29,112.67,110.57,3731407,107.37,108.61,108.97,106.94,3731407.0,1.4500000000000028,0.0131
2020-08-31,111.89,112.52,111.14,112.14,NKE,3519833.0,8.038840598442498,8.038840598442498,112.14,111.89,112.52,111.14,3519833,108.46,108.22,108.83,107.49,3519833.0,-0.4000000000000057,-0.0036
2020-09-01,114.84,114.9,111.83,112.0,NKE,4913969.0,8.27715125860342,8.27715125860342,112.0,114.84,114.9,111.83,4913969,108.33,111.07,111.13,108.16,4913969.0,2.950000000000003,0.0264
2020-09-02,116.8,117.41,114.5,115.06,NKE,6775355.0,8.435486476879827,8.435486476879827,115.06,116.8,117.41,114.5,6775355,111.29,112.97,113.56,110.74,6775355.0,1.9599999999999937,0.0171
2020-09-03,112.85,116.9,112.0,116.8,NKE,7264372.0,8.116392542088086,8.116392542088086,116.8,112.85,116.9,112.0,7264372,112.97,109.15,113.07,108.33,7264372.0,-3.950000000000003,-0.0338
2020-09-04,112.4,113.75,110.21,112.96,NKE,5157736.0,8.080040068504218,8.080040068504218,112.96,112.4,113.75,110.21,5157736,109.25,108.71,110.02,106.6,5157736.0,-0.44999999999998863,-0.004
2020-09-08,112.72,113.84,110.54,111.29,NKE,5300108.0,8.10589071638608,8.10589071638608,111.29,112.72,113.84,110.54,5300108,107.64,109.02,110.11,106.91,5300108.0,0.3199999999999932,0.0028
2020-09-09,114.9,116.21,112.83,113.02,NKE,5997890.0,8.281998255081268,8.281998255081268,113.02,114.9,116.21,112.83,5997890,109.31,111.13,112.4,109.13,5997890.0,2.180000000000007,0.0193
2020-09-10,114.79,118.23,114.0,115.9,NKE,5033067.0,8.273112094871879,8.273112094871879,115.9,114.79,118.23,114.0,5033067,112.1,111.02,114.35,110.26,5033067.0,-0.10999999999999943,-0.001
2020-09-11,118.0,119.25,116.42,116.76,NKE,8565234.0,8.532426406436812,8.532426406436812,116.76,118.0,119.25,116.42,8565234,112.93,114.13,115.34,112.6,8565234.0,3.2099999999999937,0.028
2020-09-14,119.28,119.93,118.17,118.5,NKE,4990315.0,8.635828997964262,8.635828997964262,118.5,119.28,119.93,118.17,4990315,114.61,115.37,116.0,114.29,4990315.0,1.2800000000000011,0.0108
2020-09-15,119.27,120.48,119.18,119.7,NKE,5934181.0,8.635021165217953,8.635021165217953,119.7,119.27,120.48,119.18,5934181,115.77,115.36,116.53,115.27,5934181.0,-0.010000000000005116,-0.0001
2020-09-16,118.59,119.69,118.16,118.31,NKE,7027588.0,8.580088538468996,8.580088538468996,118.31,118.59,119.69,118.16,7027588,114.43,114.7,115.76,114.28,7027588.0,-0.6799999999999926,-0.0057
2020-09-17,116.36,118.55,115.8,117.34,NKE,7376390.0,8.399941836042267,8.399941836042267,117.34,116.36,118.55,115.8,7376390,113.49,112.54,114.66,112.0,7376390.0,-2.230000000000004,-0.0188
2020-09-18,114.66,117.91,114.49,115.43,NKE,12876565.0,8.26261026916987,8.26261026916987,115.43,114.66,117.91,114.49,12876565,111.64,110.9,114.04,110.73,12876565.0,-1.7000000000000028,-0.0146
2020-09-21,113.37,114.06,111.74,112.95,NKE,8486367.0,8.158399844896113,8.158399844896113,112.95,113.37,114.06,111.74,8486367,109.25,109.65,110.32,108.07,8486367.0,-1.289999999999992,-0.0113
2020-09-22,116.87,117.2,112.85,113.1,NKE,13007208.0,8.441141306103985,8.441141306103985,113.1,116.87,117.2,112.85,13007208,109.39,113.04,113.36,109.15,13007208.0,3.5,0.0309
2020-09-23,127.11,130.38,125.26,130.22,NKE,37822653.0,9.268362038323586,9.268362038323586,130.22,127.11,130.38,125.26,37822653,125.95,122.94,126.1,121.15,37822653.0,10.239999999999995,0.0876
2020-09-24,124.75,127.54,123.3,126.44,NKE,13485768.0,9.07771351019485,9.07771351019485,126.44,124.75,127.54,123.3,13485768,122.29,120.66,123.36,119.26,13485768.0,-2.3599999999999994,-0.0186
2020-09-25,124.23,124.75,122.27,123.65,NKE,9182784.0,9.035706207386824,9.035706207386824,123.65,124.23,124.75,122.27,9182784,119.59,120.16,120.66,118.26,9182784.0,-0.519999999999996,-0.0042
2020-09-28,124.32,126.19,123.89,125.16,NKE,7524978.0,9.042976702103596,9.042976702103596,125.16,124.32,126.19,123.89,7524978,121.05,120.24,122.05,119.82,7524978.0,0.0899999999999892,0.0007
2020-09-29,126.35,127.1,123.96,124.34,NKE,7799668.0,9.206966749604161,9.206966749604161,124.34,126.35,127.1,123.96,7799668,120.26,122.21,122.93,119.89,7799668.0,2.030000000000001,0.0163
2020-09-30,125.54,127.28,125.16,126.1,NKE,8699679.0,9.141532297153198,9.141532297153198,126.1,125.54,127.28,125.16,8699679,121.96,121.42,123.11,121.06,8699679.0,-0.8099999999999881,-0.0064
2020-10-01,126.64,127.73,125.31,127.73,NKE,5637175.0,9.2303938992471,9.2303938992471,127.73,126.64,127.73,125.31,5637175,123.54,122.49,123.54,121.2,5637175.0,1.0999999999999943,0.0088
2020-10-02,126.64,126.8,123.59,124.35,NKE,7491067.0,9.2303938992471,9.2303938992471,124.35,126.64,126.8,123.59,7491067,120.27,122.49,122.64,119.54,7491067.0,0.0,0.0
2020-10-05,127.91,128.5,126.45,127.07,NKE,8270269.0,9.332988658028242,9.332988658028242,127.07,127.91,128.5,126.45,8270269,122.9,123.71,124.29,122.3,8270269.0,1.269999999999996,0.01
2020-10-06,127.65,130.44,127.27,128.84,NKE,5978001.0,9.311985006624228,9.311985006624228,128.84,127.65,130.44,127.27,5978001,124.61,123.46,126.16,123.09,5978001.0,-0.2599999999999909,-0.002
2020-10-07,130.06,130.41,128.25,128.4,NKE,4390483.0,9.506672698484506,9.506672698484506,128.4,130.06,130.41,128.25,4390483,124.19,125.79,126.13,124.04,4390483.0,2.4099999999999966,0.0189
2020-10-08,129.71,130.93,129.51,130.4,NKE,3595578.0,9.47839855236372,9.47839855236372,130.4,129.71,130.93,129.51,3595578,126.12,125.46,126.63,125.26,3595578.0,-0.3499999999999943,-0.0027
2020-10-09,130.98,131.19,129.33,129.99,NKE,4293374.0,9.58099331114486,9.58099331114486,129.99,130.98,131.19,129.33,4293374,125.73,126.68,126.89,125.08,4293374.0,1.2699999999999818,0.0098
2020-10-12,129.46,131.34,129.26,131.19,NKE,5136511.0,9.458202733706015,9.458202733706015,131.19,129.46,131.34,129.26,5136511,126.89,125.21,127.03,125.02,5136511.0,-1.5199999999999818,-0.0116
2020-10-13,129.2,129.87,127.96,128.05,NKE,4245130.0,9.437199082302,9.437199082302,128.05,129.2,129.87,127.96,4245130,123.85,124.96,125.61,123.76,4245130.0,-0.2600000000000193,-0.002
2020-10-14,127.66,129.6,127.01,129.53,NKE,3587295.0,9.312792839370536,9.312792839370536,129.53,127.66,129.6,127.01,3587295,125.28,123.47,125.35,122.84,3587295.0,-1.539999999999992,-0.0119
2020-10-15,129.0,129.1,126.11,126.48,NKE,4236054.0,9.421042427375836,9.421042427375836,126.48,129.0,129.1,126.11,4236054,122.33,124.77,124.87,121.97,4236054.0,1.3400000000000034,0.0105
2020-10-16,128.0,130.19,127.55,129.51,NKE,6011173.0,9.340259152745016,9.340259152745016,129.51,128.0,130.19,127.55,6011173,125.26,123.8,125.92,123.37,6011173.0,-1.0,-0.0078
2020-10-19,127.43,129.78,127.05,129.1,NKE,5160899.0,9.294212686205448,9.294212686205448,129.1,127.43,129.78,127.05,5160899,124.87,123.25,125.52,122.88,5160899.0,-0.5699999999999932,-0.0045
2020-10-20,128.49,129.9,127.72,128.0,NKE,3800038.0,9.379842957314118,9.379842957314118,128.0,128.49,129.9,127.72,3800038,123.8,124.28,125.64,123.53,3800038.0,1.0600000000000023,0.0083
2020-10-21,129.43,131.38,128.45,128.5,NKE,4916342.0,9.455779235467089,9.455779235467089,128.5,129.43,131.38,128.45,4916342,124.29,125.18,127.07,124.24,4916342.0,0.9399999999999977,0.0073
2020-10-22,130.02,130.26,128.86,129.6,NKE,2870984.0,9.503441367499274,9.503441367499274,129.6,130.02,130.26,128.86,2870984,125.35,125.76,125.99,124.63,2870984.0,0.5900000000000034,0.0046
2020-10-23,129.99,130.6,128.65,130.0,NKE,4046580.0,9.50101786926035,9.50101786926035,130.0,129.99,130.6,128.65,4046580,125.74,125.73,126.32,124.43,4046580.0,-0.030000000000001137,-0.0002
2020-10-26,128.37,129.62,126.68,129.06,NKE,5422455.0,9.37014896435842,9.37014896435842,129.06,128.37,129.62,126.68,5422455,124.83,124.16,125.37,122.52,5422455.0,-1.6200000000000045,-0.0125
2020-10-27,127.99,129.49,127.9,128.78,NKE,2985686.0,9.339451319998707,9.339451319998707,128.78,127.99,129.49,127.9,2985686,124.56,123.79,125.24,123.7,2985686.0,-0.38000000000000966,-0.003
2020-10-28,122.08,126.4,121.04,125.28,NKE,8618312.0,8.862022166930558,8.862022166930558,125.28,122.08,126.4,121.04,8618312,121.17,118.08,122.25,117.07,8618312.0,-5.909999999999997,-0.0462
2020-10-29,122.86,124.19,121.15,122.28,NKE,4947049.0,8.925033121142599,8.925033121142599,122.28,122.86,124.19,121.15,4947049,118.27,118.83,120.12,117.18,4947049.0,0.7800000000000011,0.0064
2020-10-30,120.08,123.66,118.8,123.66,NKE,7792405.0,8.700455617668919,8.700455617668919,123.66,120.08,123.66,118.8,7792405,119.6,116.14,119.6,114.9,7792405.0,-2.780000000000001,-0.0226
2020-11-02,122.39,124.1,121.1,122.37,NKE,4740373.0,8.887064982066113,8.887064982066113,122.37,122.39,124.1,121.1,4740373,118.36,118.38,120.03,117.13,4740373.0,2.3100000000000023,0.0192
2020-11-03,124.59,125.5,123.19,124.01,NKE,3490891.0,9.064788186253919,9.064788186253919,124.01,124.59,125.5,123.19,3490891,119.94,120.5,121.38,119.15,3490891.0,2.200000000000003,0.018
2020-11-04,127.34,128.93,125.26,125.33,NKE,5061798.0,9.286942191488675,9.286942191488675,125.33,127.34,128.93,125.26,5061798,121.22,123.16,124.7,121.15,5061798.0,2.75,0.0221
2020-11-05,129.7,130.41,128.46,129.19,NKE,3940003.0,9.47759071961741,9.47759071961741,129.19,129.7,130.41,128.46,3940003,124.95,125.45,126.13,124.25,3940003.0,2.359999999999985,0.0185
2020-11-06,128.9,129.91,128.35,129.91,NKE,2954049.0,9.412964099912754,9.412964099912754,129.91,128.9,129.91,128.35,2954049,125.65,124.67,125.65,124.14,2954049.0,-0.799999999999983,-0.0062
2020-11-09,128.95,136.35,128.77,135.06,NKE,7491728.0,9.417003263644295,9.417003263644295,135.06,128.95,136.35,128.77,7491728,130.63,124.72,131.88,124.54,7491728.0,0.04999999999998295,0.0004
2020-11-10,127.71,130.12,126.25,130.05,NKE,8014744.0,9.316832003102077,9.316832003102077,130.05,127.71,130.12,126.25,8014744,125.78,123.52,125.85,122.11,8014744.0,-1.2399999999999949,-0.0096
2020-11-11,127.66,129.8,127.18,128.69,NKE,6058668.0,9.312792839370536,9.312792839370536,128.69,127.66,129.8,127.18,6058668,124.47,123.47,125.54,123.01,6058668.0,-0.04999999999999716,-0.0004
2020-11-12,126.64,127.84,125.63,126.62,NKE,4797416.0,9.2303938992471,9.2303938992471,126.62,126.64,127.84,125.63,4797416,122.47,122.49,123.65,121.5,4797416.0,-1.019999999999996,-0.008
2020-11-13,128.28,128.6,126.83,127.91,NKE,3986719.0,9.362878469641645,9.362878469641645,127.91,128.28,128.6,126.83,3986719,123.71,124.07,124.38,122.67,3986719.0,1.6400000000000006,0.013
2020-11-16,130.11,130.32,127.37,129.46,NKE,6116435.0,9.510711862216048,9.510711862216048,129.46,130.11,130.32,127.37,6116435,125.21,125.84,126.05,123.19,6116435.0,1.8300000000000125,0.0143
2020-11-17,132.21,132.6,129.11,130.48,NKE,7002945.0,9.68035673894077,9.68035673894077,130.48,132.21,132.6,129.11,7002945,126.2,127.87,128.25,124.88,7002945.0,2.0999999999999943,0.0161
2020-11-18,131.63,133.98,131.53,133.07,NKE,5573008.0,9.633502439654894,9.633502439654894,133.07,131.63,133.98,131.53,5573008,128.71,127.31,129.59,127.22,5573008.0,-0.5800000000000125,-0.0044
2020-11-19,131.91,132.11,129.93,131.92,NKE,4642765.0,9.656121756551524,9.656121756551524,131.92,131.91,132.11,129.93,4642765,127.59,127.58,127.78,125.67,4642765.0,0.28000000000000114,0.0021
2020-11-20,132.98,133.53,131.91,133.3,NKE,4320046.0,9.742559860406502,9.742559860406502,133.3,132.98,133.53,131.91,4320046,128.93,128.62,129.15,127.58,4320046.0,1.0699999999999932,0.0081
2020-11-23,134.13,134.89,133.09,134.38,NKE,6119342.0,9.835460626231944,9.835460626231944,134.38,134.13,134.89,133.09,6119342,129.97,129.73,130.47,128.72,6119342.0,1.1500000000000057,0.0086
2020-11-24,134.7,135.99,134.21,135.0,NKE,7205789.0,9.881507092771512,9.881507092771512,135.0,134.7,135.99,134.21,7205789,130.57,130.28,131.53,129.81,7205789.0,0.5699999999999932,0.0042
2020-11-25,135.54,135.8,133.62,134.25,NKE,4484836.0,9.949365043461402,9.949365043461402,134.25,135.54,135.8,133.62,4484836,129.85,131.09,131.35,129.24,4484836.0,0.8400000000000034,0.0062
2020-11-27,134.25,136.13,133.34,136.0,NKE,3506832.0,9.845154619187644,9.845154619187644,136.0,134.25,136.13,133.34,3506832,131.54,129.85,131.66,128.97,3506832.0,-1.289999999999992,-0.0095
2020-11-30,134.7,135.29,132.69,133.91,NKE,9652509.0,9.881507092771512,9.881507092771512,133.91,134.7,135.29,132.69,9652509,129.52,130.28,130.85,128.34,9652509.0,0.44999999999998863,0.0034
2020-12-01,135.44,136.5,134.75,136.44,NKE,3834460.0,9.94128671599832,9.94128671599832,136.44,135.44,136.5,134.75,3834460,131.96,131.0,132.02,130.33,3834460.0,0.7400000000000091,0.0055
2020-12-02,135.58,136.32,134.67,135.16,NKE,4132965.0,9.952596374446635,9.952596374446635,135.16,135.58,136.32,134.67,4132965,130.73,131.13,131.85,130.25,4132965.0,0.14000000000001478,0.001
2020-12-03,136.96,137.95,135.0,135.1,NKE,4930860.0,10.064077293437167,10.064077293437167,135.1,136.96,137.95,135.0,4930860,130.67,132.47,133.43,130.57,4930860.0,1.3799999999999955,0.0102
2020-12-04,137.19,137.4,135.64,137.08,NKE,4344036.0,10.082657446602255,10.082657446602255,137.08,137.19,137.4,135.64,4344036,132.84,132.95,133.15,131.45,4344036.0,0.22999999999998977,0.0017
2020-12-07,138.75,138.86,136.8,137.0,NKE,4590776.0,10.208679355026336,10.208679355026336,137.0,138.75,138.86,136.8,4590776,132.77,134.46,134.57,132.57,4590776.0,1.5600000000000023,0.0114
2020-12-08,139.12,140.44,137.65,138.24,NKE,6953582.0,10.23856916663974,10.23856916663974,138.24,139.12,140.44,137.65,6953582,133.97,134.82,136.1,133.4,6953582.0,0.37000000000000455,0.0027
2020-12-09,138.79,140.57,138.27,140.57,NKE,4341305.0,10.211910686011567,10.211910686011567,140.57,138.79,140.57,138.27,4341305,136.23,134.5,136.23,134.0,4341305.0,-0.3300000000000125,-0.0024
2020-12-10,137.58,139.14,137.24,138.28,NKE,4511003.0,10.114162923708276,10.114162923708276,138.28,137.58,139.14,137.24,4511003,134.01,133.33,134.84,133.0,4511003.0,-1.2099999999999795,-0.0087
2020-12-11,137.41,138.14,136.23,137.39,NKE,4172439.0,10.100429767021035,10.100429767021035,137.39,137.41,138.14,136.23,4172439,133.14,133.16,133.87,132.02,4172439.0,-0.17000000000001592,-0.0012
2020-12-14,136.28,139.0,136.2,138.92,NKE,7598952.0,10.00914466668821,10.00914466668821,138.92,136.28,139.0,136.2,7598952,134.63,132.07,134.7,131.99,7598952.0,-1.1299999999999955,-0.0082
2020-12-15,139.39,139.44,137.25,137.43,NKE,7642595.0,10.26038065079006,10.26038065079006,137.43,139.39,139.44,137.25,7642595,133.18,135.08,135.13,133.01,7642595.0,3.109999999999985,0.0228
2020-12-16,138.34,140.49,137.46,139.07,NKE,6573449.0,10.175558212427699,10.175558212427699,139.07,138.34,140.49,137.46,6573449,134.77,134.07,136.15,133.21,6573449.0,-1.049999999999983,-0.0075
2020-12-17,140.5,140.74,138.75,139.92,NKE,8726997.0,10.35005008563027,10.35005008563027,139.92,140.5,140.74,138.75,8726997,135.6,136.16,136.39,134.46,8726997.0,2.1599999999999966,0.0156
2020-12-18,137.28,141.14,137.17,141.09,NKE,17970788.0,10.08992794131903,10.08992794131903,141.09,137.28,141.14,137.17,17970788,136.73,133.04,136.78,132.93,17970788.0,-3.219999999999999,-0.0229
2020-12-21,144.02,147.95,142.51,144.82,NKE,16111271.0,10.634407212330759,10.634407212330759,144.82,144.02,147.95,142.51,16111271,140.35,139.57,143.38,138.11,16111271.0,6.740000000000009,0.0491
2020-12-22,142.45,143.47,141.09,143.05,NKE,6341604.0,10.507577471160369,10.507577471160369,143.05,142.45,143.47,141.09,6341604,138.63,138.05,139.04,136.73,6341604.0,-1.5700000000000216,-0.0109
2020-12-23,141.76,143.6,141.7,142.56,NKE,3388279.0,10.451837011665104,10.451837011665104,142.56,141.76,143.6,141.7,3388279,138.15,137.38,139.16,137.32,3388279.0,-0.6899999999999977,-0.0048
2020-12-24,141.6,142.19,141.1,141.1,NKE,1821900.0,10.438911687724172,10.438911687724172,141.1,141.6,142.19,141.1,1821900,136.74,137.22,137.8,136.74,1821900.0,-0.1599999999999966,-0.0011
2020-12-28,142.43,142.92,141.04,142.54,NKE,4081534.0,10.505961805667754,10.505961805667754,142.54,142.43,142.92,141.04,4081534,138.14,138.03,138.5,136.69,4081534.0,0.8300000000000125,0.0059
2020-12-29,141.57,143.06,140.43,142.83,NKE,3232430.0,10.436488189485248,10.436488189485248,142.83,141.57,143.06,140.43,3232430,138.42,137.2,138.64,136.09,3232430.0,-0.8600000000000136,-0.006
2020-12-30,141.58,142.61,140.66,142.16,NKE,3052122.0,10.437296022231557,10.437296022231557,142.16,141.58,142.61,140.66,3052122,137.77,137.21,138.2,136.31,3052122.0,0.010000000000019327,0.0001
2020-12-31,141.47,141.79,140.37,141.7,NKE,2949915.0,10.428409862022166,10.428409862022166,141.7,141.47,141.79,140.37,2949915,137.32,137.1,137.41,136.03,2949915.0,-0.11000000000001364,-0.0008
2021-01-04,140.1,142.97,138.32,142.85,NKE,6178517.0,10.317736775777943,10.317736775777943,142.85,140.1,142.97,138.32,6178517,138.44,135.77,138.55,134.05,6178517.0,-1.3700000000000045,-0.0097
2021-01-05,141.23,141.66,138.6,138.6,NKE,4163149.0,10.409021876110769,10.409021876110769,138.6,141.23,141.66,138.6,4163149,134.32,136.87,137.28,134.32,4163149.0,1.1299999999999955,0.0081
2021-01-06,142.35,143.57,139.53,141.25,NKE,6072939.0,10.499499143697287,10.499499143697287,141.25,142.35,143.57,139.53,6072939,136.89,137.95,139.13,135.22,6072939.0,1.1200000000000045,0.0079
2021-01-07,144.95,145.64,143.0,143.2,NKE,5256940.0,10.70953565773742,10.70953565773742,143.2,144.95,145.64,143.0,5256940,138.78,140.47,141.14,138.58,5256940.0,2.5999999999999943,0.0183
2021-01-08,146.35,146.82,144.9,145.55,NKE,3950741.0,10.82263224222057,10.82263224222057,145.55,146.35,146.82,144.9,3950741,141.05,141.83,142.28,140.42,3950741.0,1.4000000000000057,0.0097
2021-01-11,147.05,147.1,144.8,146.0,NKE,4254143.0,10.879180534462146,10.879180534462146,146.0,147.05,147.1,144.8,4254143,141.49,142.51,142.55,140.33,4254143.0,0.700000000000017,0.0048
2021-01-12,145.05,146.85,144.38,146.5,NKE,3678834.0,10.717613985200504,10.717613985200504,146.5,145.05,146.85,144.38,3678834,141.97,140.57,142.31,139.92,3678834.0,-2.0,-0.0136
2021-01-13,143.04,145.13,142.43,144.83,NKE,3330127.0,10.555239603192554,10.555239603192554,144.83,143.04,145.13,142.43,3330127,140.35,138.62,140.64,138.03,3330127.0,-2.0100000000000193,-0.0139
2021-01-14,141.3,144.9,140.93,143.66,NKE,4104024.0,10.414676705334927,10.414676705334927,143.66,141.3,144.9,140.93,4104024,139.22,136.93,140.42,136.58,4104024.0,-1.7399999999999807,-0.0122
2021-01-15,140.72,142.38,139.88,140.56,NKE,6412351.0,10.36782240604905,10.36782240604905,140.56,140.72,142.38,139.88,6412351,136.22,136.37,137.98,135.56,6412351.0,-0.5800000000000125,-0.0041
2021-01-19,139.27,141.22,138.41,140.99,NKE,6537800.0,10.250686657834363,10.250686657834363,140.99,139.27,141.22,138.41,6537800,136.63,134.97,136.85,134.13,6537800.0,-1.4499999999999886,-0.0103
2021-01-20,142.8,143.21,140.01,140.38,NKE,4654404.0,10.535851617281159,10.535851617281159,140.38,142.8,143.21,140.01,4654404,136.04,138.39,138.78,135.68,4654404.0,3.530000000000001,0.0253
2021-01-21,141.61,143.81,141.13,142.41,NKE,4013667.0,10.439719520470481,10.439719520470481,142.41,141.61,143.81,141.13,4013667,138.01,137.23,139.37,136.76,4013667.0,-1.1899999999999977,-0.0083
2021-01-22,139.35,141.88,139.31,141.09,NKE,4150453.0,10.257149319804828,10.257149319804828,141.09,139.35,141.88,139.31,4150453,136.73,135.04,137.5,135.01,4150453.0,-2.2600000000000193,-0.016
2021-01-25,137.55,139.18,134.74,138.99,NKE,5998739.0,10.111739425469352,10.111739425469352,138.99,137.55,139.18,134.74,5998739,134.7,133.3,134.88,130.58,5998739.0,-1.799999999999983,-0.0129
2021-01-26,135.1,137.84,134.71,137.76,NKE,5312341.0,9.913820402623841,9.913820402623841,137.76,135.1,137.84,134.71,5312341,133.5,130.93,133.59,130.55,5312341.0,-2.450000000000017,-0.0178
2021-01-27,131.02,132.86,130.27,132.22,NKE,7815862.0,9.584224642130094,9.584224642130094,132.22,131.02,132.86,130.27,7815862,128.13,126.97,128.75,126.24,7815862.0,-4.079999999999984,-0.0302
2021-01-28,134.72,136.37,131.5,132.36,NKE,6244598.0,9.883122758264129,9.883122758264129,132.36,134.72,136.37,131.5,6244598,128.27,130.56,132.16,127.44,6244598.0,3.6999999999999886,0.0282
2021-01-29,133.59,135.03,132.15,133.95,NKE,7166051.0,9.791837657931302,9.791837657931302,133.95,133.59,135.03,132.15,7166051,129.81,129.46,130.85,128.07,7166051.0,-1.1299999999999955,-0.0084
2021-02-01,135.71,136.05,133.3,135.37,NKE,4366833.0,9.963098200148641,9.963098200148641,135.37,135.71,136.05,133.3,4366833,131.19,131.52,131.85,129.18,4366833.0,2.1200000000000045,0.0159
2021-02-02,139.59,139.86,136.75,137.06,NKE,7132823.0,10.276537305716225,10.276537305716225,137.06,139.59,139.86,136.75,7132823,132.82,135.28,135.54,132.52,7132823.0,3.8799999999999955,0.0286
2021-02-03,138.63,140.06,138.01,139.7,NKE,4678553.0,10.198985362070637,10.198985362070637,139.7,138.63,140.06,138.01,4678553,135.38,134.35,135.73,133.75,4678553.0,-0.960000000000008,-0.0069
2021-02-04,140.63,141.05,138.92,139.55,NKE,4533707.0,10.360551911332276,10.360551911332276,139.55,140.63,141.05,138.92,4533707,135.24,136.28,136.69,134.63,4533707.0,2.0,0.0144
2021-02-05,145.11,145.57,141.29,141.34,NKE,6151478.0,10.722460981678353,10.722460981678353,141.34,145.11,145.57,141.29,6151478,136.97,140.63,141.07,136.92,6151478.0,4.480000000000018,0.0319
2021-02-08,143.41,145.88,142.8,145.15,NKE,6304300.0,10.585129414805957,10.585129414805957,145.15,143.41,145.88,142.8,6304300,140.66,138.98,141.37,138.39,6304300.0,-1.700000000000017,-0.0117
2021-02-09,141.79,144.22,141.7,143.6,NKE,3436347.0,10.454260509904028,10.454260509904028,143.6,141.79,144.22,141.7,3436347,139.16,137.41,139.76,137.32,3436347.0,-1.6200000000000045,-0.0113
2021-02-10,142.46,142.6,140.9,142.45,NKE,4125714.0,10.508385303906678,10.508385303906678,142.45,142.46,142.6,140.9,4125714,138.05,138.06,138.19,136.55,4125714.0,0.6700000000000159,0.0047
2021-02-11,143.54,144.35,142.41,143.0,NKE,3828731.0,10.595631240507963,10.595631240507963,143.0,143.54,144.35,142.41,3828731,138.58,139.1,139.89,138.01,3828731.0,1.079999999999984,0.0076
2021-02-12,142.12,143.45,141.4,143.11,NKE,3636966.0,10.4809189905322,10.4809189905322,143.11,142.12,143.45,141.4,3636966,138.69,137.73,139.02,137.03,3636966.0,-1.4199999999999875,-0.0099
2021-02-16,141.71,143.37,141.03,143.37,NKE,4873364.0,10.447797847933563,10.447797847933563,143.37,141.71,143.37,141.03,4873364,138.94,137.33,138.94,136.67,4873364.0,-0.4099999999999966,-0.0029
2021-02-17,143.99,144.56,140.21,141.3,NKE,6438432.0,10.631983714091835,10.631983714091835,141.3,143.99,144.56,140.21,6438432,136.93,139.54,140.09,135.88,6438432.0,2.280000000000001,0.0161
2021-02-18,145.09,145.39,141.21,142.98,NKE,4487139.0,10.720845316185736,10.720845316185736,142.98,145.09,145.39,141.21,4487139,138.56,140.61,140.9,136.85,4487139.0,1.0999999999999943,0.0076
2021-02-19,142.02,145.5,141.5,145.43,NKE,7485950.0,10.472840663069118,10.472840663069118,145.43,142.02,145.5,141.5,7485950,140.94,137.63,141.0,137.13,7485950.0,-3.069999999999993,-0.0212
2021-02-22,136.67,142.46,136.26,141.54,NKE,8985889.0,10.040650143794227,10.040650143794227,141.54,136.67,142.46,136.26,8985889,137.17,132.45,138.06,132.05,8985889.0,-5.350000000000023,-0.0377
2021-02-23,136.13,136.83,131.58,136.03,NKE,10364140.0,9.997027175493585,9.997027175493585,136.03,136.13,136.83,131.58,10364140,131.83,131.92,132.6,127.51,10364140.0,-0.539999999999992,-0.004
2021-02-24,135.65,135.96,133.95,135.06,NKE,6360911.0,9.958251203670793,9.958251203670793,135.06,135.65,135.96,133.95,6360911,130.89,131.46,131.76,129.81,6360911.0,-0.47999999999998977,-0.0035
2021-02-25,135.54,139.18,134.53,137.6,NKE,5674302.0,9.949365043461402,9.949365043461402,137.6,135.54,139.18,134.53,5674302,133.35,131.35,134.88,130.37,5674302.0,-0.11000000000001364,-0.0008
2021-02-26,134.78,136.85,133.36,135.9,NKE,6650210.0,9.88796975474198,9.88796975474198,135.9,134.78,136.85,133.36,6650210,131.97,130.88,132.9,129.51,6650210.0,-0.7599999999999909,-0.0056
2021-03-01,137.65,139.15,135.5,135.64,NKE,5717793.0,10.119817752932434,10.119817752932434,135.64,137.65,139.15,135.5,5717793,131.72,133.67,135.13,131.58,5717793.0,2.8700000000000045,0.0213
2021-03-02,137.02,138.25,135.61,137.56,NKE,5292900.0,10.068924289915017,10.068924289915017,137.56,137.02,138.25,135.61,5292900,133.58,133.06,134.26,131.69,5292900.0,-0.6299999999999955,-0.0046
2021-03-03,134.26,137.41,134.15,137.09,NKE,4888379.0,9.845962451933952,9.845962451933952,137.09,134.26,137.41,134.15,4888379,133.13,130.38,133.44,130.27,4888379.0,-2.7600000000000193,-0.0201
2021-03-04,132.04,135.13,130.18,134.0,NKE,7181486.0,9.66662358225353,9.66662358225353,134.0,132.04,135.13,130.18,7181486,130.13,128.22,131.22,126.42,7181486.0,-2.219999999999999,-0.0165
2021-03-05,133.35,133.68,129.19,133.54,NKE,5957148.0,9.772449672019905,9.772449672019905,133.54,133.35,133.68,129.19,5957148,129.68,129.5,129.82,125.45,5957148.0,1.3100000000000023,0.0099
2021-03-08,134.56,135.63,132.37,133.64,NKE,4983035.0,9.870197434323199,9.870197434323199,133.64,134.56,135.63,132.37,4983035,129.78,130.67,131.71,128.54,4983035.0,1.210000000000008,0.0091
2021-03-09,135.95,138.0,135.45,135.51,NKE,5977764.0,9.982486186060036,9.982486186060036,135.51,135.95,138.0,135.45,5977764,131.59,132.02,134.01,131.54,5977764.0,1.3899999999999864,0.0103
2021-03-10,137.59,138.19,136.2,136.5,NKE,1131945.0,10.114970756454584,10.114970756454584,136.5,137.59,138.19,136.2,1131945,132.55515,133.613649,134.196309,132.26381999999998,1131945.0,1.6400000000000148,0.0121
2021-03-11,141.19,142.2,138.56,139.18,NKE,5696538.0,10.405790545125535,10.405790545125535,139.18,141.19,142.2,138.56,5696538,135.16,137.11,138.09,134.56,5696538.0,3.5999999999999943,0.0262
2021-03-12,140.45,140.91,138.6,140.0,NKE,4143150.0,10.346010921898728,10.346010921898728,140.0,140.45,140.91,138.6,4143150,135.95,136.39,136.84,134.59,4143150.0,-0.7400000000000091,-0.0052
2021-03-15,144.94,145.0,140.67,140.7,NKE,5417218.0,10.708727824991113,10.708727824991113,140.7,144.94,145.0,140.67,5417218,136.63,140.75,140.81,136.6,5417218.0,4.490000000000009,0.032
2021-03-16,144.65,146.15,143.84,145.88,NKE,5622963.0,10.685300675348175,10.685300675348175,145.88,144.65,146.15,143.84,5622963,141.66,140.47,141.93,139.69,5622963.0,-0.28999999999999204,-0.002
2021-03-17,144.82,146.15,143.2,143.2,NKE,5134378.0,10.699033832035413,10.699033832035413,143.2,144.82,146.15,143.2,5134378,139.06,140.63,141.93,139.06,5134378.0,0.1699999999999875,0.0012
2021-03-18,143.17,146.66,142.55,144.37,NKE,10279416.0,10.56574142889456,10.56574142889456,144.37,143.17,146.66,142.55,10279416,140.2,139.03,142.42,138.43,10279416.0,-1.6500000000000057,-0.0114
2021-03-19,137.49,142.86,135.51,140.0,NKE,24980362.0,10.106892428991502,10.106892428991502,140.0,137.49,142.86,135.51,24980362,135.95,133.52,138.73,131.59,24980362.0,-5.679999999999978,-0.0397
2021-03-22,138.27,138.81,136.03,137.63,NKE,7537298.0,10.169903383203543,10.169903383203543,137.63,138.27,138.81,136.03,7537298,133.65,134.27,134.8,132.1,7537298.0,0.7800000000000011,0.0057
2021-03-23,137.12,140.64,136.55,138.49,NKE,5582625.0,10.077002617378099,10.077002617378099,138.49,137.12,140.64,136.55,5582625,134.49,133.16,136.58,132.6,5582625.0,-1.1500000000000057,-0.0083
2021-03-24,133.16,137.92,132.88,136.45,NKE,8157637.0,9.757100849840048,9.757100849840048,136.45,133.16,137.92,132.88,8157637,132.51,129.31,133.93,129.04,8157637.0,-3.960000000000008,-0.0289
2021-03-25,128.64,129.39,125.44,127.05,NKE,18475804.0,9.39196044850874,9.39196044850874,127.05,128.64,129.39,125.44,18475804,123.38,124.92,125.65,121.81,18475804.0,-4.52000000000001,-0.0339
2021-03-26,132.99,133.19,129.77,131.6,NKE,10010472.0,9.74336769315281,9.74336769315281,131.6,132.99,133.19,129.77,10010472,127.8,129.15,129.34,126.02,10010472.0,4.350000000000023,0.0338
2021-03-29,133.49,133.91,130.66,132.94,NKE,7153914.0,9.783759330468222,9.783759330468222,132.94,133.49,133.91,130.66,7153914,129.1,129.63,130.04,126.88,7153914.0,0.5,0.0038
2021-03-30,132.95,133.35,131.22,132.34,NKE,6026601.0,9.740136362167576,9.740136362167576,132.34,132.95,133.35,131.22,6026601,128.52,129.11,129.5,127.43,6026601.0,-0.5400000000000205,-0.004
2021-03-31,132.89,134.18,131.92,133.09,NKE,6878936.0,9.735289365689727,9.735289365689727,133.09,132.89,134.18,131.92,6878936,129.24,129.05,130.3,128.11,6878936.0,-0.060000000000002274,-0.0005
2021-04-01,132.53,134.69,132.21,134.69,NKE,5720557.0,9.706207386822632,9.706207386822632,134.69,132.53,134.69,132.21,5720557,130.8,128.7,130.8,128.39,5720557.0,-0.3599999999999852,-0.0027
2021-04-05,135.12,135.68,133.1,133.1,NKE,5508931.0,9.915436068116458,9.915436068116458,133.1,135.12,135.68,133.1,5508931,129.25,131.22,131.76,129.25,5508931.0,2.5900000000000034,0.0195
2021-04-06,137.16,137.71,134.93,135.44,NKE,4670099.0,10.08023394836333,10.08023394836333,135.44,137.16,137.71,134.93,4670099,131.53,133.2,133.73,131.03,4670099.0,2.039999999999992,0.0151
2021-04-07,136.54,138.24,136.36,136.99,NKE,6646002.0,10.030148318092222,10.030148318092222,136.99,136.54,138.24,136.36,6646002,133.03,132.59,134.24,132.42,6646002.0,-0.6200000000000045,-0.0045
2021-04-08,133.68,137.31,133.41,137.28,NKE,8748392.0,9.799108152648076,9.799108152648076,137.28,133.68,137.31,133.41,8748392,133.31,129.82,133.34,129.55,8748392.0,-2.859999999999985,-0.0209
2021-04-09,135.45,135.5,133.5,133.94,NKE,6056769.0,9.942094548744628,9.942094548744628,133.94,135.45,135.5,133.5,6056769,130.07,131.54,131.58,129.64,6056769.0,1.7699999999999818,0.0132
2021-04-12,136.64,136.9,134.22,134.75,NKE,5638234.0,10.038226645555303,10.038226645555303,134.75,136.64,136.9,134.22,5638234,130.86,132.69,132.94,130.34,5638234.0,1.1899999999999977,0.0088
2021-04-13,133.54,135.99,133.4,135.6,NKE,8778164.0,9.78779849419976,9.78779849419976,135.6,133.54,135.99,133.4,8778164,131.68,129.68,132.06,129.54,8778164.0,-3.0999999999999943,-0.0227
2021-04-14,132.26,134.18,131.82,133.54,NKE,7354084.0,9.68439590267231,9.68439590267231,133.54,132.26,134.18,131.82,7354084,129.68,128.44,130.3,128.01,7354084.0,-1.2800000000000011,-0.0096
2021-04-15,133.67,134.07,132.68,133.0,NKE,6285030.0,9.798300319901767,9.798300319901767,133.0,133.67,134.07,132.68,6285030,129.16,129.81,130.2,128.85,6285030.0,1.4099999999999966,0.0107
2021-04-16,134.31,134.77,133.73,134.71,NKE,6852498.0,9.850001615665493,9.850001615665493,134.71,134.31,134.77,133.73,6852498,130.82,130.43,130.88,129.87,6852498.0,0.6400000000000148,0.0048
2021-04-19,132.57,134.38,132.15,134.3,NKE,5613592.0,9.709438717807865,9.709438717807865,134.3,132.57,134.38,132.15,5613592,130.42,128.74,130.5,128.33,5613592.0,-1.740000000000009,-0.013
2021-04-20,127.11,129.9,125.7,129.17,NKE,13268678.0,9.268362038323586,9.268362038323586,129.17,127.11,129.9,125.7,13268678,125.44,123.44,126.15,122.07,13268678.0,-5.459999999999994,-0.0412
2021-04-21,129.9,130.33,127.37,127.59,NKE,7110855.0,9.493747374543576,9.493747374543576,127.59,129.9,130.33,127.37,7110855,123.9,126.15,126.56,123.69,7110855.0,2.7900000000000063,0.0219
2021-04-22,129.18,130.37,127.98,129.89,NKE,6442917.0,9.435583416809385,9.435583416809385,129.89,129.18,130.37,127.98,6442917,126.14,125.45,126.6,124.28,6442917.0,-0.7199999999999989,-0.0055
2021-04-23,130.19,130.65,128.46,128.93,NKE,7489517.0,9.517174524186512,9.517174524186512,128.93,130.19,130.65,128.46,7489517,125.2,126.43,126.87,124.75,7489517.0,1.009999999999991,0.0078
2021-04-26,131.6,131.7,129.32,130.49,NKE,8217807.0,9.63107894141597,9.63107894141597,130.49,131.6,131.7,129.32,8217807,126.72,127.8,127.89,125.58,8217807.0,1.4099999999999966,0.0108
2021-04-27,132.11,132.79,131.41,132.0,NKE,5833092.0,9.67227841147769,9.67227841147769,132.0,132.11,132.79,131.41,5833092,128.19,128.29,128.95,127.61,5833092.0,0.5100000000000193,0.0039
2021-04-28,130.71,132.33,130.34,132.26,NKE,8195648.0,9.55918182699454,9.55918182699454,132.26,130.71,132.33,130.34,8195648,128.44,126.93,128.51,126.58,8195648.0,-1.4000000000000057,-0.0106
2021-04-29,133.26,134.12,131.23,131.77,NKE,6612461.0,9.76517917730313,9.76517917730313,131.77,133.26,134.12,131.23,6612461,127.96,129.41,130.24,127.44,6612461.0,2.549999999999983,0.0195
2021-04-30,132.62,133.88,132.05,132.44,NKE,5643809.0,9.713477881539406,9.713477881539406,132.44,132.62,133.88,132.05,5643809,128.61,128.79,130.01,128.23,5643809.0,-0.6399999999999864,-0.0048
2021-05-03,133.03,134.45,132.59,133.37,NKE,5052987.0,9.746599024138042,9.746599024138042,133.37,133.03,134.45,132.59,5052987,129.52,129.19,130.56,128.76,5052987.0,0.4099999999999966,0.0031
2021-05-04,131.55,132.59,130.47,132.23,NKE,6129539.0,9.627039777684429,9.627039777684429,132.23,131.55,132.59,130.47,6129539,128.41,127.75,128.76,126.7,6129539.0,-1.4799999999999898,-0.0111
2021-05-05,132.21,134.22,132.08,132.7,NKE,4218037.0,9.68035673894077,9.68035673894077,132.7,132.21,134.22,132.08,4218037,128.86,128.39,130.34,128.26,4218037.0,0.6599999999999966,0.005
2021-05-06,133.49,133.84,131.94,132.6,NKE,5200987.0,9.783759330468222,9.783759330468222,132.6,133.49,133.84,131.94,5200987,128.77,129.63,129.97,128.13,5200987.0,1.2800000000000011,0.0097
2021-05-07,137.81,139.36,134.72,135.0,NKE,10566670.0,10.132743076873364,10.132743076873364,135.0,137.81,139.36,134.72,10566670,131.1,133.83,135.33,130.83,10566670.0,4.319999999999993,0.0324
2021-05-10,136.4,138.9,136.3,138.0,NKE,5669327.0,10.018838659643908,10.018838659643908,138.0,136.4,138.9,136.3,5669327,134.01,132.46,134.89,132.36,5669327.0,-1.4099999999999966,-0.0102
2021-05-11,137.12,138.38,135.01,138.38,NKE,8045369.0,10.077002617378099,10.077002617378099,138.38,137.12,138.38,135.01,8045369,134.38,133.16,134.38,131.11,8045369.0,0.7199999999999989,0.0053
2021-05-12,133.39,136.82,133.34,135.42,NKE,5865117.0,9.775681003005136,9.775681003005136,135.42,133.39,136.82,133.34,5865117,131.51,129.54,132.87,129.49,5865117.0,-3.730000000000018,-0.0272
2021-05-13,133.61,135.03,132.49,133.7,NKE,6284732.0,9.79345332342392,9.79345332342392,133.7,133.61,135.03,132.49,6284732,129.84,129.75,131.13,128.66,6284732.0,0.22000000000002728,0.0016
2021-05-14,135.93,136.68,134.05,134.34,NKE,4367939.0,9.980870520567422,9.980870520567422,134.34,135.93,136.68,134.05,4367939,130.46,132.0,132.73,130.18,4367939.0,2.319999999999993,0.0174
2021-05-17,136.41,137.07,135.5,136.33,NKE,3934280.0,10.019646492390216,10.019646492390216,136.33,136.41,137.07,135.5,3934280,132.39,132.47,133.11,131.58,3934280.0,0.47999999999998977,0.0035
2021-05-18,135.56,137.47,135.45,136.44,NKE,5664910.0,9.950980708954019,9.950980708954019,136.44,135.56,137.47,135.45,5664910,132.5,131.64,133.5,131.54,5664910.0,-0.8499999999999943,-0.0062
2021-05-19,132.96,133.97,131.96,133.48,NKE,5582288.0,9.740944194913887,9.740944194913887,133.48,132.96,133.97,131.96,5582288,129.62,129.12,130.1,128.15,5582288.0,-2.5999999999999943,-0.0192
2021-05-20,133.27,134.21,132.19,133.78,NKE,4934804.0,9.76598701004944,9.76598701004944,133.78,133.27,134.21,132.19,4934804,129.91,129.42,130.33,128.37,4934804.0,0.3100000000000023,0.0023
2021-05-21,132.66,134.17,132.41,133.83,NKE,5329741.0,9.71670921252464,9.71670921252464,133.83,132.66,134.17,132.41,5329741,129.96,128.83,130.29,128.58,5329741.0,-0.6100000000000136,-0.0046
2021-05-24,134.06,134.35,132.81,133.1,NKE,4313241.0,9.829805797007788,9.829805797007788,133.1,134.06,134.35,132.81,4313241,129.25,130.19,130.47,128.97,4313241.0,1.4000000000000057,0.0106
2021-05-25,134.32,135.17,133.85,134.94,NKE,4885772.0,9.8508094484118,9.8508094484118,134.94,134.32,135.17,133.85,4885772,131.04,130.44,131.26,129.98,4885772.0,0.2599999999999909,0.0019
2021-05-26,136.89,137.92,135.0,135.2,NKE,6781520.0,10.058422464213008,10.058422464213008,135.2,136.89,137.92,135.0,6781520,131.29,132.93,133.93,131.1,6781520.0,2.569999999999993,0.0191
2021-05-27,136.56,138.31,136.46,137.55,NKE,12882609.0,10.031763983584838,10.031763983584838,137.55,136.56,138.31,136.46,12882609,133.57,132.61,134.31,132.52,12882609.0,-0.3299999999999841,-0.0024
2021-05-28,136.46,137.35,136.09,136.24,NKE,4154634.0,10.023685656121756,10.023685656121756,136.24,136.46,137.35,136.09,4154634,132.56,132.78,133.65,132.42,4154634.0,-0.09999999999999432,-0.0007
2021-06-01,134.51,138.05,134.21,137.85,NKE,5577919.0,9.866158270591656,9.866158270591656,137.85,134.51,138.05,134.21,5577919,134.13,130.88,134.32,130.59,5577919.0,-1.950000000000017,-0.0143
2021-06-02,134.17,135.49,133.53,134.59,NKE,5226155.0,9.838691957217177,9.838691957217177,134.59,134.17,135.49,133.53,5226155,130.96,130.55,131.83,129.92,5226155.0,-0.3400000000000034,-0.0025
2021-06-03,134.17,134.69,132.51,133.2,NKE,5027442.0,9.838691957217177,9.838691957217177,133.2,134.17,134.69,132.51,5027442,129.6,130.55,131.05,128.93,5027442.0,0.0,0.0
2021-06-04,133.74,134.94,132.28,134.5,NKE,5217054.0,9.803955149125926,9.803955149125926,134.5,133.74,134.94,132.28,5217054,130.87,130.13,131.3,128.71,5217054.0,-0.4299999999999784,-0.0032
2021-06-07,133.95,135.2,133.44,134.0,NKE,3764986.0,9.820919636798397,9.820919636798397,134.0,133.95,135.2,133.44,3764986,130.38,130.33,131.55,129.84,3764986.0,0.20999999999997954,0.0016
2021-06-08,133.35,134.72,132.41,134.69,NKE,4915234.0,9.772449672019905,9.772449672019905,134.69,133.35,134.72,132.41,4915234,131.05,129.75,131.08,128.83,4915234.0,-0.5999999999999943,-0.0045
2021-06-09,131.84,134.9,131.45,133.62,NKE,6448442.0,9.650466927327367,9.650466927327367,133.62,131.84,134.9,131.45,6448442,130.01,128.28,131.26,127.9,6448442.0,-1.509999999999991,-0.0113
2021-06-10,130.98,132.57,130.19,131.5,NKE,6584125.0,9.58099331114486,9.58099331114486,131.5,130.98,132.57,130.19,6584125,127.95,127.44,128.99,126.67,6584125.0,-0.8600000000000136,-0.0065
2021-06-11,131.94,131.99,130.53,131.5,NKE,5414527.0,9.658545254790448,9.658545254790448,131.5,131.94,131.99,130.53,5414527,127.95,128.38,128.43,127.01,5414527.0,0.960000000000008,0.0073
2021-06-14,131.36,132.05,130.13,131.7,NKE,5743631.0,9.611690955504574,9.611690955504574,131.7,131.36,132.05,130.13,5743631,128.14,127.81,128.48,126.61,5743631.0,-0.5799999999999841,-0.0044
2021-06-15,130.29,131.75,129.83,131.54,NKE,5168054.0,9.525252851649594,9.525252851649594,131.54,130.29,131.75,129.83,5168054,127.99,126.77,128.19,126.32,5168054.0,-1.0700000000000216,-0.0081
2021-06-16,130.4,131.17,129.6,130.3,NKE,7915479.0,9.534139011858985,9.534139011858985,130.3,130.4,131.17,129.6,7915479,126.78,126.88,127.63,126.1,7915479.0,0.11000000000001364,0.0008
2021-06-17,128.92,129.88,127.86,129.24,NKE,8568107.0,9.41457976540537,9.41457976540537,129.24,128.92,129.88,127.86,8568107,125.75,125.44,126.37,124.41,8568107.0,-1.4800000000000182,-0.0113
2021-06-18,128.41,129.03,126.68,126.68,NKE,9784780.0,9.373380295343653,9.373380295343653,126.68,128.41,129.03,126.68,9784780,123.26,124.94,125.55,123.26,9784780.0,-0.5099999999999909,-0.004
2021-06-21,130.08,130.76,128.7,129.24,NKE,6288511.0,9.508288363977123,9.508288363977123,129.24,130.08,130.76,128.7,6288511,125.75,126.57,127.23,125.23,6288511.0,1.670000000000016,0.013
2021-06-22,132.48,132.69,130.13,130.83,NKE,6043753.0,9.70216822309109,9.70216822309109,130.83,132.48,132.69,130.13,6043753,127.3,128.9,129.11,126.62,6043753.0,2.3999999999999773,0.0185
2021-06-23,133.1,133.7,132.21,132.81,NKE,4565993.0,9.7522538533622,9.7522538533622,132.81,133.1,133.7,132.21,4565993,129.22,129.51,130.09,128.64,4565993.0,0.6200000000000045,0.0047
2021-06-24,133.6,134.81,132.9,133.9,NKE,11420506.0,9.792645490677609,9.792645490677609,133.9,133.6,134.81,132.9,11420506,130.28,129.99,131.17,129.31,11420506.0,0.5,0.0038
2021-06-25,154.35,154.59,150.48,152.41,NKE,46285443.0,11.468898439267132,11.468898439267132,152.41,154.35,154.59,150.48,46285443,148.29,150.18,150.42,146.42,46285443.0,20.75,0.1553
2021-06-28,152.36,154.05,151.51,153.92,NKE,13133259.0,11.308139722751802,11.308139722751802,153.92,152.36,154.05,151.51,13133259,149.76,148.25,149.89,147.42,13133259.0,-1.9899999999999807,-0.0129
2021-06-29,155.95,156.4,152.91,153.26,NKE,10279899.0,11.598151678676444,11.598151678676444,153.26,155.95,156.4,152.91,10279899,149.12,151.74,152.18,148.78,10279899.0,3.589999999999975,0.0236
2021-06-30,154.49,155.34,153.52,154.79,NKE,10281800.0,11.48020809771545,11.48020809771545,154.79,154.49,155.34,153.52,10281800,150.61,150.32,151.14,149.37,10281800.0,-1.4599999999999795,-0.0094
2021-07-01,158.0,158.21,153.89,154.07,NKE,9011480.0,11.763757391669628,11.763757391669628,154.07,158.0,158.21,153.89,9011480,149.91,153.73,153.94,149.73,9011480.0,3.509999999999991,0.0227
2021-07-02,159.74,159.97,157.64,158.21,NKE,6397392.0,11.904320289527256,11.904320289527256,158.21,159.74,159.97,157.64,6397392,153.94,155.43,155.65,153.38,6397392.0,1.740000000000009,0.011
2021-07-06,160.11,160.44,157.86,159.92,NKE,6670979.0,11.93421010114066,11.93421010114066,159.92,160.11,160.44,157.86,6670979,155.6,155.79,156.11,153.6,6670979.0,0.37000000000000455,0.0023
2021-07-07,160.16,161.5,158.28,160.16,NKE,5408252.0,11.9382492648722,11.9382492648722,160.16,160.16,161.5,158.28,5408252,155.84,155.84,157.14,154.01,5408252.0,0.04999999999998295,0.0003
2021-07-08,160.63,160.82,157.35,158.17,NKE,6081641.0,11.976217403948684,11.976217403948684,158.17,160.63,160.82,157.35,6081641,153.9,156.29,156.48,153.1,6081641.0,0.46999999999999886,0.0029
2021-07-09,161.0,161.96,160.51,161.69,NKE,5002326.0,12.00610721556209,12.00610721556209,161.69,161.0,161.96,160.51,5002326,157.32,156.65,157.59,156.18,5002326.0,0.37000000000000455,0.0023
2021-07-12,161.82,162.43,160.71,161.64,NKE,4992241.0,12.072349500759362,12.072349500759362,161.64,161.82,162.43,160.71,4992241,157.28,157.45,158.04,156.37,4992241.0,0.8199999999999932,0.0051
2021-07-13,161.59,162.31,161.01,161.35,NKE,5747737.0,12.053769347594274,12.053769347594274,161.35,161.59,162.31,161.01,5747737,156.99,157.23,157.93,156.66,5747737.0,-0.22999999999998977,-0.0014
2021-07-14,161.54,162.73,161.34,161.87,NKE,4928009.0,12.049730183862732,12.049730183862732,161.87,161.54,162.73,161.34,4928009,157.5,157.18,158.34,156.98,4928009.0,-0.05000000000001137,-0.0003
2021-07-15,161.69,162.2,160.39,160.86,NKE,6432687.0,12.061847675057354,12.061847675057354,160.86,161.69,162.2,160.39,6432687,156.52,157.32,157.82,156.06,6432687.0,0.15000000000000568,0.0009
2021-07-16,159.85,161.7,159.64,161.62,NKE,6603680.0,11.913206449736645,11.913206449736645,161.62,159.85,161.7,159.64,6603680,157.26,155.53,157.33,155.33,6603680.0,-1.8400000000000034,-0.0114
2021-07-19,157.87,158.82,156.6,158.15,NKE,7377137.0,11.75325556596762,11.75325556596762,158.15,157.87,158.82,156.6,7377137,153.88,153.61,154.53,152.37,7377137.0,-1.9799999999999898,-0.0124
2021-07-20,159.74,160.43,156.58,157.26,NKE,4629228.0,11.904320289527256,11.904320289527256,157.26,159.74,160.43,156.58,4629228,153.01,155.43,156.1,152.35,4629228.0,1.8700000000000045,0.0118
2021-07-21,161.08,161.43,160.01,160.5,NKE,5393267.0,12.012569877532556,12.012569877532556,160.5,161.08,161.43,160.01,5393267,156.17,156.73,157.07,155.69,5393267.0,1.3400000000000034,0.0084
2021-07-22,163.68,163.75,160.93,161.11,NKE,4851541.0,12.222606391572688,12.222606391572688,161.11,163.68,163.75,160.93,4851541,156.76,159.26,159.33,156.58,4851541.0,2.5999999999999943,0.0161
2021-07-23,166.36,166.45,163.73,164.35,NKE,4217669.0,12.439105567583288,12.439105567583288,164.35,166.36,166.45,163.73,4217669,159.91,161.87,161.96,159.31,4217669.0,2.680000000000007,0.0164
2021-07-26,165.09,166.53,163.82,165.71,NKE,3858810.0,12.336510808802144,12.336510808802144,165.71,165.09,166.53,163.82,3858810,161.24,160.63,162.03,159.4,3858810.0,-1.2700000000000102,-0.0076
2021-07-27,164.57,165.61,162.58,164.82,NKE,4358969.0,12.294503505994117,12.294503505994117,164.82,164.57,165.61,162.58,4358969,160.37,160.13,161.14,158.19,4358969.0,-0.5200000000000102,-0.0031
2021-07-28,165.46,165.9,164.08,164.49,NKE,4093570.0,12.366400620415549,12.366400620415549,164.49,165.46,165.9,164.08,4093570,160.05,160.99,161.42,159.65,4093570.0,0.8900000000000148,0.0054
2021-07-29,166.99,167.03,165.39,165.9,NKE,3605614.0,12.489999030600703,12.489999030600703,165.9,166.99,167.03,165.39,3605614,161.42,162.48,162.52,160.92,3605614.0,1.5300000000000011,0.0092
2021-07-30,167.51,167.87,166.35,166.59,NKE,5364522.0,12.532006333408729,12.532006333408729,166.59,167.51,167.87,166.35,5364522,162.09,162.99,163.34,161.86,5364522.0,0.5199999999999818,0.0031
2021-08-02,168.75,169.98,168.03,169.06,NKE,5532475.0,12.632177593950948,12.632177593950948,169.06,168.75,169.98,168.03,5532475,164.5,164.19,165.39,163.49,5532475.0,1.240000000000009,0.0074
2021-08-03,171.23,171.5,168.49,169.22,NKE,5718127.0,12.832520115035381,12.832520115035381,169.22,171.23,171.5,168.49,5718127,164.65,166.61,166.87,163.94,5718127.0,2.4799999999999898,0.0147
2021-08-04,171.91,172.34,170.96,171.36,NKE,4646201.0,12.88745274178434,12.88745274178434,171.36,171.91,172.34,170.96,4646201,166.73,167.27,167.69,166.34,4646201.0,0.6800000000000068,0.004
2021-08-05,173.85,174.0,171.18,171.41,NKE,3823951.0,13.044172294568131,13.044172294568131,171.41,173.85,174.0,171.18,3823951,166.78,169.16,169.3,166.56,3823951.0,1.9399999999999977,0.0113
2021-08-06,172.8,174.38,172.7,174.36,NKE,4088665.0,12.95934985620577,12.95934985620577,174.36,172.8,174.38,172.7,4088665,169.65,168.13,169.67,168.04,4088665.0,-1.049999999999983,-0.006
2021-08-09,171.77,173.06,171.62,172.5,NKE,3612846.0,12.876143083336025,12.876143083336025,172.5,171.77,173.06,171.62,3612846,167.84,167.13,168.39,166.98,3612846.0,-1.0300000000000011,-0.006
2021-08-10,172.27,173.96,171.43,171.56,NKE,3747136.0,12.916534720651436,12.916534720651436,171.56,172.27,173.96,171.43,3747136,166.93,167.62,169.26,166.8,3747136.0,0.5,0.0029
2021-08-11,171.27,173.22,170.94,172.0,NKE,4078286.0,12.835751446020616,12.835751446020616,172.0,171.27,173.22,170.94,4078286,167.36,166.65,168.54,166.32,4078286.0,-1.0,-0.0058
2021-08-12,170.64,171.32,169.48,170.89,NKE,3997622.0,12.784857983003198,12.784857983003198,170.89,170.64,171.32,169.48,3997622,166.28,166.03,166.69,164.9,3997622.0,-0.6300000000000239,-0.0037
2021-08-13,171.69,171.72,168.78,170.45,NKE,2966195.0,12.86968042136556,12.86968042136556,170.45,171.69,171.72,168.78,2966195,165.85,167.05,167.08,164.22,2966195.0,1.0500000000000114,0.0062
2021-08-16,172.36,172.4,169.66,170.7,NKE,3530689.0,12.92380521536821,12.92380521536821,170.7,172.36,172.4,169.66,3530689,166.09,167.71,167.75,165.08,3530689.0,0.6700000000000159,0.0039
2021-08-17,170.66,171.7,169.38,171.54,NKE,3602883.0,12.786473648495814,12.786473648495814,171.54,170.66,171.7,169.38,3602883,166.91,166.05,167.06,164.81,3602883.0,-1.700000000000017,-0.0099
2021-08-18,168.81,171.8,168.66,169.75,NKE,5487423.0,12.637024590428796,12.637024590428796,169.75,168.81,171.8,168.66,5487423,165.17,164.25,167.16,164.11,5487423.0,-1.8499999999999943,-0.0108
2021-08-19,165.59,167.54,164.37,166.96,NKE,7336494.0,12.376902446117555,12.376902446117555,166.96,165.59,167.54,164.37,7336494,162.45,161.12,163.02,159.93,7336494.0,-3.219999999999999,-0.0191
2021-08-20,167.79,168.01,165.42,166.27,NKE,4039236.0,12.55462565030536,12.55462565030536,166.27,167.79,168.01,165.42,4039236,161.78,163.26,163.47,160.95,4039236.0,2.1999999999999886,0.0133
2021-08-23,169.72,170.9,169.18,169.45,NKE,3796644.0,12.710537370342843,12.710537370342843,169.45,169.72,170.9,169.18,3796644,164.87,165.14,166.29,164.62,3796644.0,1.9300000000000068,0.0115
2021-08-24,169.98,170.87,168.89,169.6,NKE,3133113.0,12.731541021746855,12.731541021746855,169.6,169.98,170.87,168.89,3133113,165.02,165.39,166.26,164.33,3133113.0,0.2599999999999909,0.0015
2021-08-25,169.84,170.69,169.53,170.0,NKE,3003829.0,12.720231363298542,12.720231363298542,170.0,169.84,170.69,169.53,3003829,165.41,165.25,166.08,164.95,3003829.0,-0.13999999999998636,-0.0008
2021-08-26,166.92,169.52,166.27,169.38,NKE,4069624.0,12.484344201376546,12.484344201376546,169.38,166.92,169.52,166.27,4069624,164.81,162.41,164.94,161.78,4069624.0,-2.920000000000016,-0.0172
2021-08-27,167.58,168.07,166.28,167.27,NKE,3012424.0,12.537661162632888,12.537661162632888,167.27,167.58,168.07,166.28,3012424,163.02,163.32,163.8,162.06,3012424.0,0.660000000000025,0.004
2021-08-30,168.03,168.41,166.57,167.89,NKE,3537067.0,12.574013636216756,12.574013636216756,167.89,168.03,168.41,166.57,3537067,163.63,163.76,164.13,162.34,3537067.0,0.44999999999998863,0.0027
2021-08-31,164.74,167.68,164.2,167.55,NKE,7545629.0,12.308236662681358,12.308236662681358,167.55,164.74,167.68,164.2,7545629,163.29,160.56,163.42,160.03,7545629.0,-3.289999999999992,-0.0196
2021-09-01,164.56,166.62,164.08,164.92,NKE,4706527.0,12.293695673247809,12.293695673247809,164.92,164.56,166.62,164.08,4706527,160.73,160.38,162.39,159.91,4706527.0,-0.18000000000000682,-0.0011
2021-09-02,163.67,165.43,162.78,165.24,NKE,4632856.0,12.221798558826379,12.221798558826379,165.24,163.67,165.43,162.78,4632856,161.04,159.51,161.23,158.65,4632856.0,-0.8900000000000148,-0.0054
2021-09-03,163.29,164.17,162.22,163.2,NKE,4254656.0,12.191100914466666,12.191100914466666,163.2,163.29,164.17,162.22,4254656,159.05,159.14,160.0,158.1,4254656.0,-0.37999999999999545,-0.0023
2021-09-07,162.64,163.86,161.91,163.86,NKE,1341867.0,12.138591785956633,12.138591785956633,163.86,162.64,163.86,161.91,1341867,159.697956,158.508944,159.697956,157.797486,1341867.0,-0.6500000000000057,-0.004
2021-09-08,160.71,162.09,159.75,161.83,NKE,1708975.0,11.982680065919151,11.982680065919151,161.83,160.71,162.09,159.75,1708975,157.71951800000002,156.627966,157.972914,155.69235,1708975.0,-1.9299999999999784,-0.0119
2021-09-09,163.34,166.15,163.2,165.26,NKE,8414827.0,12.195140078198209,12.195140078198209,165.26,163.34,166.15,163.2,8414827,161.06,159.19,161.93,159.05,8414827.0,2.6299999999999955,0.0164
2021-09-10,163.59,165.66,163.44,164.25,NKE,4252054.0,12.215335896855914,12.215335896855914,164.25,163.59,165.66,163.44,4252054,160.08,159.43,161.45,159.29,4252054.0,0.25,0.0015
2021-09-13,159.52,162.92,158.33,161.56,NKE,8814461.0,11.886547969108475,11.886547969108475,161.56,159.52,162.92,158.33,8814461,157.46,155.47,158.78,154.31,8814461.0,-4.069999999999993,-0.0249
2021-09-14,158.76,159.39,157.07,159.17,NKE,5323906.0,11.825152680389051,11.825152680389051,159.17,158.76,159.39,157.07,5323906,155.13,154.73,155.34,153.08,5323906.0,-0.7600000000000193,-0.0048
2021-09-15,157.91,158.32,155.67,157.5,NKE,6827120.0,11.756486896952854,11.756486896952854,157.5,157.91,158.32,155.67,6827120,153.5,153.9,154.3,151.72,6827120.0,-0.8499999999999943,-0.0054
2021-09-16,157.6,159.01,157.2,157.59,NKE,5085953.0,11.7314440818173,11.7314440818173,157.59,157.6,159.01,157.2,5085953,153.59,153.6,154.97,153.21,5085953.0,-0.3100000000000023,-0.002
2021-09-17,156.42,161.0,156.06,157.96,NKE,7947833.0,11.636119817752931,11.636119817752931,157.96,156.42,161.0,156.06,7947833,153.95,152.45,156.91,152.1,7947833.0,-1.1800000000000068,-0.0075
2021-09-20,154.25,155.27,152.32,153.73,NKE,7041151.0,11.46082011180405,11.46082011180405,153.73,154.25,155.27,152.32,7041151,149.83,150.33,151.33,148.45,7041151.0,-2.1699999999999875,-0.0139
2021-09-21,155.02,156.13,153.58,155.09,NKE,5857946.0,11.523023233269784,11.523023233269784,155.09,155.02,156.13,153.58,5857946,151.15,151.08,152.16,149.68,5857946.0,0.7700000000000102,0.005
2021-09-22,157.44,158.0,155.6,156.79,NKE,6844752.0,11.718518757876367,11.718518757876367,156.79,157.44,158.0,155.6,6844752,152.81,153.44,153.99,151.65,6844752.0,2.4199999999999875,0.0156
2021-09-23,159.58,160.29,158.27,158.71,NKE,11981521.0,11.891394965586326,11.891394965586326,158.71,159.58,160.29,158.27,11981521,154.68,155.53,156.22,154.25,11981521.0,2.140000000000015,0.0136
2021-09-24,149.59,151.85,148.0,151.04,NKE,26913307.0,11.084370052024427,11.084370052024427,151.04,149.59,151.85,148.0,26913307,147.2,145.79,147.99,144.24,26913307.0,-9.990000000000009,-0.0626
2021-09-27,148.04,149.91,147.29,149.51,NKE,11479263.0,10.959155976346656,10.959155976346656,149.51,148.04,149.91,147.29,11479263,145.71,144.28,146.1,143.55,11479263.0,-1.5500000000000114,-0.0104
2021-09-28,145.3,147.53,145.0,147.34,NKE,10692289.0,10.737809803858209,10.737809803858209,147.34,145.3,147.53,145.0,10692289,143.6,141.61,143.78,141.32,10692289.0,-2.7399999999999807,-0.0185
2021-09-29,146.02,147.94,145.69,145.71,NKE,7794925.0,10.7959737615924,10.7959737615924,145.71,146.02,147.94,145.69,7794925,142.01,142.31,144.18,141.99,7794925.0,0.7199999999999989,0.005
2021-09-30,145.23,147.48,144.42,145.88,NKE,10135898.0,10.73215497463405,10.73215497463405,145.88,145.23,147.48,144.42,10135898,142.17,141.54,143.73,140.75,10135898.0,-0.7900000000000205,-0.0054
2021-10-01,147.06,148.0,144.37,145.22,NKE,8112276.0,10.879988367208453,10.879988367208453,145.22,147.06,148.0,144.37,8112276,141.53,143.32,144.24,140.7,8112276.0,1.8300000000000125,0.0126
2021-10-04,147.14,147.62,145.76,147.06,NKE,7950980.0,10.886451029178916,10.886451029178916,147.06,147.14,147.62,145.76,7950980,143.32,143.4,143.87,142.06,7950980.0,0.07999999999998408,0.0005
2021-10-05,149.46,151.0,147.82,148.0,NKE,10881850.0,11.073868226322421,11.073868226322421,148.0,149.46,151.0,147.82,10881850,144.24,145.66,147.16,144.07,10881850.0,2.3200000000000216,0.0158
2021-10-06,148.8,149.46,147.51,148.0,NKE,7610726.0,11.02055126506608,11.02055126506608,148.0,148.8,149.46,147.51,7610726,144.24,145.02,145.66,143.76,7610726.0,-0.6599999999999966,-0.0044
2021-10-07,151.85,153.66,150.26,150.3,NKE,7958039.0,11.266940252690082,11.266940252690082,150.3,151.85,153.66,150.26,7958039,146.48,147.99,149.76,146.44,7958039.0,3.049999999999983,0.0205
2021-10-08,152.48,152.87,150.67,152.22,NKE,6333747.0,11.317833715707499,11.317833715707499,152.22,152.48,152.87,150.67,6333747,148.35,148.61,148.99,146.84,6333747.0,0.6299999999999955,0.0041
2021-10-11,150.28,153.59,150.06,151.99,NKE,5551181.0,11.140110511519694,11.140110511519694,151.99,150.28,153.59,150.06,5551181,148.13,146.46,149.69,146.24,5551181.0,-2.1999999999999886,-0.0144
2021-10-12,153.35,153.6,151.3,152.42,NKE,7408556.0,11.388115164636313,11.388115164636313,152.42,153.35,153.6,151.3,7408556,148.55,149.45,149.7,147.46,7408556.0,3.069999999999993,0.0204
2021-10-13,156.3,156.67,153.16,154.32,NKE,8457480.0,11.626425824797234,11.626425824797234,154.32,156.3,156.67,153.16,8457480,150.4,152.33,152.69,149.27,8457480.0,2.950000000000017,0.0192
2021-10-14,157.14,158.46,156.25,158.18,NKE,6025600.0,11.69428377548712,11.69428377548712,158.18,157.14,158.46,156.25,6025600,154.16,153.15,154.44,152.28,6025600.0,0.839999999999975,0.0054
2021-10-15,158.01,158.33,156.56,157.8,NKE,5532311.0,11.764565224415936,11.764565224415936,157.8,158.01,158.33,156.56,5532311,153.79,154.0,154.31,152.58,5532311.0,0.8700000000000045,0.0055
2021-10-18,159.43,159.47,155.95,157.31,NKE,5765540.0,11.879277474391701,11.879277474391701,157.31,159.43,159.47,155.95,5765540,153.31,155.38,155.42,151.99,5765540.0,1.420000000000016,0.009
2021-10-19,157.82,159.93,156.8,159.68,NKE,6198206.0,11.74921640223608,11.74921640223608,159.68,157.82,159.93,156.8,6198206,155.62,153.81,155.87,152.82,6198206.0,-1.6100000000000136,-0.0101
2021-10-20,158.45,158.8,157.32,158.5,NKE,4486964.0,11.800109865253496,11.800109865253496,158.5,158.45,158.8,157.32,4486964,154.47,154.43,154.77,153.33,4486964.0,0.6299999999999955,0.004
2021-10-21,162.18,162.34,158.28,158.45,NKE,6121675.0,12.101431479626457,12.101431479626457,158.45,162.18,162.34,158.28,6121675,154.43,158.06,158.22,154.26,6121675.0,3.730000000000018,0.0235
2021-10-22,163.48,164.62,162.28,162.28,NKE,5323021.0,12.206449736646523,12.206449736646523,162.28,163.48,164.62,162.28,5323021,158.16,159.33,160.44,158.16,5323021.0,1.299999999999983,0.008
2021-10-25,164.22,164.73,162.66,163.23,NKE,3878246.0,12.26622935987333,12.26622935987333,163.23,164.22,164.73,162.66,3878246,159.08,160.05,160.55,158.53,3878246.0,0.7400000000000091,0.0045
2021-10-26,163.79,165.45,163.12,164.82,NKE,4711228.0,12.231492551782077,12.231492551782077,164.82,163.79,165.45,163.12,4711228,160.63,159.63,161.25,158.98,4711228.0,-0.4300000000000068,-0.0026
2021-10-27,162.35,164.06,161.66,163.65,NKE,4163853.0,12.115164636313697,12.115164636313697,163.65,162.35,164.06,161.66,4163853,159.49,158.23,159.89,157.55,4163853.0,-1.4399999999999977,-0.0088
2021-10-28,164.46,164.6,162.81,163.01,NKE,3762035.0,12.285617345784729,12.285617345784729,163.01,164.46,164.6,162.81,3762035,158.87,160.28,160.42,158.67,3762035.0,2.1100000000000136,0.013
2021-10-29,167.29,167.63,163.0,163.06,NKE,6740577.0,12.514234012989949,12.514234012989949,163.06,167.29,167.63,163.0,6740577,158.92,163.04,163.37,158.86,6740577.0,2.829999999999984,0.0172
2021-11-01,166.33,168.8,165.89,167.8,NKE,3610791.0,12.436682069344362,12.436682069344362,167.8,166.33,168.8,165.89,3610791,163.54,162.11,164.51,161.68,3610791.0,-0.9599999999999795,-0.0057
2021-11-02,167.83,168.16,166.11,166.76,NKE,5038033.0,12.557856981290593,12.557856981290593,166.76,167.83,168.16,166.11,5038033,162.52,163.57,163.89,161.89,5038033.0,1.5,0.009
2021-11-03,172.5,172.87,168.65,169.0,NKE,7176711.0,12.935114873816524,12.935114873816524,169.0,172.5,172.87,168.65,7176711,164.71,168.12,168.48,164.37,7176711.0,4.6699999999999875,0.0278
2021-11-04,175.44,175.63,172.0,172.21,NKE,5460077.0,13.172617701231136,13.172617701231136,172.21,175.44,175.63,172.0,5460077,167.84,170.98,171.17,167.63,5460077.0,2.9399999999999977,0.017
2021-11-05,177.51,179.1,175.5,175.73,NKE,5892386.0,13.339839079716933,13.339839079716933,175.73,177.51,179.1,175.5,5892386,171.27,173.0,174.55,171.04,5892386.0,2.069999999999993,0.0118
2021-11-08,171.85,176.53,170.36,176.35,NKE,8301063.0,12.88260574530649,12.88260574530649,176.35,171.85,176.53,170.36,8301063,171.87,167.49,172.05,166.03,8301063.0,-5.659999999999997,-0.0319
2021-11-09,173.82,173.93,170.95,171.25,NKE,4343036.0,13.041748796329207,13.041748796329207,171.25,173.82,173.93,170.95,4343036,166.9,169.4,169.51,166.61,4343036.0,1.9699999999999989,0.0115
2021-11-10,168.26,172.17,167.55,171.23,NKE,8185208.0,12.592593789381844,12.592593789381844,171.23,168.26,172.17,167.55,8185208,166.88,163.99,167.8,163.29,8185208.0,-5.560000000000002,-0.032
2021-11-11,166.97,169.6,166.63,169.6,NKE,4994898.0,12.488383365108087,12.488383365108087,169.6,166.97,169.6,166.63,4994898,165.29,162.73,165.29,162.4,4994898.0,-1.289999999999992,-0.0077
2021-11-12,169.09,169.68,167.4,167.5,NKE,5126255.0,12.659643907325426,12.659643907325426,167.5,169.09,169.68,167.4,5126255,163.25,164.8,165.37,163.15,5126255.0,2.1200000000000045,0.0127
2021-11-15,168.85,170.36,168.52,169.7,NKE,3856824.0,12.64025592141403,12.64025592141403,169.7,168.85,170.36,168.52,3856824,165.39,164.56,166.03,164.24,3856824.0,-0.2400000000000091,-0.0014
2021-11-16,171.83,174.0,169.25,169.25,NKE,4400951.0,12.880990079813875,12.880990079813875,169.25,171.83,174.0,169.25,4400951,164.95,167.47,169.58,164.95,4400951.0,2.980000000000018,0.0176
2021-11-17,171.74,172.74,170.25,171.6,NKE,3940150.0,12.873719585097101,12.873719585097101,171.6,171.74,172.74,170.25,3940150,167.24,167.38,168.35,165.93,3940150.0,-0.09000000000000341,-0.0005
2021-11-18,171.35,173.46,170.36,172.33,NKE,4044957.0,12.84221410799108,12.84221410799108,172.33,171.35,173.46,170.36,4044957,167.95,167.0,169.06,166.03,4044957.0,-0.3900000000000148,-0.0023
2021-11-19,174.88,177.2,170.53,172.15,NKE,6146405.0,13.127379067437877,13.127379067437877,172.15,174.88,177.2,170.53,6146405,167.78,170.44,172.7,166.2,6146405.0,3.530000000000001,0.0206
2021-11-22,174.24,177.75,174.23,174.98,NKE,5907245.0,13.075677771674153,13.075677771674153,174.98,174.24,177.75,174.23,5907245,170.54,169.81,173.24,169.8,5907245.0,-0.6399999999999864,-0.0037
2021-11-23,172.15,173.43,170.41,173.05,NKE,5302381.0,12.906840727695737,12.906840727695737,173.05,172.15,173.43,170.41,5302381,168.65,167.78,169.02,166.08,5302381.0,-2.0900000000000034,-0.012
2021-11-24,172.03,172.43,167.67,168.49,NKE,4637831.0,12.897146734740039,12.897146734740039,168.49,172.03,172.43,167.67,4637831,164.21,167.66,168.05,163.41,4637831.0,-0.12000000000000455,-0.0007
2021-11-26,168.02,169.68,167.54,168.06,NKE,4751087.0,12.573205803470449,12.573205803470449,168.06,168.02,169.68,167.54,4751087,163.79,163.75,165.37,163.28,4751087.0,-4.009999999999991,-0.0233
2021-11-29,169.87,171.15,169.23,169.83,NKE,5448873.0,12.722654861537467,12.722654861537467,169.83,169.87,171.15,169.23,5448873,165.52,165.56,166.8,164.93,5448873.0,1.8499999999999943,0.011
2021-11-30,169.24,171.55,167.53,168.79,NKE,11033992.0,12.67176139852005,12.67176139852005,168.79,169.24,171.55,167.53,11033992,164.5,164.94,167.19,163.27,11033992.0,-0.6299999999999955,-0.0037
2021-12-01,166.7,173.37,166.68,170.89,NKE,6618636.0,12.466571880957764,12.466571880957764,170.89,166.7,173.37,166.68,6618636,166.55,162.47,168.97,162.45,6618636.0,-2.5400000000000205,-0.015
2021-12-02,170.0,170.54,167.0,167.28,NKE,4398871.0,12.733156687239473,12.733156687239473,167.28,170.0,170.54,167.0,4398871,163.03,165.68,166.21,162.76,4398871.0,3.3000000000000114,0.0198
2021-12-03,170.24,172.07,166.76,170.62,NKE,4878460.0,12.75254467315087,12.75254467315087,170.62,170.24,172.07,166.76,4878460,166.58,166.21,167.99,162.81,4878460.0,0.2400000000000091,0.0014
2021-12-06,168.91,171.21,168.06,170.83,NKE,5636915.0,12.645102917891878,12.645102917891878,170.83,168.91,171.21,168.06,5636915,166.78,164.91,167.16,164.08,5636915.0,-1.3300000000000125,-0.0078
2021-12-07,171.29,173.34,170.4,171.11,NKE,5898723.0,12.837367111513231,12.837367111513231,171.11,171.29,173.34,170.4,5898723,167.05,167.23,169.24,166.36,5898723.0,2.3799999999999955,0.0141
2021-12-08,170.25,171.79,169.84,171.22,NKE,5614587.0,12.753352505897178,12.753352505897178,171.22,170.25,171.79,169.84,5614587,167.16,166.22,167.72,165.81,5614587.0,-1.039999999999992,-0.0061
2021-12-09,168.1,171.16,167.99,169.29,NKE,5171776.0,12.579668465440914,12.579668465440914,169.29,168.1,171.16,167.99,5171776,165.28,164.12,167.11,164.01,5171776.0,-2.1500000000000057,-0.0126
2021-12-10,169.06,170.24,167.33,168.5,NKE,4791125.0,12.657220409086502,12.657220409086502,168.5,169.06,170.24,167.33,4791125,164.51,165.05,166.21,163.36,4791125.0,0.960000000000008,0.0057
2021-12-13,166.84,169.39,165.26,168.81,NKE,5972321.0,12.47788153940608,12.47788153940608,168.81,166.84,169.39,165.26,5972321,164.81,162.89,165.38,161.34,5972321.0,-2.219999999999999,-0.0131
2021-12-14,165.4,167.08,164.21,166.29,NKE,4872209.0,12.361553623937699,12.361553623937699,166.29,165.4,167.08,164.21,4872209,162.35,161.48,163.12,160.32,4872209.0,-1.4399999999999977,-0.0086
2021-12-15,163.9,165.67,161.82,165.0,NKE,7144617.0,12.240378711991468,12.240378711991468,165.0,163.9,165.67,161.82,7144617,161.09,160.02,161.74,157.98,7144617.0,-1.5,-0.0091
2021-12-16,162.72,165.94,162.53,162.7,NKE,7138109.0,12.1450544479271,12.1450544479271,162.7,162.72,165.94,162.53,7138109,158.84,158.86,162.01,158.68,7138109.0,-1.1800000000000068,-0.0072
2021-12-17,161.36,162.86,160.55,161.63,NKE,7720005.0,12.035189194429185,12.035189194429185,161.63,161.36,162.86,160.55,7720005,157.8,157.54,159.0,156.74,7720005.0,-1.3599999999999852,-0.0084
2021-12-20,156.98,159.6,155.47,159.34,NKE,8411896.0,11.68135845154619,11.68135845154619,159.34,156.98,159.6,155.47,8411896,155.56,153.26,155.82,151.79,8411896.0,-4.380000000000024,-0.0271
2021-12-21,166.63,171.19,164.71,166.69,NKE,13862886.0,12.460917051733608,12.460917051733608,166.69,166.63,171.19,164.71,13862886,162.74,162.68,167.13,160.81,13862886.0,9.650000000000006,0.0615
2021-12-22,165.44,169.0,164.09,167.24,NKE,5811307.0,12.364784954922932,12.364784954922932,167.24,165.44,169.0,164.09,5811307,163.28,161.52,164.99,160.2,5811307.0,-1.1899999999999977,-0.0071
2021-12-23,165.67,167.16,165.44,166.25,NKE,3876949.0,12.38336510808802,12.38336510808802,166.25,165.67,167.16,165.44,3876949,162.31,161.74,163.2,161.52,3876949.0,0.22999999999998977,0.0014
2021-12-27,167.58,167.69,165.48,166.52,NKE,3771988.0,12.537661162632888,12.537661162632888,166.52,167.58,167.69,165.48,3771988,162.57,163.61,163.72,161.56,3771988.0,1.910000000000025,0.0115
2021-12-28,166.42,168.25,166.3,167.8,NKE,2658714.0,12.443952564061135,12.443952564061135,167.8,166.42,168.25,166.3,2658714,163.82,162.48,164.26,162.36,2658714.0,-1.160000000000025,-0.0069
2021-12-29,168.78,169.8,166.6,167.07,NKE,3830888.0,12.634601092189872,12.634601092189872,167.07,168.78,169.8,166.6,3830888,163.11,164.78,165.78,162.65,3830888.0,2.3600000000000136,0.0142
2021-12-30,167.49,170.12,167.2,168.31,NKE,2666993.0,12.530390667916114,12.530390667916114,168.31,167.49,170.12,167.2,2666993,164.32,163.52,166.09,163.24,2666993.0,-1.289999999999992,-0.0076
2021-12-31,166.67,167.72,166.21,167.56,NKE,2751992.0,12.46414838271884,12.46414838271884,167.56,166.67,167.72,166.21,2751992,163.59,162.72,163.75,162.27,2751992.0,-0.8200000000000216,-0.0049
2022-01-03,164.67,167.91,163.31,167.53,NKE,5671928.0,12.302581833457198,12.302581833457198,167.53,164.67,167.91,163.31,5671928,163.56,160.77,163.93,159.44,5671928.0,-2.0,-0.012
2022-01-04,166.39,167.18,165.0,165.88,NKE,6064160.0,12.44152906582221,12.44152906582221,165.88,166.39,167.18,165.0,6064160,161.95,162.45,163.22,161.09,6064160.0,1.7199999999999989,0.0104
2022-01-05,162.25,167.01,162.09,166.49,NKE,5020982.0,12.107086308850615,12.107086308850615,166.49,162.25,167.01,162.09,5020982,162.54,158.4,163.05,158.25,5020982.0,-4.139999999999986,-0.0249
2022-01-06,161.04,163.19,159.06,162.09,NKE,4144691.0,12.00933854654732,12.00933854654732,162.09,161.04,163.19,159.06,4144691,158.25,157.22,159.32,155.29,4144691.0,-1.210000000000008,-0.0075
2022-01-07,156.97,161.14,156.86,160.77,NKE,5107978.0,11.680550618799883,11.680550618799883,160.77,156.97,161.14,156.86,5107978,156.96,153.25,157.32,153.14,5107978.0,-4.069999999999993,-0.0253
2022-01-10,150.44,151.33,148.78,150.52,NKE,10439022.0,11.153035835460624,11.153035835460624,150.52,150.44,151.33,148.78,10439022,146.95,146.87,147.74,145.25,10439022.0,-6.530000000000001,-0.0416
2022-01-11,150.3,150.84,147.6,150.48,NKE,8175396.0,11.14172617701231,11.14172617701231,150.48,150.3,150.84,147.6,8175396,146.91,146.74,147.27,144.1,8175396.0,-0.13999999999998636,-0.0009
2022-01-12,152.21,153.46,150.74,152.13,NKE,6351196.0,11.296022231557178,11.296022231557178,152.13,152.21,153.46,150.74,6351196,148.52,148.6,149.82,147.17,6351196.0,1.9099999999999966,0.0127
2022-01-13,149.59,153.6,149.02,153.2,NKE,4990890.0,11.084370052024427,11.084370052024427,153.2,149.59,153.6,149.02,4990890,149.57,146.04,149.96,145.49,4990890.0,-2.6200000000000045,-0.0172
2022-01-14,148.18,148.84,146.85,148.39,NKE,6030546.0,10.970465634794971,10.970465634794971,148.39,148.18,148.84,146.85,6030546,144.87,144.67,145.31,143.37,6030546.0,-1.4099999999999966,-0.0094
2022-01-18,146.95,148.83,146.3,148.06,NKE,6931656.0,10.87110220699906,10.87110220699906,148.06,146.95,148.83,146.3,6931656,144.55,143.47,145.3,142.83,6931656.0,-1.2300000000000182,-0.0083
2022-01-19,145.11,149.1,145.02,147.76,NKE,4823829.0,10.722460981678353,10.722460981678353,147.76,145.11,149.1,145.02,4823829,144.26,141.67,145.57,141.58,4823829.0,-1.839999999999975,-0.0125
2022-01-20,142.73,147.38,142.5,145.46,NKE,5366458.0,10.530196788057,10.530196788057,145.46,142.73,147.38,142.5,5366458,142.01,139.35,143.89,139.12,5366458.0,-2.380000000000024,-0.0164
2022-01-21,142.95,146.36,142.85,144.32,NKE,7553373.0,10.54796910847578,10.54796910847578,144.32,142.95,146.36,142.85,7553373,140.9,139.56,142.89,139.46,7553373.0,0.21999999999999886,0.0015
2022-01-24,146.0,146.31,139.56,140.81,NKE,9757308.0,10.794358096099783,10.794358096099783,140.81,146.0,146.31,139.56,9757308,137.47,142.54,142.84,136.25,9757308.0,3.0500000000000114,0.0213
2022-01-25,145.48,147.96,142.51,144.97,NKE,8195354.0,10.752350793291756,10.752350793291756,144.97,145.48,147.96,142.51,8195354,141.53,142.03,144.45,139.14,8195354.0,-0.5200000000000102,-0.0036
2022-01-26,143.99,148.97,142.73,147.78,NKE,7444563.0,10.631983714091835,10.631983714091835,147.78,143.99,148.97,142.73,7444563,144.28,140.58,145.44,139.35,7444563.0,-1.4899999999999807,-0.0102
2022-01-27,144.64,147.35,143.58,144.99,NKE,6397336.0,10.684492842601866,10.684492842601866,144.99,144.64,147.35,143.58,6397336,141.55,141.21,143.86,140.18,6397336.0,0.6499999999999773,0.0045
2022-01-28,145.91,146.03,140.61,144.12,NKE,6130224.0,10.787087601383009,10.787087601383009,144.12,145.91,146.03,140.61,6130224,140.7,142.45,142.57,137.28,6130224.0,1.2700000000000102,0.0088
2022-01-31,148.07,148.18,145.22,146.27,NKE,6932237.0,10.96157947458558,10.96157947458558,146.27,148.07,148.18,145.22,6932237,142.8,144.56,144.67,141.78,6932237.0,2.1599999999999966,0.0148
2022-02-01,148.22,149.68,146.8,149.5,NKE,6694995.0,10.973696965780205,10.973696965780205,149.5,148.22,149.68,146.8,6694995,145.96,144.71,146.13,143.32,6694995.0,0.15000000000000568,0.001
2022-02-02,148.71,149.46,147.53,148.35,NKE,5491706.0,11.013280770349306,11.013280770349306,148.35,148.71,149.46,147.53,5491706,144.83,145.19,145.92,144.03,5491706.0,0.4900000000000091,0.0033
2022-02-03,145.31,148.46,144.97,147.4,NKE,5240222.0,10.738617636604516,10.738617636604516,147.4,145.31,148.46,144.97,5240222,143.91,141.87,144.94,141.53,5240222.0,-3.4000000000000057,-0.0229
2022-02-04,145.39,146.48,143.64,145.37,NKE,4313382.0,10.745080298574981,10.745080298574981,145.37,145.39,146.48,143.64,4313382,141.92,141.94,143.01,140.24,4313382.0,0.07999999999998408,0.0006
2022-02-07,145.14,146.12,144.22,145.3,NKE,3877540.0,10.724884479917275,10.724884479917275,145.3,145.14,146.12,144.22,3877540,141.86,141.7,142.66,140.8,3877540.0,-0.25,-0.0017
2022-02-08,143.53,145.5,142.3,144.74,NKE,5829362.0,10.594823407761655,10.594823407761655,144.74,143.53,145.5,142.3,5829362,141.31,140.13,142.05,138.93,5829362.0,-1.6099999999999852,-0.0111
2022-02-09,146.26,147.36,145.67,146.11,NKE,4551008.0,10.815361747503795,10.815361747503795,146.11,146.26,147.36,145.67,4551008,142.65,142.79,143.87,142.22,4551008.0,2.7299999999999898,0.019
2022-02-10,144.82,147.54,143.85,143.96,NKE,5142578.0,10.699033832035413,10.699033832035413,143.96,144.82,147.54,143.85,5142578,140.55,141.39,144.04,140.44,5142578.0,-1.4399999999999977,-0.0098
2022-02-11,140.18,145.06,139.56,144.76,NKE,6710525.0,10.32419943774841,10.32419943774841,144.76,140.18,145.06,139.56,6710525,141.33,136.86,141.62,136.25,6710525.0,-4.639999999999986,-0.032
2022-02-14,141.59,143.21,139.79,140.08,NKE,6841153.0,10.438103854977864,10.438103854977864,140.08,141.59,143.21,139.79,6841153,136.76,138.23,139.82,136.48,6841153.0,1.4099999999999966,0.0101
2022-02-15,145.58,146.32,144.1,144.22,NKE,7820539.0,10.76042912075484,10.76042912075484,144.22,145.58,146.32,144.1,7820539,140.8,142.13,142.85,140.68,7820539.0,3.990000000000009,0.0282
2022-02-16,146.49,146.95,144.61,145.02,NKE,4817452.0,10.833941900668885,10.833941900668885,145.02,146.49,146.95,144.61,4817452,141.59,143.02,143.47,141.18,4817452.0,0.9099999999999966,0.0063
2022-02-17,142.8,146.91,142.64,145.54,NKE,5202282.0,10.535851617281159,10.535851617281159,145.54,142.8,146.91,142.64,5202282,142.09,139.42,143.43,139.26,5202282.0,-3.6899999999999977,-0.0252
2022-02-18,142.95,143.94,141.81,143.37,NKE,5177403.0,10.54796910847578,10.54796910847578,143.37,142.95,143.94,141.81,5177403,139.97,139.56,140.53,138.45,5177403.0,0.14999999999997726,0.0011
2022-02-22,138.19,141.64,136.16,141.59,NKE,9604537.0,10.163440721233076,10.163440721233076,141.59,138.19,141.64,136.16,9604537,138.23,134.91,138.28,132.93,9604537.0,-4.759999999999991,-0.0333
2022-02-23,136.83,140.97,136.51,139.66,NKE,7636623.0,10.053575467735161,10.053575467735161,139.66,136.83,140.97,136.51,7636623,136.35,133.59,137.63,133.27,7636623.0,-1.3599999999999852,-0.0098
2022-02-24,137.17,137.42,130.93,133.0,NKE,8417400.0,10.081041781109638,10.081041781109638,133.0,137.17,137.42,130.93,8417400,129.85,133.92,134.16,127.83,8417400.0,0.339999999999975,0.0025
2022-02-25,138.8,139.22,136.19,138.13,NKE,5424604.0,10.212718518757878,10.212718518757878,138.13,138.8,139.22,136.19,5424604,134.86,135.51,135.92,132.96,5424604.0,1.6300000000000239,0.0119
2022-02-28,136.55,138.38,135.04,137.06,NKE,6613321.0,10.03095615083853,10.03095615083853,137.06,136.55,138.38,135.04,6613321,133.81,133.31,135.1,131.84,6613321.0,-2.25,-0.0162
2022-03-01,132.22,136.75,131.15,136.72,NKE,6534047.0,9.681164571687077,9.681164571687077,136.72,132.22,136.75,131.15,6534047,133.48,129.09,133.51,128.04,6534047.0,-4.3300000000000125,-0.0317
2022-03-02,135.68,136.61,132.77,132.98,NKE,7743861.0,9.960674701909717,9.960674701909717,132.98,135.68,136.61,132.77,7743861,129.83,132.46,133.37,129.62,7743861.0,3.460000000000008,0.0262
2022-03-03,133.97,136.8,133.45,136.74,NKE,4576504.0,9.822535302291014,9.822535302291014,136.74,133.97,136.8,133.45,4576504,133.5,130.79,133.56,130.29,4576504.0,-1.710000000000008,-0.0126
2022-03-04,131.18,133.62,130.7,132.51,NKE,7085912.0,9.597149966071026,9.597149966071026,132.51,131.18,133.62,130.7,7085912,129.67,128.37,130.76,127.9,7085912.0,-2.789999999999992,-0.0208
2022-03-07,124.44,131.03,124.17,131.0,NKE,11383413.0,9.052670695059295,9.052670695059295,131.0,124.44,131.03,124.17,11383413,128.2,121.78,128.23,121.51,11383413.0,-6.740000000000009,-0.0514
2022-03-08,121.21,125.47,120.8,125.24,NKE,9089353.0,8.791740718001744,8.791740718001744,125.24,121.21,125.47,120.8,9089353,122.56,118.62,122.78,118.21,9089353.0,-3.230000000000004,-0.026
2022-03-09,126.95,129.65,126.63,127.38,NKE,8845072.0,9.255436714382654,9.255436714382654,127.38,126.95,129.65,126.63,8845072,124.65,124.23,126.88,123.92,8845072.0,5.740000000000009,0.0474
2022-03-10,126.03,126.6,124.0,124.02,NKE,7167615.0,9.1811161017223,9.1811161017223,124.02,126.03,126.6,124.0,7167615,121.37,123.33,123.89,121.35,7167615.0,-0.9200000000000017,-0.0072
2022-03-11,122.63,127.87,122.51,127.01,NKE,5882024.0,8.90645296797751,8.90645296797751,127.01,122.63,127.87,122.51,5882024,124.29,120.01,125.13,119.89,5882024.0,-3.4000000000000057,-0.027
2022-03-14,117.57,122.44,116.75,121.53,NKE,13884874.0,8.497689598345557,8.497689598345557,121.53,117.57,122.44,116.75,13884874,118.92,115.05,119.82,114.25,13884874.0,-5.060000000000002,-0.0413
2022-03-15,119.4,120.42,117.75,119.84,NKE,10431259.0,8.645522990919961,8.645522990919961,119.84,119.4,120.42,117.75,10431259,117.28,116.84,117.84,115.23,10431259.0,1.8300000000000125,0.0156
2022-03-16,125.19,126.11,121.93,122.85,NKE,11100449.0,9.11325815103241,9.11325815103241,122.85,125.19,126.11,121.93,11100449,120.22,122.51,123.41,119.32,11100449.0,5.789999999999992,0.0485
2022-03-17,127.41,127.41,123.7,124.94,NKE,6845323.0,9.292597020712831,9.292597020712831,124.94,127.41,127.41,123.7,6845323,122.27,124.68,124.68,121.05,6845323.0,2.219999999999999,0.0177
2022-03-18,131.24,131.46,126.7,126.85,NKE,10350899.0,9.601996962548874,9.601996962548874,126.85,131.24,131.46,126.7,10350899,124.14,128.43,128.65,123.99,10350899.0,3.8300000000000125,0.0301
2022-03-21,130.19,132.31,128.62,129.72,NKE,14388529.0,9.517174524186512,9.517174524186512,129.72,130.19,132.31,128.62,14388529,126.94,127.4,129.48,125.87,14388529.0,-1.0500000000000114,-0.008
2022-03-22,133.09,139.0,132.99,137.28,NKE,19731210.0,9.751446020615893,9.751446020615893,137.28,133.09,139.0,132.99,19731210,134.34,130.24,136.03,130.14,19731210.0,2.9000000000000057,0.0223
2022-03-23,133.0,135.4,131.2,132.64,NKE,8068788.0,9.744175525899118,9.744175525899118,132.64,133.0,135.4,131.2,8068788,129.8,130.15,132.5,128.39,8068788.0,-0.09000000000000341,-0.0007
2022-03-24,132.08,134.19,131.2,133.75,NKE,5853825.0,9.669854913238764,9.669854913238764,133.75,132.08,134.19,131.2,5853825,130.89,129.25,131.32,128.39,5853825.0,-0.9199999999999875,-0.0069
2022-03-25,133.7,133.87,131.71,133.05,NKE,6287777.0,9.80072381814069,9.80072381814069,133.05,133.7,133.87,131.71,6287777,130.2,130.84,131.01,128.89,6287777.0,1.6199999999999761,0.0123
2022-03-28,134.81,134.86,132.17,133.76,NKE,5804051.0,9.890393252980903,9.890393252980903,133.76,134.81,134.86,132.17,5804051,130.9,131.93,131.97,129.34,5804051.0,1.1100000000000136,0.0083
2022-03-29,139.14,139.75,136.95,137.85,NKE,7275870.0,10.240184832132355,10.240184832132355,137.85,139.14,139.75,136.95,7275870,134.9,136.16,136.76,134.02,7275870.0,4.329999999999984,0.0321
2022-03-30,138.54,139.86,137.56,138.98,NKE,5545784.0,10.191714867353863,10.191714867353863,138.98,138.54,139.86,137.56,5545784,136.01,135.58,136.87,134.62,5545784.0,-0.5999999999999943,-0.0043
2022-03-31,134.56,138.71,134.5,137.83,NKE,7206478.0,9.870197434323199,9.870197434323199,137.83,134.56,138.71,134.5,7206478,134.88,131.68,135.74,131.62,7206478.0,-3.9799999999999898,-0.0287
2022-04-01,133.52,135.28,132.75,134.45,NKE,5807683.0,9.786182828707146,9.786182828707146,134.45,133.52,135.28,132.75,5807683,131.57,130.66,132.39,129.91,5807683.0,-1.039999999999992,-0.0077
2022-04-04,134.34,135.21,132.86,133.05,NKE,5309240.0,9.852425113904417,9.852425113904417,133.05,134.34,135.21,132.86,5309240,130.2,131.47,132.32,130.02,5309240.0,0.8199999999999932,0.0061
2022-04-05,132.3,134.68,132.02,134.04,NKE,5707771.0,9.687627233657544,9.687627233657544,134.04,132.3,134.68,132.02,5707771,131.17,129.47,131.8,129.19,5707771.0,-2.039999999999992,-0.0152
2022-04-06,128.36,130.3,126.33,130.05,NKE,6961044.0,9.369341131612112,9.369341131612112,130.05,128.36,130.3,126.33,6961044,127.27,125.61,127.51,123.62,6961044.0,-3.9399999999999977,-0.0298
2022-04-07,129.38,129.98,127.09,127.43,NKE,5320528.0,9.451740071735548,9.451740071735548,127.43,129.38,129.98,127.09,5320528,124.7,126.61,127.2,124.37,5320528.0,1.0199999999999818,0.0079
2022-04-08,128.15,129.93,127.88,129.44,NKE,4877432.0,9.352376643939639,9.352376643939639,129.44,128.15,129.93,127.88,4877432,126.67,125.41,127.14,125.14,4877432.0,-1.2299999999999898,-0.0095
2022-04-11,124.98,126.87,124.32,125.1,NKE,6365432.0,9.096293663359939,9.096293663359939,125.1,124.98,126.87,124.32,6365432,122.42,122.31,124.16,121.66,6365432.0,-3.1700000000000017,-0.0247
2022-04-12,125.04,128.1,124.34,125.2,NKE,5146790.0,9.101140659837787,9.101140659837787,125.2,125.04,128.1,124.34,5146790,122.52,122.36,125.36,121.68,5146790.0,0.060000000000002274,0.0005
2022-04-13,127.49,127.86,125.04,125.04,NKE,5119330.0,9.299059682683296,9.299059682683296,125.04,127.49,127.86,125.04,5119330,122.36,124.76,125.12,122.36,5119330.0,2.4499999999999886,0.0196
2022-04-14,133.46,134.38,128.89,129.08,NKE,12811274.0,9.781335832229296,9.781335832229296,129.08,133.46,134.38,128.89,12811274,126.32,130.6,131.5,126.13,12811274.0,5.970000000000013,0.0468
2022-04-18,131.63,133.39,130.31,132.0,NKE,5298195.0,9.633502439654894,9.633502439654894,132.0,131.63,133.39,130.31,5298195,129.18,128.81,130.54,127.52,5298195.0,-1.8300000000000125,-0.0137
2022-04-19,137.05,137.48,132.78,133.09,NKE,7346067.0,10.071347788153941,10.071347788153941,133.09,137.05,137.48,132.78,7346067,130.24,134.12,134.54,129.94,7346067.0,5.420000000000016,0.0412
2022-04-20,135.87,138.65,135.66,137.96,NKE,5309660.0,9.976023524089573,9.976023524089573,137.96,135.87,138.65,135.66,5309660,135.01,132.96,135.68,132.76,5309660.0,-1.1800000000000068,-0.0086
2022-04-21,135.46,139.14,135.08,138.55,NKE,6562404.0,9.942902381490937,9.942902381490937,138.55,135.46,139.14,135.08,6562404,135.59,132.56,136.16,132.19,6562404.0,-0.4099999999999966,-0.003
2022-04-22,129.07,134.93,128.71,134.33,NKE,7321718.0,9.426697256599994,9.426697256599994,134.33,129.07,134.93,128.71,7321718,131.46,126.31,132.04,125.96,7321718.0,-6.390000000000015,-0.0472
2022-04-25,127.94,128.94,124.85,127.8,NKE,6512514.0,9.335412156267166,9.335412156267166,127.8,127.94,128.94,124.85,6512514,125.07,125.2,126.18,122.18,6512514.0,-1.1299999999999955,-0.0088
2022-04-26,120.52,127.59,120.48,126.95,NKE,7977916.0,8.736000258506479,8.736000258506479,126.95,120.52,127.59,120.48,7977916,124.23,117.94,124.86,117.9,7977916.0,-7.420000000000002,-0.058
2022-04-27,121.24,124.0,121.09,121.09,NKE,6007814.0,8.79416421624067,8.79416421624067,121.09,121.24,124.0,121.09,6007814,118.5,118.65,121.35,118.5,6007814.0,0.7199999999999989,0.006
2022-04-28,127.05,127.97,122.6,123.17,NKE,6553927.0,9.263515041845736,9.263515041845736,123.17,127.05,127.97,122.6,6553927,120.53,124.33,125.23,119.98,6553927.0,5.810000000000002,0.0479
2022-04-29,124.7,128.45,124.25,126.22,NKE,5867901.0,9.073674346463308,9.073674346463308,126.22,124.7,128.45,124.25,5867901,123.52,122.03,125.7,121.59,5867901.0,-2.3499999999999943,-0.0185
2022-05-02,126.08,126.18,122.8,124.43,NKE,5428432.0,9.18515526545384,9.18515526545384,124.43,126.08,126.18,122.8,5428432,121.77,123.38,123.48,120.17,5428432.0,1.3799999999999955,0.0111
2022-05-03,122.86,125.76,120.22,125.02,NKE,8201221.0,8.925033121142599,8.925033121142599,125.02,122.86,125.76,120.22,8201221,122.34,120.23,123.07,117.65,8201221.0,-3.219999999999999,-0.0255
2022-05-04,126.06,126.2,120.08,122.54,NKE,6923964.0,9.183539599961223,9.183539599961223,122.54,126.06,126.2,120.08,6923964,119.92,123.36,123.5,117.51,6923964.0,3.200000000000003,0.026
2022-05-05,118.63,124.75,116.52,124.11,NKE,8411624.0,8.583319869454227,8.583319869454227,124.11,118.63,124.75,116.52,8411624,121.45,116.09,122.08,114.03,8411624.0,-7.430000000000007,-0.0589
2022-05-06,114.49,115.9,110.66,113.74,NKE,11237531.0,8.248877112482631,8.248877112482631,113.74,114.49,115.9,110.66,11237531,111.31,112.04,113.42,108.29,11237531.0,-4.140000000000001,-0.0349
2022-05-09,111.21,114.43,110.59,112.97,NKE,7505970.0,7.98390797169354,7.98390797169354,112.97,111.21,114.43,110.59,7505970,110.55,108.83,111.98,108.22,7505970.0,-3.280000000000001,-0.0286
2022-05-10,109.49,113.44,108.35,113.03,NKE,7527166.0,7.844960739328529,7.844960739328529,113.03,109.49,113.44,108.35,7527166,110.61,107.15,111.01,106.04,7527166.0,-1.7199999999999989,-0.0155
2022-05-11,107.92,111.15,107.59,110.7,NKE,6611800.0,7.718130998158141,7.718130998158141,110.7,107.92,111.15,107.59,6611800,108.33,105.61,108.77,105.29,6611800.0,-1.5699999999999932,-0.0143
2022-05-12,107.9,109.88,105.0,105.18,NKE,10245381.0,7.716515332665526,7.716515332665526,105.18,107.9,109.88,105.0,10245381,102.93,105.59,107.53,102.75,10245381.0,-0.01999999999999602,-0.0002
2022-05-13,113.01,113.11,108.67,110.26,NKE,9618832.0,8.129317866029018,8.129317866029018,110.26,113.01,113.11,108.67,9618832,107.9,110.59,110.69,106.34,9618832.0,5.109999999999999,0.0474
2022-05-16,112.6,113.44,111.56,112.98,NKE,5722480.0,8.096196723430381,8.096196723430381,112.98,112.6,113.44,111.56,5722480,110.56,110.19,111.01,109.17,5722480.0,-0.4100000000000108,-0.0036
2022-05-17,115.9,117.1,113.07,115.5,NKE,6026117.0,8.36278152971209,8.36278152971209,115.5,115.9,117.1,113.07,6026117,113.03,113.42,114.59,110.65,6026117.0,3.3000000000000114,0.0293
2022-05-18,109.37,113.36,108.78,112.5,NKE,8188301.0,7.835266746372832,7.835266746372832,112.5,109.37,113.36,108.78,8188301,110.09,107.03,110.93,106.45,8188301.0,-6.530000000000001,-0.0563
2022-05-19,106.44,109.11,106.28,108.95,NKE,7701997.0,7.598571751704527,7.598571751704527,108.95,106.44,109.11,106.28,7701997,106.62,104.16,106.78,104.01,7701997.0,-2.930000000000007,-0.0268
2022-05-20,108.0,109.69,105.07,108.67,NKE,7621926.0,7.724593660128607,7.724593660128607,108.67,108.0,109.69,105.07,7621926,106.34,105.69,107.34,102.82,7621926.0,1.5600000000000023,0.0147
2022-05-23,108.63,108.75,105.82,107.47,NKE,7136443.0,7.775487123146023,7.775487123146023,107.47,108.63,108.75,105.82,7136443,105.17,106.31,106.42,103.56,7136443.0,0.6299999999999955,0.0058
2022-05-24,107.29,107.99,104.73,107.11,NKE,6023398.0,7.667237535140725,7.667237535140725,107.11,107.29,107.99,104.73,6023398,104.82,104.99,105.68,102.49,6023398.0,-1.3399999999999892,-0.0123
2022-05-25,108.2,108.89,103.46,103.46,NKE,7158807.0,7.740750315054772,7.740750315054772,103.46,108.2,108.89,103.46,7158807,101.25,105.88,106.56,101.25,7158807.0,0.9099999999999966,0.0085
2022-05-26,112.94,113.5,110.0,110.0,NKE,6520341.0,8.12366303680486,8.12366303680486,110.0,112.94,113.5,110.0,6520341,107.65,110.52,111.07,107.65,6520341.0,4.739999999999995,0.0438
2022-05-27,115.99,116.01,114.01,114.22,NKE,5043216.0,8.370052024428862,8.370052024428862,114.22,115.99,116.01,114.01,5043216,111.78,113.51,113.53,111.57,5043216.0,3.049999999999997,0.027
2022-05-31,118.85,119.79,114.45,117.5,NKE,13774634.0,8.601092189873007,8.601092189873007,117.5,118.85,119.79,114.45,13774634,114.99,116.31,117.23,112.0,13774634.0,2.8599999999999994,0.0247
2022-06-01,118.68,120.75,117.61,119.83,NKE,5543295.0,8.58735903318577,8.58735903318577,119.83,118.68,120.75,117.61,5543295,117.27,116.14,118.17,115.09,5543295.0,-0.1699999999999875,-0.0014
2022-06-02,123.41,123.58,119.26,119.51,NKE,5838149.0,8.969463922189549,8.969463922189549,119.51,123.41,123.58,119.26,5838149,116.95,120.77,120.94,116.71,5838149.0,4.72999999999999,0.0399
2022-06-03,120.95,122.54,120.0,120.21,NKE,5201515.0,8.770737066597732,8.770737066597732,120.21,120.95,122.54,120.0,5201515,117.94,118.66,120.22,117.73,5201515.0,-2.4599999999999937,-0.0199
2022-06-06,120.23,122.14,119.43,121.5,NKE,3963606.0,8.712573108863541,8.712573108863541,121.5,120.23,122.14,119.43,3963606,119.2,117.96,119.83,117.17,3963606.0,-0.7199999999999989,-0.006
2022-06-07,121.67,121.97,118.46,118.66,NKE,5373618.0,8.828901024331923,8.828901024331923,118.66,121.67,121.97,118.46,5373618,116.42,119.37,119.66,116.22,5373618.0,1.4399999999999977,0.012
2022-06-08,122.4,123.82,120.45,120.9,NKE,4365780.0,8.887872814812422,8.887872814812422,120.9,122.4,123.82,120.45,4365780,118.61,120.09,121.48,118.17,4365780.0,0.730000000000004,0.006
2022-06-09,118.6,122.03,118.59,121.35,NKE,3894043.0,8.580896371215303,8.580896371215303,121.35,118.6,122.03,118.59,3894043,119.06,116.36,119.72,116.35,3894043.0,-3.8000000000000114,-0.031
2022-06-10,114.73,117.09,114.26,117.09,NKE,6293093.0,8.268265098394028,8.268265098394028,117.09,114.73,117.09,114.26,6293093,114.88,112.56,114.88,112.1,6293093.0,-3.8699999999999903,-0.0326
2022-06-13,110.44,112.02,109.23,110.39,NKE,6423104.0,7.921704850227809,7.921704850227809,110.39,110.44,112.02,109.23,6423104,108.3,108.35,109.9,107.17,6423104.0,-4.290000000000006,-0.0374
2022-06-14,110.72,111.89,110.01,110.37,NKE,4548351.0,7.944324167124439,7.944324167124439,110.37,110.72,111.89,110.01,4548351,108.28,108.63,109.78,107.93,4548351.0,0.28000000000000114,0.0025
2022-06-15,113.44,114.72,111.21,112.16,NKE,4828671.0,8.16405467412027,8.16405467412027,112.16,113.44,114.72,111.21,4828671,110.04,111.3,112.55,109.11,4828671.0,2.719999999999999,0.0246
2022-06-16,107.12,109.9,105.72,109.51,NKE,7384840.0,7.653504378453485,7.653504378453485,109.51,107.12,109.9,105.72,7384840,107.44,105.1,107.82,103.72,7384840.0,-6.319999999999993,-0.0557
2022-06-17,107.34,108.55,105.85,106.15,NKE,10256828.0,7.671276698872266,7.671276698872266,106.15,107.34,108.55,105.85,10256828,104.14,105.31,106.5,103.85,10256828.0,0.21999999999999886,0.0021
2022-06-21,108.68,109.81,108.03,108.46,NKE,6211362.0,7.779526286877566,7.779526286877566,108.46,108.68,109.81,108.03,6211362,106.41,106.63,107.74,105.99,6211362.0,1.3400000000000034,0.0125
2022-06-22,104.92,106.9,104.61,105.4,NKE,9894584.0,7.475781174265681,7.475781174265681,105.4,104.92,106.9,104.61,9894584,103.41,102.94,104.88,102.63,9894584.0,-3.760000000000005,-0.0346
2022-06-23,108.0,108.1,104.41,105.01,NKE,8898376.0,7.724593660128607,7.724593660128607,105.01,108.0,108.1,104.41,8898376,103.03,105.96,106.06,102.44,8898376.0,3.0799999999999983,0.0294
2022-06-24,112.91,112.94,109.61,109.93,NKE,10463669.0,8.121239538565936,8.121239538565936,109.93,112.91,112.94,109.61,10463669,107.85,110.78,110.81,107.54,10463669.0,4.909999999999997,0.0455
2022-06-27,110.5,113.21,109.84,112.24,NKE,12644667.0,7.926551846705658,7.926551846705658,112.24,110.5,113.21,109.84,12644667,110.12,108.41,111.07,107.76,12644667.0,-2.4099999999999966,-0.0213
2022-06-28,102.78,114.05,102.48,108.2,NKE,31373798.0,7.302904966555724,7.302904966555724,108.2,102.78,114.05,102.48,31373798,106.16,100.84,111.89,100.54,31373798.0,-7.719999999999999,-0.0699
2022-06-29,103.25,105.61,101.53,102.99,NKE,10326648.0,7.34087310563221,7.34087310563221,102.99,103.25,105.61,101.53,10326648,101.04,101.3,103.61,99.61,10326648.0,0.46999999999999886,0.0046
2022-06-30,102.2,103.38,100.78,101.94,NKE,9027352.0,7.256050667269848,7.256050667269848,101.94,102.2,103.38,100.78,9027352,100.01,100.27,101.43,98.88,9027352.0,-1.0499999999999972,-0.0102
2022-07-01,101.18,102.5,99.53,101.64,NKE,7934313.0,7.173651727146412,7.173651727146412,101.64,101.18,102.5,99.53,7934313,99.72,99.27,100.56,97.65,7934313.0,-1.019999999999996,-0.01
2022-07-05,104.32,104.38,100.11,100.45,NKE,9951963.0,7.427311209487187,7.427311209487187,100.45,104.32,104.38,100.11,9951963,98.55,102.35,102.41,98.22,9951963.0,3.1399999999999864,0.031
2022-07-06,104.23,105.72,103.45,104.89,NKE,6432881.0,7.420040714770415,7.420040714770415,104.89,104.23,105.72,103.45,6432881,102.91,102.26,103.72,101.49,6432881.0,-0.0899999999999892,-0.0009
2022-07-07,108.13,108.28,105.27,105.65,NKE,7633944.0,7.735095485830613,7.735095485830613,105.65,108.13,108.28,105.27,7633944,103.65,106.09,106.23,103.28,7633944.0,3.8999999999999915,0.0374
2022-07-08,107.93,108.61,106.51,106.58,NKE,5938841.0,7.718938830904451,7.718938830904451,106.58,107.93,108.61,106.51,5938841,104.57,105.89,106.56,104.5,5938841.0,-0.19999999999998863,-0.0018
2022-07-11,105.11,107.09,104.87,106.6,NKE,4936666.0,7.491129996445536,7.491129996445536,106.6,105.11,107.09,104.87,4936666,104.59,103.12,105.07,102.89,4936666.0,-2.8200000000000074,-0.0261
2022-07-12,103.76,105.86,103.15,105.01,NKE,6017439.0,7.382072575693929,7.382072575693929,105.01,103.76,105.86,103.15,6017439,103.03,101.8,103.86,101.2,6017439.0,-1.3499999999999943,-0.0128
2022-07-13,105.11,105.88,101.56,101.94,NKE,5299449.0,7.491129996445536,7.491129996445536,101.94,105.11,105.88,101.56,5299449,100.01,103.12,103.88,99.64,5299449.0,1.3499999999999943,0.013
2022-07-14,103.22,103.8,101.85,103.11,NKE,6951305.0,7.338449607393286,7.338449607393286,103.11,103.22,103.8,101.85,6951305,101.16,101.27,101.84,99.93,6951305.0,-1.8900000000000006,-0.018
2022-07-15,104.7,105.61,103.93,104.76,NKE,7862046.0,7.4580088538469,7.4580088538469,104.76,104.7,105.61,103.93,7862046,102.78,102.72,103.62,101.97,7862046.0,1.480000000000004,0.0143
2022-07-18,103.94,106.68,103.68,106.19,NKE,6834758.0,7.396613565127476,7.396613565127476,106.19,103.94,106.68,103.68,6834758,104.18,101.98,104.66,101.72,6834758.0,-0.7600000000000051,-0.0073
2022-07-19,109.19,109.58,105.43,105.6,NKE,8973853.0,7.820725756939283,7.820725756939283,105.6,109.19,109.58,105.43,8973853,103.6,107.13,107.51,103.44,8973853.0,5.25,0.0505
2022-07-20,111.11,111.63,108.87,109.22,NKE,5884576.0,7.975829644230458,7.975829644230458,109.22,111.11,111.63,108.87,5884576,107.16,109.01,109.52,106.81,5884576.0,1.9200000000000017,0.0176
2022-07-21,111.62,111.67,110.07,110.37,NKE,4291350.0,8.017029114292177,8.017029114292177,110.37,111.62,111.67,110.07,4291350,108.28,109.51,109.56,107.99,4291350.0,0.5100000000000051,0.0046
2022-07-22,109.12,111.93,108.75,111.93,NKE,6039269.0,7.8150709277151265,7.8150709277151265,111.93,109.12,111.93,108.75,6039269,109.81,107.06,109.81,106.69,6039269.0,-2.5,-0.0224
2022-07-25,109.28,109.61,107.68,109.61,NKE,5079527.0,7.8279962516560575,7.8279962516560575,109.61,109.28,109.61,107.68,5079527,107.54,107.21,107.54,105.64,5079527.0,0.1599999999999966,0.0015
2022-07-26,105.2,107.93,104.57,107.48,NKE,8459456.0,7.49840049116231,7.49840049116231,107.48,105.2,107.93,104.57,8459456,105.45,103.21,105.89,102.59,8459456.0,-4.079999999999998,-0.0373
2022-07-27,107.86,108.38,105.75,106.3,NKE,7437032.0,7.713284001680292,7.713284001680292,106.3,107.86,108.38,105.75,7437032,104.29,105.82,106.33,103.75,7437032.0,2.6599999999999966,0.0253
2022-07-28,112.23,112.4,108.03,109.43,NKE,6773540.0,8.066306911816978,8.066306911816978,109.43,112.23,112.4,108.03,6773540,107.36,110.11,110.28,105.99,6773540.0,4.3700000000000045,0.0405
2022-07-29,114.92,115.2,111.5,112.76,NKE,7559983.0,8.283613920573885,8.283613920573885,112.76,114.92,115.2,111.5,7559983,110.63,112.75,113.03,109.39,7559983.0,2.6899999999999977,0.024
2022-08-01,114.3,115.55,113.25,114.0,NKE,4802882.0,8.233528290302775,8.233528290302775,114.0,114.3,115.55,113.25,4802882,111.85,112.14,113.36,111.11,4802882.0,-0.6200000000000045,-0.0054
2022-08-02,111.77,113.78,111.67,113.57,NKE,6334415.0,8.0291466054868,8.0291466054868,113.57,111.77,113.78,111.67,6334415,111.42,109.66,111.63,109.56,6334415.0,-2.530000000000001,-0.0221
2022-08-03,114.28,115.1,112.58,113.42,NKE,5986544.0,8.23191262481016,8.23191262481016,113.42,114.28,115.1,112.58,5986544,111.28,112.12,112.92,110.45,5986544.0,2.510000000000005,0.0225
2022-08-04,114.48,115.35,113.83,114.64,NKE,4331973.0,8.248069279736324,8.248069279736324,114.64,114.48,115.35,113.83,4331973,112.47,112.32,113.17,111.68,4331973.0,0.20000000000000284,0.0018
2022-08-05,113.87,114.3,112.57,112.79,NKE,4162241.0,8.198791482211524,8.198791482211524,112.79,113.87,114.3,112.57,4162241,110.66,111.72,112.14,110.44,4162241.0,-0.6099999999999994,-0.0053
2022-08-08,114.0,115.58,113.31,114.0,NKE,6072491.0,8.20929330791353,8.20929330791353,114.0,114.0,115.58,113.31,6072491,111.85,111.85,113.4,111.16,6072491.0,0.12999999999999545,0.0011
2022-08-09,110.11,111.75,108.82,111.32,NKE,7377572.0,7.895046369599638,7.895046369599638,111.32,110.11,111.75,108.82,7377572,109.22,108.03,109.64,106.76,7377572.0,-3.8900000000000006,-0.0341
2022-08-10,113.14,113.83,111.86,113.24,NKE,6951817.0,8.139819691731024,8.139819691731024,113.24,113.14,113.83,111.86,6951817,111.1,111.0,111.67,109.75,6951817.0,3.030000000000001,0.0275
2022-08-11,114.1,116.75,113.73,114.88,NKE,5582130.0,8.217371635376612,8.217371635376612,114.88,114.1,116.75,113.73,5582130,112.71,111.94,114.54,111.58,5582130.0,0.9599999999999937,0.0085
2022-08-12,116.07,116.13,113.77,114.39,NKE,4407890.0,8.376514686399327,8.376514686399327,114.39,116.07,116.13,113.77,4407890,112.23,113.88,113.93,111.62,4407890.0,1.9699999999999989,0.0173
2022-08-15,116.32,116.58,114.85,115.45,NKE,4279010.0,8.396710505057033,8.396710505057033,115.45,116.32,116.58,114.85,4279010,113.27,114.12,114.38,112.68,4279010.0,0.25,0.0022
2022-08-16,118.06,118.47,115.81,115.94,NKE,6189786.0,8.53727340291466,8.53727340291466,115.94,118.06,118.47,115.81,6189786,113.75,115.83,116.23,113.62,6189786.0,1.740000000000009,0.015
2022-08-17,117.04,117.98,116.41,116.77,NKE,5108387.0,8.454874462791224,8.454874462791224,116.77,117.04,117.98,116.41,5108387,114.56,114.83,115.75,114.21,5108387.0,-1.019999999999996,-0.0086
2022-08-18,116.01,116.68,115.3,116.0,NKE,4750243.0,8.371667689921479,8.371667689921479,116.0,116.01,116.68,115.3,4750243,113.81,113.82,114.47,113.12,4750243.0,-1.0300000000000011,-0.0088
2022-08-19,113.16,115.65,113.03,115.5,NKE,5967762.0,8.14143535722364,8.14143535722364,115.5,113.16,115.65,113.03,5967762,113.32,111.02,113.46,110.89,5967762.0,-2.8500000000000085,-0.0246
2022-08-22,110.34,111.68,109.84,111.02,NKE,5802914.0,7.913626522764727,7.913626522764727,111.02,110.34,111.68,109.84,5802914,108.92,108.25,109.57,107.76,5802914.0,-2.819999999999993,-0.0249
2022-08-23,110.68,112.83,110.57,110.84,NKE,4806708.0,7.941092836139206,7.941092836139206,110.84,110.68,112.83,110.57,4806708,108.75,108.59,110.7,108.48,4806708.0,0.3400000000000034,0.0031
2022-08-24,111.41,112.42,110.02,110.68,NKE,4769010.0,8.000064626619704,8.000064626619704,110.68,111.41,112.42,110.02,4769010,108.59,109.3,110.3,107.94,4769010.0,0.7299999999999898,0.0066
2022-08-25,113.22,113.34,111.39,111.9,NKE,5433682.0,8.14628235370149,8.14628235370149,111.9,113.22,113.34,111.39,5433682,109.79,111.08,111.2,109.28,5433682.0,1.8100000000000023,0.0162
2022-08-26,108.28,113.73,108.23,113.31,NKE,6203565.0,7.747212977025237,7.747212977025237,113.31,108.28,113.73,108.23,6203565,111.17,106.23,111.58,106.18,6203565.0,-4.939999999999998,-0.0436
2022-08-29,107.88,108.54,106.44,106.81,NKE,4132362.0,7.714899667172908,7.714899667172908,106.81,107.88,108.54,106.44,4132362,104.79,105.84,106.49,104.43,4132362.0,-0.4000000000000057,-0.0037
2022-08-30,107.86,110.08,107.13,108.97,NKE,5129451.0,7.713284001680292,7.713284001680292,108.97,107.86,110.08,107.13,5129451,106.91,105.82,108.0,105.11,5129451.0,-0.01999999999999602,-0.0002
2022-08-31,106.45,108.01,105.81,107.96,NKE,8884766.0,7.599379584450836,7.599379584450836,107.96,106.45,108.01,105.81,8884766,105.92,104.44,105.97,103.81,8884766.0,-1.4099999999999966,-0.0131
2022-09-01,106.49,106.55,103.8,105.8,NKE,5590811.0,7.602610915436068,7.602610915436068,105.8,106.49,106.55,103.8,5590811,103.8,104.48,104.54,101.84,5590811.0,0.03999999999999204,0.0004
2022-09-02,105.74,108.15,105.05,107.46,NKE,7763844.0,7.5420234594629525,7.5420234594629525,107.46,105.74,108.15,105.05,7763844,105.73,104.04,106.41,103.36,7763844.0,-0.75,-0.007
2022-09-06,105.15,106.41,103.68,105.44,NKE,9158948.0,7.494361327430769,7.494361327430769,105.44,105.15,106.41,103.68,9158948,103.74,103.46,104.7,102.01,9158948.0,-0.5899999999999892,-0.0056
2022-09-07,108.48,108.56,105.0,105.08,NKE,7238257.0,7.763369631951401,7.763369631951401,105.08,108.48,108.56,105.0,7238257,103.39,106.73,106.81,103.31,7238257.0,3.3299999999999983,0.0317
2022-09-08,108.73,108.79,106.08,107.0,NKE,5628273.0,7.783565450609107,7.783565450609107,107.0,108.73,108.79,106.08,5628273,105.28,106.98,107.04,104.37,5628273.0,0.25,0.0023
2022-09-09,110.97,111.69,109.3,109.38,NKE,5174479.0,7.964519985782144,7.964519985782144,109.38,110.97,111.69,109.3,5174479,107.62,109.18,109.89,107.54,5174479.0,2.239999999999995,0.0206
2022-09-12,112.38,113.36,111.38,111.38,NKE,4836939.0,8.078424403011601,8.078424403011601,111.38,112.38,113.36,111.38,4836939,109.59,110.57,111.53,109.59,4836939.0,1.4099999999999966,0.0127
2022-09-13,105.72,108.91,105.44,108.84,NKE,5955562.0,7.540407793970337,7.540407793970337,108.84,105.72,108.91,105.44,5955562,107.09,104.02,107.16,103.74,5955562.0,-6.659999999999997,-0.0593
2022-09-14,107.0,107.36,105.15,106.13,NKE,4888742.0,7.643810385497787,7.643810385497787,106.13,107.0,107.36,105.15,4888742,104.42,105.28,105.63,103.46,4888742.0,1.2800000000000011,0.0121
2022-09-15,105.5,108.14,104.83,106.15,NKE,6598908.0,7.522635473551556,7.522635473551556,106.15,105.5,108.14,104.83,6598908,104.44,103.8,106.39,103.14,6598908.0,-1.5,-0.014
2022-09-16,104.12,105.29,103.25,104.07,NKE,8000816.0,7.4111545545610245,7.4111545545610245,104.07,104.12,105.29,103.25,8000816,102.39,102.44,103.59,101.59,8000816.0,-1.3799999999999955,-0.0131
2022-09-19,107.21,107.37,103.33,103.69,NKE,5162319.0,7.660774873170259,7.660774873170259,103.69,107.21,107.37,103.33,5162319,102.02,105.48,105.64,101.67,5162319.0,3.089999999999989,0.0297
2022-09-20,102.42,104.44,101.71,103.82,NKE,10006641.0,7.27382298768863,7.27382298768863,103.82,102.42,104.44,101.71,10006641,102.15,100.77,102.76,100.07,10006641.0,-4.789999999999992,-0.0447
2022-09-21,99.79,103.63,99.77,102.67,NKE,6279318.0,7.061362975409572,7.061362975409572,102.67,99.79,103.63,99.77,6279318,101.02,98.18,101.96,98.16,6279318.0,-2.6299999999999955,-0.0257
2022-09-22,98.55,100.21,97.83,99.79,NKE,9638827.0,6.961191714867354,6.961191714867354,99.79,98.55,100.21,97.83,9638827,98.18,96.96,98.6,96.25,9638827.0,-1.240000000000009,-0.0124
2022-09-23,97.02,97.54,95.34,96.92,NKE,9026452.0,6.837593304682199,6.837593304682199,96.92,97.02,97.54,95.34,9026452,95.36,95.46,95.97,93.81,9026452.0,-1.5300000000000011,-0.0155
2022-09-26,96.06,97.73,95.71,96.09,NKE,8521632.0,6.7600413610366115,6.7600413610366115,96.09,96.06,97.73,95.71,8521632,94.54,94.51,96.16,94.17,8521632.0,-0.9599999999999937,-0.0099
2022-09-27,96.29,97.74,95.0,97.07,NKE,9890328.0,6.7786215142017,6.7786215142017,97.07,96.29,97.74,95.0,9890328,95.51,94.74,96.17,93.47,9890328.0,0.23000000000000398,0.0024
2022-09-28,98.7,99.42,96.76,97.11,NKE,9423349.0,6.973309206061978,6.973309206061978,97.11,98.7,99.42,96.76,9423349,95.55,97.11,97.82,95.2,9423349.0,2.4099999999999966,0.025
2022-09-29,95.33,98.11,94.48,98.11,NKE,19339223.0,6.701069570556112,6.701069570556112,98.11,95.33,98.11,94.48,19339223,96.53,93.8,96.53,92.96,19339223.0,-3.3700000000000045,-0.0341
2022-09-30,83.12,86.2,82.5,83.3,NKE,48176058.0,5.714705787313795,5.714705787313795,83.3,83.12,86.2,82.5,48176058,81.96,81.78,84.81,81.17,48176058.0,-12.209999999999994,-0.1281
2022-10-03,85.4,86.47,82.22,83.13,NKE,19108186.0,5.898891653472066,5.898891653472066,83.13,85.4,86.47,82.22,19108186,81.79,84.03,85.08,80.9,19108186.0,2.280000000000001,0.0274
2022-10-04,88.64,89.07,87.11,87.7,NKE,15114770.0,6.1606294632759235,6.1606294632759235,87.7,88.64,89.07,87.11,15114770,86.29,87.21,87.64,85.71,15114770.0,3.239999999999995,0.0379
2022-10-05,91.1,91.7,87.15,87.49,NKE,12732729.0,6.359356318867741,6.359356318867741,87.49,91.1,91.7,87.15,12732729,86.08,89.63,90.22,85.75,12732729.0,2.4599999999999937,0.0278
2022-10-06,90.17,92.64,89.81,90.49,NKE,9951889.0,6.284227873461079,6.284227873461079,90.49,90.17,92.64,89.81,9951889,89.03,88.72,91.15,88.36,9951889.0,-0.9299999999999926,-0.0102
2022-10-07,87.16,88.76,86.69,88.54,NKE,8554657.0,6.041070216822309,6.041070216822309,88.54,87.16,88.76,86.69,8554657,87.11,85.76,87.33,85.29,8554657.0,-3.010000000000005,-0.0334
2022-10-10,86.69,87.78,85.07,87.76,NKE,7991226.0,6.003102077745823,6.003102077745823,87.76,86.69,87.78,85.07,7991226,86.35,85.29,86.37,83.7,7991226.0,-0.46999999999999886,-0.0054
2022-10-11,87.99,88.25,85.75,86.04,NKE,11903166.0,6.10812033476589,6.10812033476589,86.04,87.99,88.25,85.75,11903166,84.65,86.57,86.83,84.37,11903166.0,1.2999999999999972,0.015
2022-10-12,88.51,88.88,87.31,88.0,NKE,8772899.0,6.150127637573918,6.150127637573918,88.0,88.51,88.88,87.31,8772899,86.58,87.08,87.45,85.9,8772899.0,0.5200000000000102,0.0059
2022-10-13,89.56,89.81,86.05,86.39,NKE,9335034.0,6.234950075936278,6.234950075936278,86.39,89.56,89.81,86.05,9335034,85.0,88.12,88.36,84.66,9335034.0,1.0499999999999972,0.0119
2022-10-14,87.55,90.88,87.49,90.51,NKE,7813872.0,6.072575693928329,6.072575693928329,90.51,87.55,90.88,87.49,7813872,89.05,86.14,89.42,86.08,7813872.0,-2.010000000000005,-0.0224
2022-10-17,89.97,90.69,88.7,89.53,NKE,8451887.0,6.268071218534915,6.268071218534915,89.53,89.97,90.69,88.7,8451887,88.09,88.52,89.23,87.27,8451887.0,2.4200000000000017,0.0276
2022-10-18,89.68,92.91,89.15,92.6,NKE,7364685.0,6.2446440688919775,6.2446440688919775,92.6,89.68,92.91,89.15,7364685,91.11,88.24,91.41,87.71,7364685.0,-0.28999999999999204,-0.0032
2022-10-19,88.57,89.74,87.76,88.26,NKE,5101984.0,6.154974634051766,6.154974634051766,88.26,88.57,89.74,87.76,5101984,86.84,87.14,88.3,86.35,5101984.0,-1.1100000000000136,-0.0124
2022-10-20,86.83,90.58,86.61,89.47,NKE,13500009.0,6.0144117361941385,6.0144117361941385,89.47,86.83,90.58,86.61,13500009,88.03,85.43,89.12,85.21,13500009.0,-1.7399999999999949,-0.0196
2022-10-21,88.5,88.78,86.71,87.02,NKE,7976275.0,6.149319804827608,6.149319804827608,87.02,88.5,88.78,86.71,7976275,85.62,87.08,87.35,85.31,7976275.0,1.6700000000000017,0.0192
2022-10-24,88.01,88.84,86.24,87.79,NKE,8847054.0,6.109736000258507,6.109736000258507,87.79,88.01,88.84,86.24,8847054,86.38,86.59,87.41,84.85,8847054.0,-0.4899999999999949,-0.0055
2022-10-25,91.72,91.93,87.89,88.03,NKE,8639899.0,6.40944194913885,6.40944194913885,88.03,91.72,91.93,87.89,8639899,86.61,90.24,90.45,86.47,8639899.0,3.7099999999999937,0.0422
2022-10-26,92.39,94.35,90.7,90.78,NKE,8648500.0,6.4635667431415005,6.4635667431415005,90.78,92.39,94.35,90.7,8648500,89.32,90.9,92.83,89.24,8648500.0,0.6700000000000017,0.0073
2022-10-27,90.54,93.48,90.22,92.88,NKE,8617948.0,6.314117685074483,6.314117685074483,92.88,90.54,93.48,90.22,8617948,91.38,89.08,91.97,88.77,8617948.0,-1.8499999999999943,-0.02
2022-10-28,93.83,93.88,90.46,91.2,NKE,6022379.0,6.579894658609882,6.579894658609882,91.2,93.83,93.88,90.46,6022379,89.73,92.32,92.37,89.0,6022379.0,3.289999999999992,0.0363
2022-10-31,92.68,93.89,92.68,93.0,NKE,6426375.0,6.486993892784438,6.486993892784438,93.0,92.68,93.89,92.68,6426375,91.5,91.19,92.38,91.19,6426375.0,-1.1499999999999915,-0.0123
2022-11-01,93.77,96.46,92.97,95.69,NKE,7250651.0,6.575047662132032,6.575047662132032,95.69,93.77,96.46,92.97,7250651,94.15,92.26,94.91,91.47,7250651.0,1.0899999999999892,0.0118
2022-11-02,90.3,94.44,90.19,93.13,NKE,7178282.0,6.294729699163085,6.294729699163085,93.13,90.3,94.44,90.19,7178282,91.63,88.85,92.92,88.74,7178282.0,-3.469999999999999,-0.037
2022-11-03,90.4,91.61,88.72,89.97,NKE,6550281.0,6.302808026626168,6.302808026626168,89.97,90.4,91.61,88.72,6550281,88.52,88.94,90.14,87.29,6550281.0,0.10000000000000853,0.0011
2022-11-04,95.79,98.23,93.95,94.45,NKE,11511759.0,6.73822987688629,6.73822987688629,94.45,95.79,98.23,93.95,11511759,92.93,94.25,96.65,92.44,11511759.0,5.390000000000001,0.0596
2022-11-07,93.44,96.87,92.67,96.31,NKE,9094460.0,6.548389181503861,6.548389181503861,96.31,93.44,96.87,92.67,9094460,94.76,91.94,95.31,91.17,9094460.0,-2.3500000000000085,-0.0245
2022-11-08,93.75,96.03,92.94,94.44,NKE,7017766.0,6.573431996639416,6.573431996639416,94.44,93.75,96.03,92.94,7017766,92.92,92.24,94.48,91.44,7017766.0,0.3100000000000023,0.0033
2022-11-09,92.1,93.9,91.95,92.67,NKE,6550869.0,6.440139593498562,6.440139593498562,92.67,92.1,93.9,91.95,6550869,91.18,90.62,92.39,90.47,6550869.0,-1.6500000000000057,-0.0176
2022-11-10,99.49,99.68,96.23,96.33,NKE,9361010.0,7.0371279930203245,7.0371279930203245,96.33,99.49,99.68,96.23,9361010,94.78,97.89,98.08,94.68,9361010.0,7.390000000000001,0.0802
2022-11-11,106.09,107.21,100.14,100.31,NKE,12597481.0,7.5702976055837405,7.5702976055837405,100.31,106.09,107.21,100.14,12597481,98.7,104.38,105.48,98.53,12597481.0,6.6000000000000085,0.0663
2022-11-14,104.39,106.44,104.32,105.2,NKE,7134856.0,7.432966038711346,7.432966038711346,105.2,104.39,106.44,104.32,7134856,103.51,102.71,104.73,102.64,7134856.0,-1.7000000000000028,-0.016
2022-11-15,106.71,109.31,105.53,107.99,NKE,7242932.0,7.620383235854848,7.620383235854848,107.99,106.71,109.31,105.53,7242932,106.25,104.99,107.55,103.83,7242932.0,2.319999999999993,0.0222
2022-11-16,105.23,106.6,104.77,105.25,NKE,5998677.0,7.500823989401235,7.500823989401235,105.25,105.23,106.6,104.77,5998677,103.56,103.54,104.88,103.08,5998677.0,-1.4799999999999898,-0.0139
2022-11-17,105.36,105.4,102.92,104.11,NKE,5259739.0,7.511325815103241,7.511325815103241,104.11,105.36,105.4,102.92,5259739,102.43,103.66,103.7,101.26,5259739.0,0.12999999999999545,0.0012
2022-11-18,105.42,107.72,104.17,107.63,NKE,5498949.0,7.51617281158109,7.51617281158109,107.63,105.42,107.72,104.17,5498949,105.9,103.72,105.99,102.49,5498949.0,0.060000000000002274,0.0006
2022-11-21,103.83,105.48,103.6,104.61,NKE,4774775.0,7.387727404918086,7.387727404918086,104.61,103.83,105.48,103.6,4774775,102.93,102.16,103.78,101.93,4774775.0,-1.5900000000000034,-0.0151
2022-11-22,105.97,106.16,103.84,104.62,NKE,5313228.0,7.560603612628041,7.560603612628041,104.62,105.97,106.16,103.84,5313228,102.94,104.26,104.45,102.17,5313228.0,2.1400000000000006,0.0206
2022-11-23,106.65,106.98,105.23,106.0,NKE,3873501.0,7.615536239377,7.615536239377,106.0,106.65,106.98,105.23,3873501,104.29,104.93,105.26,103.54,3873501.0,0.6800000000000068,0.0064
2022-11-25,105.96,107.18,105.56,106.45,NKE,3426135.0,7.559795779881733,7.559795779881733,106.45,105.96,107.18,105.56,3426135,104.74,104.25,105.45,103.86,3426135.0,-0.6900000000000119,-0.0065
2022-11-28,104.96,106.3,104.65,105.25,NKE,6967774.0,7.479012505250912,7.479012505250912,105.25,104.96,106.3,104.65,6967774,103.56,103.27,104.59,102.97,6967774.0,-1.0,-0.0094
2022-11-29,106.25,106.82,105.12,105.37,NKE,8494366.0,7.583222929524672,7.583222929524672,105.37,106.25,106.82,105.12,8494366,103.67,104.54,105.1,103.43,8494366.0,1.2900000000000063,0.0123
2022-11-30,109.69,109.69,105.45,107.08,NKE,16250965.0,7.861117394254693,7.861117394254693,107.08,109.69,109.69,105.45,16250965,105.36,107.92,107.92,103.75,16250965.0,3.4399999999999977,0.0324
2022-12-01,111.11,111.86,109.55,110.09,NKE,7822888.0,7.975829644230458,7.975829644230458,110.09,111.11,111.86,109.55,7822888,108.32,109.32,110.05,107.79,7822888.0,1.4200000000000017,0.0129
2022-12-02,112.2,112.71,108.34,108.65,NKE,5891969.0,8.063883413578052,8.063883413578052,108.65,112.2,112.71,108.34,5891969,107.24,110.74,111.24,106.93,5891969.0,1.0900000000000034,0.0098
2022-12-05,109.62,111.13,109.19,111.02,NKE,6220139.0,7.855462565030536,7.855462565030536,111.02,109.62,111.13,109.19,6220139,109.58,108.19,109.68,107.77,6220139.0,-2.5799999999999983,-0.023
2022-12-06,107.93,110.53,106.75,109.65,NKE,7086282.0,7.718938830904451,7.718938830904451,109.65,107.93,110.53,106.75,7086282,108.22,106.53,109.09,105.36,7086282.0,-1.6899999999999977,-0.0154
2022-12-07,108.33,109.12,107.06,107.32,NKE,5751515.0,7.751252140756778,7.751252140756778,107.32,108.33,109.12,107.06,5751515,105.92,106.92,107.7,105.67,5751515.0,0.3999999999999915,0.0037
2022-12-08,111.36,111.49,108.46,108.6,NKE,6192842.0,7.996025462888164,7.996025462888164,108.6,111.36,111.49,108.46,6192842,107.19,109.91,110.04,107.05,6192842.0,3.030000000000001,0.028
2022-12-09,109.42,111.38,109.26,110.22,NKE,5677695.0,7.839305910104372,7.839305910104372,110.22,109.42,111.38,109.26,5677695,108.79,108.0,109.93,107.84,5677695.0,-1.9399999999999977,-0.0174
2022-12-12,112.07,112.17,109.71,110.1,NKE,6426036.0,8.053381587876046,8.053381587876046,110.1,112.07,112.17,109.71,6426036,108.67,110.61,110.71,108.28,6426036.0,2.6499999999999915,0.0242
2022-12-13,112.85,116.45,111.25,115.61,NKE,8655306.0,8.116392542088086,8.116392542088086,115.61,112.85,116.45,111.25,8655306,114.1,111.38,114.94,109.8,8655306.0,0.7800000000000011,0.007
2022-12-14,111.45,114.12,110.23,113.7,NKE,7528469.0,8.003295957604937,8.003295957604937,113.7,111.45,114.12,110.23,7528469,112.22,110.0,112.64,108.8,7528469.0,-1.3999999999999915,-0.0124
2022-12-15,108.51,109.62,107.73,109.19,NKE,7502121.0,7.765793130190326,7.765793130190326,109.19,108.51,109.62,107.73,7502121,107.77,107.1,108.19,106.33,7502121.0,-2.9399999999999977,-0.0264
2022-12-16,105.95,107.61,105.12,106.87,NKE,14083648.0,7.558987947135425,7.558987947135425,106.87,105.95,107.61,105.12,14083648,105.48,104.57,106.21,103.75,14083648.0,-2.5600000000000023,-0.0236
2022-12-19,103.05,105.51,102.45,104.99,NKE,10620333.0,7.324716450706045,7.324716450706045,104.99,103.05,105.51,102.45,10620333,103.63,101.71,104.14,101.12,10620333.0,-2.9000000000000057,-0.0274
2022-12-20,103.21,103.4,101.68,103.0,NKE,17147929.0,7.337641774646976,7.337641774646976,103.0,103.21,103.4,101.68,17147929,101.66,101.87,102.06,100.36,17147929.0,0.1599999999999966,0.0016
2022-12-21,115.78,119.18,115.34,116.76,NKE,32777316.0,8.35308753675639,8.35308753675639,116.76,115.78,119.18,115.34,32777316,115.24,114.27,117.63,113.84,32777316.0,12.570000000000007,0.1218
2022-12-22,116.71,116.82,114.06,114.29,NKE,17150495.0,8.428215982163053,8.428215982163053,114.29,116.71,116.82,114.06,17150495,112.8,115.19,115.3,112.58,17150495.0,0.9299999999999926,0.008
2022-12-23,116.25,117.17,115.78,116.11,NKE,6603749.0,8.391055675832876,8.391055675832876,116.11,116.25,117.17,115.78,6603749,114.6,114.74,115.65,114.27,6603749.0,-0.45999999999999375,-0.0039
2022-12-27,117.56,118.2,115.82,116.47,NKE,6661081.0,8.49688176559925,8.49688176559925,116.47,117.56,118.2,115.82,6661081,114.96,116.03,116.66,114.31,6661081.0,1.3100000000000023,0.0113
2022-12-28,114.98,118.24,114.95,117.58,NKE,5437801.0,8.288460917051735,8.288460917051735,117.58,114.98,118.24,114.95,5437801,116.05,113.49,116.7,113.46,5437801.0,-2.5799999999999983,-0.0219
2022-12-29,117.35,118.06,115.8,116.08,NKE,4588588.0,8.479917277926777,8.479917277926777,116.08,117.35,118.06,115.8,4588588,114.57,115.82,116.53,114.29,4588588.0,2.3699999999999903,0.0206
2022-12-30,117.01,117.25,115.77,116.56,NKE,4355450.0,8.4524509645523,8.4524509645523,116.56,117.01,117.25,115.77,4355450,115.04,115.49,115.73,114.26,4355450.0,-0.3399999999999892,-0.0029
2023-01-03,118.75,119.49,117.44,118.55,NKE,8124770.0,8.593013862409927,8.593013862409927,118.55,118.75,119.49,117.44,8124770,117.01,117.21,117.94,115.91,8124770.0,1.7399999999999949,0.0149
2023-01-04,121.21,122.23,119.53,119.96,NKE,8550659.0,8.791740718001744,8.791740718001744,119.96,121.21,122.23,119.53,8550659,118.4,119.63,120.64,117.98,8550659.0,2.4599999999999937,0.0207
2023-01-05,120.62,122.34,120.08,120.28,NKE,6046737.0,8.744078585969561,8.744078585969561,120.28,120.62,122.34,120.08,6046737,118.72,119.05,120.75,118.52,6046737.0,-0.5899999999999892,-0.0049
2023-01-06,124.53,125.36,121.77,122.0,NKE,10080654.0,9.059941189776069,9.059941189776069,122.0,124.53,125.36,121.77,10080654,120.41,122.91,123.73,120.19,10080654.0,3.9099999999999966,0.0324
2023-01-09,124.85,126.61,124.55,125.0,NKE,9397868.0,9.085791837657931,9.085791837657931,125.0,124.85,126.61,124.55,9397868,123.38,123.23,124.96,122.93,9397868.0,0.3199999999999932,0.0026
2023-01-10,125.84,126.33,124.37,125.21,NKE,5899920.0,9.165767279542443,9.165767279542443,125.21,125.84,126.33,124.37,5899920,123.58,124.2,124.69,122.75,5899920.0,0.9900000000000091,0.0079
2023-01-11,127.94,128.25,126.01,126.32,NKE,6989184.0,9.335412156267166,9.335412156267166,126.32,127.94,128.25,126.01,6989184,124.68,126.28,126.59,124.37,6989184.0,2.0999999999999943,0.0167
2023-01-12,127.89,128.46,126.46,128.35,NKE,8366442.0,9.331372992535625,9.331372992535625,128.35,127.89,128.46,126.46,8366442,126.68,126.23,126.79,124.82,8366442.0,-0.04999999999999716,-0.0004
2023-01-13,128.85,129.23,126.66,126.66,NKE,4856475.0,9.408924936181213,9.408924936181213,126.66,128.85,129.23,126.66,4856475,125.01,127.17,127.55,125.01,4856475.0,0.9599999999999937,0.0075
2023-01-17,128.14,129.05,127.83,128.0,NKE,6172170.0,9.35156881119333,9.35156881119333,128.0,128.14,129.05,127.83,6172170,126.34,126.47,127.37,126.17,6172170.0,-0.710000000000008,-0.0055
2023-01-18,126.43,128.59,126.0,127.8,NKE,6828808.0,9.213429411574628,9.213429411574628,127.8,126.43,128.59,126.0,6828808,126.14,124.79,126.91,124.36,6828808.0,-1.7099999999999795,-0.0133
2023-01-19,124.53,125.44,123.61,124.79,NKE,5273493.0,9.059941189776069,9.059941189776069,124.79,124.53,125.44,123.61,5273493,123.17,122.91,123.81,122.0,5273493.0,-1.9000000000000057,-0.015
2023-01-20,126.62,126.64,124.04,124.68,NKE,5673181.0,9.228778233754484,9.228778233754484,124.68,126.62,126.64,124.04,5673181,123.06,124.97,124.99,122.43,5673181.0,2.0900000000000034,0.0168
2023-01-23,128.29,128.75,126.54,126.9,NKE,5581559.0,9.363686302387952,9.363686302387952,126.9,128.29,128.75,126.54,5581559,125.25,126.62,127.07,124.89,5581559.0,1.6699999999999875,0.0132
2023-01-24,126.83,128.0,112.36,112.36,NKE,5486219.0,9.245742721426955,9.245742721426955,112.36,126.83,128.0,112.36,5486219,110.9,125.18,126.34,110.9,5486219.0,-1.4599999999999937,-0.0114
2023-01-25,126.82,127.01,124.83,125.86,NKE,5933730.0,9.244934888680648,9.244934888680648,125.86,126.82,127.01,124.83,5933730,124.22,125.17,125.36,123.21,5933730.0,-0.010000000000005116,-0.0001
2023-01-26,127.53,128.99,126.01,128.46,NKE,5838801.0,9.30229101366853,9.30229101366853,128.46,127.53,128.99,126.01,5838801,126.79,125.87,127.31,124.37,5838801.0,0.710000000000008,0.0056
2023-01-27,127.53,128.58,126.69,127.07,NKE,5730012.0,9.30229101366853,9.30229101366853,127.07,127.53,128.58,126.69,5730012,125.42,125.87,126.91,125.05,5730012.0,0.0,0.0
2023-01-30,126.37,127.56,126.2,126.5,NKE,6494692.0,9.208582415096778,9.208582415096778,126.5,126.37,127.56,126.2,6494692,124.86,124.73,125.9,124.56,6494692.0,-1.1599999999999966,-0.0091
2023-01-31,127.33,127.85,126.01,126.42,NKE,7687083.0,9.286134358742366,9.286134358742366,126.42,127.33,127.85,126.01,7687083,124.78,125.67,126.19,124.37,7687083.0,0.9599999999999937,0.0076
2023-02-01,129.5,130.22,126.22,127.9,NKE,6387919.0,9.461434064691247,9.461434064691247,127.9,129.5,130.22,126.22,6387919,126.24,127.82,128.53,124.58,6387919.0,2.1700000000000017,0.017
2023-02-02,129.06,131.31,127.86,130.45,NKE,5214452.0,9.425889423853686,9.425889423853686,130.45,129.06,131.31,127.86,5214452,128.75,127.38,129.6,126.2,5214452.0,-0.4399999999999977,-0.0034
2023-02-03,127.61,129.42,126.44,126.79,NKE,4930209.0,9.308753675638997,9.308753675638997,126.79,127.61,129.42,126.44,4930209,125.14,125.95,127.74,124.8,4930209.0,-1.4500000000000028,-0.0112
2023-02-06,125.73,126.1,124.32,125.52,NKE,4666535.0,9.156881119333054,9.156881119333054,125.52,125.73,126.1,124.32,4666535,123.89,124.1,124.46,122.7,4666535.0,-1.8799999999999955,-0.0147
2023-02-07,125.33,125.93,123.25,123.96,NKE,5288935.0,9.124567809480725,9.124567809480725,123.96,125.33,125.93,123.25,5288935,122.35,123.7,124.29,121.65,5288935.0,-0.4000000000000057,-0.0032
2023-02-08,122.91,124.1,121.8,123.38,NKE,5877807.0,8.92907228487414,8.92907228487414,123.38,122.91,124.1,121.8,5877807,121.78,121.31,122.49,120.22,5877807.0,-2.4200000000000017,-0.0193
2023-02-09,122.18,125.02,121.5,124.71,NKE,5928984.0,8.870100494393641,8.870100494393641,124.71,122.18,125.02,121.5,5928984,123.09,120.59,123.39,119.92,5928984.0,-0.7299999999999898,-0.0059
2023-02-10,122.23,122.64,120.54,121.51,NKE,5195451.0,8.874139658125182,8.874139658125182,121.51,122.23,122.64,120.54,5195451,119.93,120.64,121.04,118.97,5195451.0,0.04999999999999716,0.0004
2023-02-13,125.15,125.72,122.46,122.82,NKE,5689778.0,9.110026820047178,9.110026820047178,122.82,125.15,125.72,122.46,5689778,121.22,123.52,124.09,120.87,5689778.0,2.9200000000000017,0.0239
2023-02-14,126.2,126.36,123.74,123.95,NKE,4845860.0,9.194849258409539,9.194849258409539,123.95,126.2,126.36,123.74,4845860,122.34,124.56,124.72,122.13,4845860.0,1.0499999999999972,0.0084
2023-02-15,127.48,127.5,124.9,124.9,NKE,5689700.0,9.298251849936989,9.298251849936989,124.9,127.48,127.5,124.9,5689700,123.28,125.82,125.84,123.28,5689700.0,1.2800000000000011,0.0101
2023-02-16,124.38,127.21,124.11,125.43,NKE,4722184.0,9.047823698581446,9.047823698581446,125.43,124.38,127.21,124.11,4722184,123.8,122.76,125.56,122.5,4722184.0,-3.1000000000000085,-0.0243
2023-02-17,124.84,124.89,123.44,123.71,NKE,5161724.0,9.084984004911624,9.084984004911624,123.71,124.84,124.89,123.44,5161724,122.1,123.22,123.27,121.83,5161724.0,0.46000000000000796,0.0037
2023-02-21,121.1,124.0,120.98,123.28,NKE,5110256.0,8.782854557792355,8.782854557792355,123.28,121.1,124.0,120.98,5110256,121.68,119.53,122.39,119.41,5110256.0,-3.740000000000009,-0.03
2023-02-22,119.9,121.39,119.64,121.1,NKE,5021991.0,8.68591462823537,8.68591462823537,121.1,119.9,121.39,119.64,5021991,119.53,118.34,119.82,118.08,5021991.0,-1.1999999999999886,-0.0099
2023-02-23,119.96,120.76,118.55,120.76,NKE,4101920.0,8.690761624713218,8.690761624713218,120.76,119.96,120.76,118.55,4101920,119.19,118.4,119.19,117.01,4101920.0,0.05999999999998806,0.0005
2023-02-24,118.04,118.74,117.34,117.97,NKE,4693002.0,8.535657737422044,8.535657737422044,117.97,118.04,118.74,117.34,4693002,116.44,116.51,117.2,115.81,4693002.0,-1.9199999999999875,-0.016
2023-02-27,118.53,119.82,118.32,119.26,NKE,4240017.0,8.575241541991147,8.575241541991147,119.26,118.53,119.82,118.32,4240017,117.71,116.99,118.26,116.78,4240017.0,0.4899999999999949,0.0042
2023-02-28,118.79,120.4,117.84,118.74,NKE,8414063.0,8.596245193395161,8.596245193395161,118.74,118.79,120.4,117.84,8414063,117.2,117.25,118.83,116.31,8414063.0,0.2600000000000051,0.0022
2023-03-01,118.58,119.79,117.83,117.95,NKE,4120488.0,8.579280705722686,8.579280705722686,117.95,118.58,119.79,117.83,4120488,116.42,117.04,118.23,116.3,4120488.0,-0.21000000000000796,-0.0018
2023-03-02,119.58,119.96,117.55,117.55,NKE,4443207.0,8.660063980353508,8.660063980353508,117.55,119.58,119.96,117.55,4443207,116.02,118.03,118.4,116.02,4443207.0,1.0,0.0084
2023-03-03,120.94,121.04,119.02,120.13,NKE,3871822.0,8.769929233851423,8.769929233851423,120.13,120.94,121.04,119.02,3871822,118.89,119.69,119.79,117.79,3871822.0,1.3599999999999994,0.0114
2023-03-06,120.17,121.99,119.95,121.13,NKE,5183814.0,8.707726112385691,8.707726112385691,121.13,120.17,121.99,119.95,5183814,119.88,118.93,120.73,118.72,5183814.0,-0.769999999999996,-0.0064
2023-03-07,119.59,121.02,119.23,120.2,NKE,5345746.0,8.660871813099817,8.660871813099817,120.2,119.59,121.02,119.23,5345746,118.96,118.36,119.77,118.0,5345746.0,-0.5799999999999983,-0.0048
2023-03-08,119.86,120.04,118.73,119.27,NKE,4175226.0,8.682683297250138,8.682683297250138,119.27,119.86,120.04,118.73,4175226,118.04,118.63,118.8,117.51,4175226.0,0.269999999999996,0.0023
2023-03-09,117.87,121.86,117.55,120.08,NKE,5635879.0,8.521924580734805,8.521924580734805,120.08,117.87,121.86,117.55,5635879,118.84,116.66,120.6,116.34,5635879.0,-1.9899999999999949,-0.0166
2023-03-10,117.49,118.99,116.64,118.83,NKE,5979635.0,8.491226936375092,8.491226936375092,118.83,117.49,118.99,116.64,5979635,117.61,116.28,117.76,115.44,5979635.0,-0.38000000000000966,-0.0032
2023-03-13,116.86,118.29,115.79,115.82,NKE,6038216.0,8.440333473357676,8.440333473357676,115.82,116.86,118.29,115.79,6038216,114.63,115.66,117.07,114.6,6038216.0,-0.6299999999999955,-0.0054
2023-03-14,119.0,119.49,117.23,119.0,NKE,6050822.0,8.613209681067632,8.613209681067632,119.0,119.0,119.49,117.23,6050822,117.77,117.77,118.26,116.02,6050822.0,2.1400000000000006,0.0183
2023-03-15,118.17,118.63,115.81,116.32,NKE,6599249.0,8.546159563124052,8.546159563124052,116.32,118.17,118.63,115.81,6599249,115.12,116.95,117.4,114.62,6599249.0,-0.8299999999999983,-0.007
2023-03-16,120.65,120.81,116.61,116.86,NKE,5661422.0,8.746502084208487,8.746502084208487,116.86,120.65,120.81,116.61,5661422,115.66,119.41,119.57,115.41,5661422.0,2.480000000000004,0.021
2023-03-17,120.39,121.73,118.67,121.17,NKE,12868912.0,8.725498432804473,8.725498432804473,121.17,120.39,121.73,118.67,12868912,119.92,119.15,120.48,117.45,12868912.0,-0.2600000000000051,-0.0022
2023-03-20,121.2,122.68,119.81,120.99,NKE,7594101.0,8.790932885255437,8.790932885255437,120.99,121.2,122.68,119.81,7594101,119.74,119.95,121.42,118.58,7594101.0,0.8100000000000023,0.0067
2023-03-21,125.61,126.06,122.97,123.5,NKE,15078777.0,9.147187126377355,9.147187126377355,123.5,125.61,126.06,122.97,15078777,122.23,124.32,124.76,121.7,15078777.0,4.409999999999997,0.0364
2023-03-22,119.5,125.26,119.33,123.66,NKE,17625504.0,8.653601318383043,8.653601318383043,123.66,119.5,125.26,119.33,17625504,122.39,118.27,123.97,118.1,17625504.0,-6.109999999999999,-0.0486
2023-03-23,120.97,123.27,119.47,120.47,NKE,7628073.0,8.772352732090347,8.772352732090347,120.47,120.97,123.27,119.47,7628073,119.23,119.72,122.0,118.23,7628073.0,1.4699999999999989,0.0123
2023-03-24,120.71,121.0,119.31,120.23,NKE,6163391.0,8.751349080686333,8.751349080686333,120.23,120.71,121.0,119.31,6163391,118.99,119.47,119.75,118.09,6163391.0,-0.2600000000000051,-0.0021
2023-03-27,117.81,121.07,117.61,121.02,NKE,6564242.0,8.517077584256956,8.517077584256956,121.02,117.81,121.07,117.61,6564242,119.77,116.6,119.82,116.4,6564242.0,-2.8999999999999915,-0.024
2023-03-28,117.87,118.44,116.85,117.95,NKE,4461446.0,8.521924580734805,8.521924580734805,117.95,117.87,118.44,116.85,4461446,116.74,116.66,117.22,115.65,4461446.0,0.060000000000002274,0.0005
2023-03-29,120.49,120.57,118.49,118.64,NKE,5644018.0,8.733576760267553,8.733576760267553,118.64,120.49,120.57,118.49,5644018,117.42,119.25,119.33,117.27,5644018.0,2.6199999999999903,0.0222
2023-03-30,120.1,121.44,119.33,121.03,NKE,4578912.0,8.702071283161533,8.702071283161533,121.03,120.1,121.44,119.33,4578912,119.78,118.86,120.19,118.11,4578912.0,-0.39000000000000057,-0.0032
2023-03-31,122.64,122.71,120.6,120.92,NKE,5659422.0,8.907260800723819,8.907260800723819,120.92,122.64,122.71,120.6,5659422,119.67,121.38,121.45,119.36,5659422.0,2.5400000000000063,0.0211
2023-04-03,121.67,122.85,120.82,122.5,NKE,4838399.0,8.828901024331923,8.828901024331923,122.5,121.67,122.85,120.82,4838399,121.24,120.42,121.58,119.58,4838399.0,-0.9699999999999989,-0.0079
2023-04-04,123.69,123.94,121.36,121.38,NKE,5895258.0,8.99208323908618,8.99208323908618,121.38,123.69,123.94,121.36,5895258,120.13,122.42,122.67,120.11,5895258.0,2.019999999999996,0.0166
2023-04-05,120.9,123.33,120.56,123.0,NKE,4331407.0,8.766697902866191,8.766697902866191,123.0,120.9,123.33,120.56,4331407,121.73,119.65,122.06,119.32,4331407.0,-2.789999999999992,-0.0226
2023-04-06,120.22,120.49,117.85,119.51,NKE,4256901.0,8.711765276117232,8.711765276117232,119.51,120.22,120.49,117.85,4256901,118.28,118.98,119.25,116.64,4256901.0,-0.6800000000000068,-0.0056
2023-04-10,121.91,121.91,119.13,119.3,NKE,3731236.0,8.848289010243318,8.848289010243318,119.3,121.91,121.91,119.13,3731236,118.07,120.65,120.65,117.9,3731236.0,1.6899999999999977,0.0141
2023-04-11,123.3,124.08,122.04,122.04,NKE,4470956.0,8.96057776198016,8.96057776198016,122.04,123.3,124.08,122.04,4470956,120.78,122.03,122.8,120.78,4470956.0,1.3900000000000006,0.0114
2023-04-12,123.66,124.86,123.22,124.76,NKE,4525132.0,8.989659740847255,8.989659740847255,124.76,123.66,124.86,123.22,4525132,123.47,122.39,123.58,121.95,4525132.0,0.35999999999999943,0.0029
2023-04-13,126.43,126.67,124.46,124.64,NKE,5355297.0,9.213429411574628,9.213429411574628,124.64,126.43,126.67,124.46,5355297,123.36,125.13,125.37,123.18,5355297.0,2.7700000000000102,0.0224
2023-04-14,125.95,127.49,125.49,127.0,NKE,4828882.0,9.174653439751834,9.174653439751834,127.0,125.95,127.49,125.49,4828882,125.69,124.65,126.18,124.2,4828882.0,-0.480000000000004,-0.0038
2023-04-17,126.19,126.48,125.13,126.03,NKE,3917912.0,9.194041425663231,9.194041425663231,126.03,126.19,126.48,125.13,3917912,124.73,124.89,125.18,123.84,3917912.0,0.23999999999999488,0.0019
2023-04-18,126.21,127.28,125.02,127.23,NKE,3857914.0,9.195657091155846,9.195657091155846,127.23,126.21,127.28,125.02,3857914,125.92,124.91,125.97,123.73,3857914.0,0.01999999999999602,0.0002
2023-04-19,125.67,126.08,124.92,126.0,NKE,3547598.0,9.152034122855204,9.152034122855204,126.0,125.67,126.08,124.92,3547598,124.7,124.38,124.78,123.63,3547598.0,-0.539999999999992,-0.0043
2023-04-20,124.45,125.35,123.71,124.8,NKE,3891706.0,9.053478527805604,9.053478527805604,124.8,124.45,125.35,123.71,3891706,123.51,123.17,124.06,122.43,3891706.0,-1.2199999999999989,-0.0097
2023-04-21,125.53,125.68,123.62,124.4,NKE,3651389.0,9.140724464406889,9.140724464406889,124.4,125.53,125.68,123.62,3651389,123.12,124.24,124.39,122.35,3651389.0,1.0799999999999983,0.0087
2023-04-24,127.09,127.13,125.14,125.51,NKE,3790923.0,9.26674637283097,9.26674637283097,125.51,127.09,127.13,125.14,3790923,124.22,125.78,125.82,123.86,3790923.0,1.5600000000000023,0.0124
2023-04-25,124.66,126.77,124.05,126.53,NKE,4383342.0,9.070443015478075,9.070443015478075,126.53,124.66,126.77,124.05,4383342,125.23,123.38,125.46,122.77,4383342.0,-2.430000000000007,-0.0191
2023-04-26,123.84,124.98,123.29,124.21,NKE,4003190.0,9.004200730280804,9.004200730280804,124.21,123.84,124.98,123.29,4003190,122.93,122.56,123.69,122.02,4003190.0,-0.8199999999999932,-0.0066
2023-04-27,125.7,126.01,123.14,124.44,NKE,4252135.0,9.15445762109413,9.15445762109413,124.44,125.7,126.01,123.14,4252135,123.16,124.41,124.71,121.87,4252135.0,1.8599999999999994,0.015
2023-04-28,126.72,127.07,124.96,125.15,NKE,4421419.0,9.236856561217566,9.236856561217566,125.15,126.72,127.07,124.96,4421419,123.86,125.41,125.76,123.67,4421419.0,1.019999999999996,0.0081
2023-05-01,127.92,128.68,126.86,126.92,NKE,4112782.0,9.33379649077455,9.33379649077455,126.92,127.92,128.68,126.86,4112782,125.61,126.6,127.35,125.55,4112782.0,1.2000000000000028,0.0095
2023-05-02,127.26,127.58,125.17,127.15,NKE,3831644.0,9.280479529518209,9.280479529518209,127.15,127.26,127.58,125.17,3831644,125.84,125.95,126.27,123.88,3831644.0,-0.6599999999999966,-0.0052
2023-05-03,126.74,128.38,123.67,125.49,NKE,4560081.0,9.238472226710181,9.238472226710181,125.49,126.74,128.38,123.67,4560081,124.2,125.43,127.06,122.4,4560081.0,-0.5200000000000102,-0.0041
2023-05-04,123.67,125.19,122.82,124.94,NKE,6177127.0,8.990467573593563,8.990467573593563,124.94,123.67,125.19,122.82,6177127,123.65,122.4,123.9,121.55,6177127.0,-3.069999999999993,-0.0242
2023-05-05,126.59,127.03,125.22,125.93,NKE,4887759.0,9.226354735515558,9.226354735515558,125.93,126.59,127.03,125.22,4887759,124.63,125.29,125.72,123.93,4887759.0,2.9200000000000017,0.0236
2023-05-08,126.88,127.69,125.97,127.26,NKE,3892645.0,9.249781885158496,9.249781885158496,127.26,126.88,127.69,125.97,3892645,125.95,125.57,126.37,124.68,3892645.0,0.28999999999999204,0.0023
2023-05-09,125.1,125.66,124.17,125.27,NKE,4082170.0,9.105987656315635,9.105987656315635,125.27,125.1,125.66,124.17,4082170,123.98,123.81,124.37,122.89,4082170.0,-1.7800000000000011,-0.014
2023-05-10,123.51,126.45,122.17,126.29,NKE,5052636.0,8.977542249652632,8.977542249652632,126.29,123.51,126.45,122.17,5052636,124.99,122.24,125.15,120.91,5052636.0,-1.5899999999999892,-0.0127
2023-05-11,122.22,123.86,121.9,123.45,NKE,5923069.0,8.873331825378873,8.873331825378873,123.45,122.22,123.86,121.9,5923069,122.18,120.96,122.58,120.64,5923069.0,-1.2900000000000063,-0.0104
2023-05-12,120.21,121.2,119.03,120.99,NKE,6574233.0,8.710957443370924,8.710957443370924,120.99,120.21,121.2,119.03,6574233,119.74,118.97,119.95,117.8,6574233.0,-2.010000000000005,-0.0164
2023-05-15,119.83,119.99,118.0,119.82,NKE,5518188.0,8.680259799011212,8.680259799011212,119.82,119.83,119.99,118.0,5518188,118.59,118.6,118.75,116.79,5518188.0,-0.37999999999999545,-0.0032
2023-05-16,116.48,117.84,116.12,117.5,NKE,8307929.0,8.409635828997965,8.409635828997965,117.5,116.48,117.84,116.12,8307929,116.29,115.28,116.63,114.92,8307929.0,-3.3499999999999943,-0.028
2023-05-17,116.98,117.13,115.25,116.38,NKE,7765386.0,8.450027466313374,8.450027466313374,116.38,116.98,117.13,115.25,7765386,115.18,115.78,115.92,114.06,7765386.0,0.5,0.0043
2023-05-18,118.87,119.14,116.85,117.43,NKE,5970500.0,8.602707855365626,8.602707855365626,117.43,118.87,119.14,116.85,5970500,116.22,117.65,117.92,115.65,5970500.0,1.8900000000000006,0.0162
2023-05-19,114.76,115.49,113.1,114.56,NKE,11674272.0,8.270688596632954,8.270688596632954,114.56,114.76,115.49,113.1,11674272,113.38,113.58,114.3,111.94,11674272.0,-4.109999999999999,-0.0346
2023-05-22,110.18,112.85,110.02,112.85,NKE,12710292.0,7.900701198823796,7.900701198823796,112.85,110.18,112.85,110.02,12710292,111.69,109.05,111.69,108.89,12710292.0,-4.579999999999998,-0.0399
2023-05-23,108.78,111.06,108.19,109.77,NKE,11790409.0,7.787604614340647,7.787604614340647,109.77,108.78,111.06,108.19,11790409,108.64,107.66,109.92,107.07,11790409.0,-1.4000000000000057,-0.0127
2023-05-24,108.29,109.1,107.2,109.0,NKE,8503192.0,7.748020809771545,7.748020809771545,109.0,108.29,109.1,107.2,8503192,107.88,107.17,107.98,106.1,8503192.0,-0.4899999999999949,-0.0045
2023-05-25,107.48,108.97,107.42,108.35,NKE,6729847.0,7.682586357320581,7.682586357320581,108.35,107.48,108.97,107.42,6729847,107.23,106.37,107.85,106.31,6729847.0,-0.8100000000000023,-0.0075
2023-05-26,107.51,108.45,107.0,107.0,NKE,7911202.0,7.685009855559506,7.685009855559506,107.0,107.51,108.45,107.0,7911202,105.9,106.4,107.33,105.9,7911202.0,0.030000000000001137,0.0003
2023-05-30,106.52,108.88,106.27,108.4,NKE,9335188.0,7.605034413674993,7.605034413674993,108.4,106.52,108.88,106.27,9335188,107.28,105.42,107.76,105.17,9335188.0,-0.9900000000000091,-0.0092
2023-05-31,105.26,106.17,104.83,105.7,NKE,21465163.0,7.503247487640159,7.503247487640159,105.7,105.26,106.17,104.83,21465163,104.61,104.18,105.08,103.75,21465163.0,-1.259999999999991,-0.0118
2023-06-01,103.63,104.6,102.9,104.18,NKE,12025210.0,7.371570749991921,7.371570749991921,104.18,103.63,104.6,102.9,12025210,103.11,102.56,103.52,101.84,12025210.0,-1.6300000000000097,-0.0155
2023-06-02,107.78,108.42,106.13,107.63,NKE,11838228.0,7.706821339709827,7.706821339709827,107.63,107.78,108.42,106.13,11838228,106.52,106.67,107.3,105.04,11838228.0,4.150000000000006,0.04
2023-06-05,105.2,107.56,105.18,107.88,NKE,7434017.0,7.49840049116231,7.49840049116231,107.88,105.2,107.56,105.18,7434017,106.77,104.12,106.45,104.1,7434017.0,-2.5799999999999983,-0.0239
2023-06-06,106.19,106.75,105.2,105.49,NKE,7896257.0,7.578375933046822,7.578375933046822,105.49,106.19,106.75,105.2,7896257,104.4,105.1,105.65,104.12,7896257.0,0.9899999999999949,0.0094
2023-06-07,107.09,108.24,105.42,106.04,NKE,11123903.0,7.651080880214561,7.651080880214561,106.04,107.09,108.24,105.42,11123903,104.95,105.99,107.13,104.33,11123903.0,0.9000000000000057,0.0085
2023-06-08,106.2,107.52,105.67,107.16,NKE,9139448.0,7.579183765793131,7.579183765793131,107.16,106.2,107.52,105.67,9139448,106.06,105.11,106.41,104.58,9139448.0,-0.8900000000000006,-0.0083
2023-06-09,105.86,106.28,105.35,105.91,NKE,5796002.0,7.551717452418651,7.551717452418651,105.91,105.86,106.28,105.35,5796002,104.82,104.77,105.19,104.26,5796002.0,-0.3400000000000034,-0.0032
2023-06-12,106.83,106.85,104.6,106.29,NKE,7965771.0,7.630077228810547,7.630077228810547,106.29,106.83,106.85,104.6,7965771,105.2,105.73,105.75,103.52,7965771.0,0.9699999999999989,0.0092
2023-06-13,106.78,107.48,106.29,107.14,NKE,8460508.0,7.6260380650790065,7.6260380650790065,107.14,106.78,107.48,106.29,8460508,106.04,105.68,106.37,105.2,8460508.0,-0.04999999999999716,-0.0005
2023-06-14,112.86,113.4,107.48,107.48,NKE,17415459.0,8.117200374834395,8.117200374834395,107.48,112.86,113.4,107.48,17415459,106.37,111.7,112.23,106.37,17415459.0,6.079999999999998,0.0569
2023-06-15,112.41,112.81,110.16,111.83,NKE,10374195.0,8.080847901250525,8.080847901250525,111.83,112.41,112.81,110.16,10374195,110.68,111.25,111.65,109.02,10374195.0,-0.45000000000000284,-0.004
2023-06-16,113.59,114.76,113.06,114.0,NKE,14445506.0,8.176172165314894,8.176172165314894,114.0,113.59,114.76,113.06,14445506,112.83,112.42,113.58,111.9,14445506.0,1.1800000000000068,0.0105
2023-06-20,109.54,112.81,108.96,111.41,NKE,10606880.0,7.848999903060071,7.848999903060071,111.41,109.54,112.81,108.96,10606880,110.26,108.41,111.65,107.84,10606880.0,-4.049999999999997,-0.0357
2023-06-21,109.98,110.36,108.71,109.13,NKE,8377812.0,7.884544543897632,7.884544543897632,109.13,109.98,110.36,108.71,8377812,108.01,108.85,109.22,107.59,8377812.0,0.4399999999999977,0.004
2023-06-22,110.46,111.25,109.78,110.82,NKE,6003494.0,7.923320515720425,7.923320515720425,110.82,110.46,111.25,109.78,6003494,109.68,109.32,110.1,108.65,6003494.0,0.47999999999998977,0.0044
2023-06-23,109.52,110.29,107.3,107.75,NKE,14329235.0,7.847384237567454,7.847384237567454,107.75,109.52,110.29,107.3,14329235,106.64,108.39,109.15,106.19,14329235.0,-0.9399999999999977,-0.0085
2023-06-26,111.74,112.21,109.67,109.67,NKE,6887058.0,8.026723107247875,8.026723107247875,109.67,111.74,112.21,109.67,6887058,108.54,110.59,111.05,108.54,6887058.0,2.219999999999999,0.0203
2023-06-27,113.61,114.18,112.43,112.53,NKE,7138587.0,8.17778783080751,8.17778783080751,112.53,113.61,114.18,112.43,7138587,111.37,112.44,113.0,111.27,7138587.0,1.8700000000000045,0.0167
2023-06-28,113.03,113.75,112.12,113.34,NKE,6765974.0,8.130933531521634,8.130933531521634,113.34,113.03,113.75,112.12,6765974,112.17,111.87,112.57,110.97,6765974.0,-0.5799999999999983,-0.0051
2023-06-29,113.37,114.27,112.61,113.6,NKE,12465528.0,8.158399844896113,8.158399844896113,113.6,113.37,114.27,112.61,12465528,112.43,112.2,113.09,111.45,12465528.0,0.3400000000000034,0.003
2023-06-30,110.37,112.25,109.8,111.59,NKE,19629590.0,7.9160500210036515,7.9160500210036515,111.59,110.37,112.25,109.8,19629590,110.44,109.23,111.09,108.67,19629590.0,-3.0,-0.0265
2023-07-03,109.11,111.3,109.11,111.06,NKE,5734199.0,7.814263094968818,7.814263094968818,111.06,109.11,111.3,109.11,5734199,109.92,107.99,110.15,107.99,5734199.0,-1.2600000000000051,-0.0114
2023-07-05,107.1,108.91,106.53,108.62,NKE,10410553.0,7.651888712960869,7.651888712960869,108.62,107.1,108.91,106.53,10410553,107.5,106.0,107.78,105.44,10410553.0,-2.010000000000005,-0.0184
2023-07-06,105.1,106.09,103.67,105.29,NKE,9929226.0,7.490322163699227,7.490322163699227,105.29,105.1,106.09,103.67,9929226,104.21,104.02,105.0,102.6,9929226.0,-2.0,-0.0187
2023-07-07,104.46,105.47,104.03,104.8,NKE,7463086.0,7.438620867935502,7.438620867935502,104.8,104.46,105.47,104.03,7463086,103.72,103.38,104.38,102.96,7463086.0,-0.6400000000000006,-0.0061
2023-07-10,105.78,106.31,104.25,104.48,NKE,5374580.0,7.545254790448186,7.545254790448186,104.48,105.78,106.31,104.25,5374580,103.4,104.69,105.22,103.18,5374580.0,1.3200000000000074,0.0126
2023-07-11,107.39,107.62,105.62,105.65,NKE,5457205.0,7.6753158626038065,7.6753158626038065,105.65,107.39,107.62,105.62,5457205,104.56,106.28,106.51,104.53,5457205.0,1.6099999999999994,0.0152
2023-07-12,107.76,109.09,107.22,108.53,NKE,8305044.0,7.70520567421721,7.70520567421721,108.53,107.76,109.09,107.22,8305044,107.41,106.65,107.97,106.12,8305044.0,0.37000000000000455,0.0034
2023-07-13,107.84,109.13,107.68,109.07,NKE,6692257.0,7.711668336187676,7.711668336187676,109.07,107.84,109.13,107.68,6692257,107.95,106.73,108.01,106.57,6692257.0,0.0799999999999983,0.0007
2023-07-14,107.95,108.64,107.19,107.94,NKE,6933557.0,7.7205544963970665,7.7205544963970665,107.94,107.95,108.64,107.19,6933557,106.83,106.84,107.52,106.08,6933557.0,0.10999999999999943,0.001
2023-07-17,108.71,109.1,106.76,107.26,NKE,6683385.0,7.781949785116489,7.781949785116489,107.26,108.71,109.1,106.76,6683385,106.16,107.59,107.98,105.66,6683385.0,0.7599999999999909,0.007
2023-07-18,109.72,110.34,108.31,108.58,NKE,5717868.0,7.863540892493618,7.863540892493618,108.58,109.72,110.34,108.31,5717868,107.46,108.59,109.2,107.19,5717868.0,1.0100000000000051,0.0093
2023-07-19,109.88,110.25,108.58,109.08,NKE,5027105.0,7.876466216434549,7.876466216434549,109.08,109.88,110.25,108.58,5027105,107.96,108.75,109.11,107.46,5027105.0,0.1599999999999966,0.0015
2023-07-20,107.53,110.02,107.48,109.57,NKE,6458000.0,7.686625521052122,7.686625521052122,109.57,107.53,110.02,107.48,6458000,108.44,106.42,108.89,106.37,6458000.0,-2.3499999999999943,-0.0214
2023-07-21,109.06,109.29,107.51,108.0,NKE,6631599.0,7.810223931237277,7.810223931237277,108.0,109.06,109.29,107.51,6631599,106.88,107.94,108.16,106.4,6631599.0,1.5300000000000011,0.0142
2023-07-24,108.77,110.55,108.51,110.41,NKE,6787619.0,7.786796781594338,7.786796781594338,110.41,108.77,110.55,108.51,6787619,109.27,107.65,109.41,107.39,6787619.0,-0.29000000000000625,-0.0027
2023-07-25,108.3,108.85,107.39,108.28,NKE,7692755.0,7.748828642517853,7.748828642517853,108.28,108.3,108.85,107.39,7692755,107.16,107.18,107.73,106.28,7692755.0,-0.46999999999999886,-0.0043
2023-07-26,109.3,109.59,107.95,108.3,NKE,5148906.0,7.829611917148673,7.829611917148673,108.3,109.3,109.59,107.95,5148906,107.18,108.17,108.46,106.84,5148906.0,1.0,0.0092
2023-07-27,107.67,110.23,107.4,109.83,NKE,6544605.0,7.697935179500437,7.697935179500437,109.83,107.67,110.23,107.4,6544605,108.7,106.56,109.09,106.29,6544605.0,-1.6299999999999955,-0.0149
2023-07-28,108.62,108.96,107.63,108.11,NKE,5993039.0,7.774679290399716,7.774679290399716,108.11,108.62,108.96,107.63,5993039,107.0,107.5,107.84,106.52,5993039.0,0.9500000000000028,0.0088
2023-07-31,110.39,110.85,109.05,109.41,NKE,6406734.0,7.917665686496268,7.917665686496268,109.41,110.39,110.85,109.05,6406734,108.28,109.25,109.71,107.92,6406734.0,1.769999999999996,0.0163
2023-08-01,109.4,110.53,109.14,110.0,NKE,4567383.0,7.837690244611756,7.837690244611756,110.0,109.4,110.53,109.14,4567383,108.87,108.27,109.39,108.01,4567383.0,-0.9899999999999949,-0.009
2023-08-02,107.51,108.52,107.45,108.28,NKE,6213581.0,7.685009855559506,7.685009855559506,108.28,107.51,108.52,107.45,6213581,107.16,106.4,107.4,106.34,6213581.0,-1.8900000000000006,-0.0173
2023-08-03,108.64,109.08,106.64,107.0,NKE,5085760.0,7.776294955892332,7.776294955892332,107.0,108.64,109.08,106.64,5085760,105.9,107.52,107.96,105.55,5085760.0,1.1299999999999955,0.0105
2023-08-04,108.81,110.31,108.24,108.71,NKE,5621400.0,7.790028112579572,7.790028112579572,108.71,108.81,110.31,108.24,5621400,107.59,107.69,109.17,107.13,5621400.0,0.1700000000000017,0.0016
2023-08-07,110.48,110.94,109.18,109.87,NKE,4887311.0,7.924936181213042,7.924936181213042,109.87,110.48,110.94,109.18,4887311,108.74,109.34,109.8,108.06,4887311.0,1.6700000000000017,0.0153
2023-08-08,109.69,109.89,107.35,109.63,NKE,5851909.0,7.861117394254693,7.861117394254693,109.63,109.69,109.89,107.35,5851909,108.5,108.56,108.76,106.24,5851909.0,-0.7900000000000063,-0.0072
2023-08-09,109.69,110.02,108.3,109.79,NKE,4328573.0,7.861117394254693,7.861117394254693,109.79,109.69,110.02,108.3,4328573,108.66,108.56,108.89,107.18,4328573.0,0.0,0.0
2023-08-10,109.03,111.95,108.52,110.31,NKE,7276458.0,7.807800432998352,7.807800432998352,110.31,109.03,111.95,108.52,7276458,109.17,107.91,110.8,107.4,7276458.0,-0.6599999999999966,-0.006
2023-08-11,108.09,109.53,107.86,108.9,NKE,5104405.0,7.731864154845381,7.731864154845381,108.9,108.09,109.53,107.86,5104405,107.78,106.98,108.4,106.75,5104405.0,-0.9399999999999977,-0.0086
2023-08-14,107.64,108.3,107.07,107.92,NKE,5305181.0,7.695511681261512,7.695511681261512,107.92,107.64,108.3,107.07,5305181,106.81,106.53,107.18,105.97,5305181.0,-0.45000000000000284,-0.0042
2023-08-15,106.55,106.82,105.6,106.07,NKE,6197554.0,7.607457911913917,7.607457911913917,106.07,106.55,106.82,105.6,6197554,104.98,105.45,105.72,104.51,6197554.0,-1.0900000000000034,-0.0101
2023-08-16,106.53,108.38,106.07,106.07,NKE,5953064.0,7.605842246421301,7.605842246421301,106.07,106.53,108.38,106.07,5953064,104.98,105.43,107.26,104.98,5953064.0,-0.01999999999999602,-0.0002
2023-08-17,105.05,107.83,104.78,107.43,NKE,5692762.0,7.4862829999676865,7.4862829999676865,107.43,105.05,107.83,104.78,5692762,106.32,103.97,106.72,103.7,5692762.0,-1.480000000000004,-0.0139
2023-08-18,104.81,105.05,103.76,103.83,NKE,5836067.0,7.46689501405629,7.46689501405629,103.83,104.81,105.05,103.76,5836067,102.76,103.73,103.97,102.69,5836067.0,-0.23999999999999488,-0.0023
2023-08-21,102.86,105.48,102.63,105.47,NKE,6697559.0,7.30936762852619,7.30936762852619,105.47,102.86,105.48,102.63,6697559,104.38,101.8,104.39,101.57,6697559.0,-1.9500000000000028,-0.0186
2023-08-22,101.46,102.37,100.73,100.96,NKE,9820097.0,7.196271044043041,7.196271044043041,100.96,101.46,102.37,100.73,9820097,99.92,100.41,101.32,99.69,9820097.0,-1.4000000000000057,-0.0136
2023-08-23,98.75,99.19,96.55,96.98,NKE,20909068.0,6.977348369793518,6.977348369793518,96.98,98.75,99.19,96.55,20909068,95.98,97.73,98.17,95.55,20909068.0,-2.7099999999999937,-0.0267
2023-08-24,97.63,99.19,97.56,98.7,NKE,10310036.0,6.886871102206999,6.886871102206999,98.7,97.63,99.19,97.56,10310036,97.68,96.62,98.17,96.56,10310036.0,-1.1200000000000045,-0.0113
2023-08-25,98.84,99.09,97.81,98.5,NKE,7290611.0,6.984618864510292,6.984618864510292,98.5,98.84,99.09,97.81,7290611,97.49,97.82,98.07,96.8,7290611.0,1.210000000000008,0.0124
2023-08-28,99.63,100.06,98.86,99.59,NKE,6006590.0,7.04843765146864,7.04843765146864,99.59,99.63,100.06,98.86,6006590,98.56,98.6,99.03,97.85,6006590.0,0.789999999999992,0.008
2023-08-29,101.77,102.16,99.72,100.03,NKE,8641614.0,7.221313859178595,7.221313859178595,100.03,101.77,102.16,99.72,8641614,99.0,100.72,101.1,98.69,8641614.0,2.1400000000000006,0.0215
2023-08-30,102.1,102.81,101.51,101.64,NKE,4822098.0,7.247972339806766,7.247972339806766,101.64,102.1,102.81,101.51,4822098,100.59,101.05,101.75,100.46,4822098.0,0.3299999999999983,0.0032
2023-08-31,101.71,102.89,101.61,102.62,NKE,7046219.0,7.216466862700746,7.216466862700746,102.62,101.71,102.89,101.61,7046219,101.56,100.66,101.83,100.56,7046219.0,-0.39000000000000057,-0.0038
2023-09-01,102.36,102.96,101.52,101.97,NKE,6359599.0,7.268975991210779,7.268975991210779,101.97,102.36,102.96,101.52,6359599,101.26,101.64,102.24,100.81,6359599.0,0.6500000000000057,0.0064
2023-09-05,100.32,101.96,100.22,101.5,NKE,6698665.0,7.104178110963906,7.104178110963906,101.5,100.32,101.96,100.22,6698665,100.79,99.62,101.25,99.52,6698665.0,-2.0400000000000063,-0.0199
2023-09-06,100.18,100.31,99.03,99.76,NKE,6096014.0,7.092868452515592,7.092868452515592,99.76,100.18,100.31,99.03,6096014,99.06,99.48,99.6,98.34,6096014.0,-0.13999999999998636,-0.0014
2023-09-07,97.93,98.76,97.64,98.26,NKE,9927060.0,6.911106084596246,6.911106084596246,98.26,97.93,98.76,97.64,9927060,97.57,97.24,98.07,96.96,9927060.0,-2.25,-0.0225
2023-09-08,97.67,98.13,97.28,98.1,NKE,6435533.0,6.890102433192232,6.890102433192232,98.1,97.67,98.13,97.28,6435533,97.41,96.99,97.45,96.6,6435533.0,-0.2600000000000051,-0.0027
2023-09-11,96.79,98.38,96.58,98.33,NKE,7584681.0,6.819013151517111,6.819013151517111,98.33,96.79,98.38,96.58,7584681,97.64,96.11,97.69,95.9,7584681.0,-0.8799999999999955,-0.009
2023-09-12,96.3,97.17,96.17,96.99,NKE,6307698.0,6.779429346948008,6.779429346948008,96.99,96.3,97.17,96.17,6307698,96.31,95.63,96.49,95.5,6307698.0,-0.4900000000000091,-0.0051
2023-09-13,96.13,97.19,95.66,96.3,NKE,7140729.0,6.765696190260768,6.765696190260768,96.3,96.13,97.19,95.66,7140729,95.63,95.46,96.51,94.99,7140729.0,-0.1700000000000017,-0.0018
2023-09-14,97.19,97.68,95.9,96.72,NKE,7075271.0,6.851326461369438,6.851326461369438,96.72,97.19,97.68,95.9,7075271,96.04,96.51,97.0,95.23,7075271.0,1.0600000000000023,0.011
2023-09-15,96.26,98.15,96.13,98.15,NKE,10467337.0,6.776198015962776,6.776198015962776,98.15,96.26,98.15,96.13,10467337,97.46,95.59,97.46,95.46,10467337.0,-0.9299999999999926,-0.0096
2023-09-18,95.51,96.37,95.28,96.0,NKE,6946299.0,6.715610559989661,6.715610559989661,96.0,95.51,96.37,95.28,6946299,95.33,94.84,95.69,94.61,6946299.0,-0.75,-0.0078
2023-09-19,94.62,95.49,94.41,95.04,NKE,9390096.0,6.64371344556823,6.64371344556823,95.04,94.62,95.49,94.41,9390096,94.37,93.96,94.82,93.75,9390096.0,-0.8900000000000006,-0.0093
2023-09-20,94.04,95.4,93.83,93.97,NKE,10274669.0,6.5968591462823545,6.5968591462823545,93.97,94.04,95.4,93.83,10274669,93.31,93.38,94.73,93.17,10274669.0,-0.5799999999999983,-0.0061
2023-09-21,91.59,93.49,91.48,93.42,NKE,7960552.0,6.398940123436844,6.398940123436844,93.42,91.59,93.49,91.48,7960552,92.77,90.95,92.84,90.84,7960552.0,-2.450000000000003,-0.0261
2023-09-22,90.85,92.33,90.55,91.58,NKE,9292847.0,6.339160500210036,6.339160500210036,91.58,90.85,92.33,90.55,9292847,90.94,90.21,91.68,89.92,9292847.0,-0.7400000000000091,-0.0081
2023-09-25,90.6,90.85,89.79,90.0,NKE,8291657.0,6.318964681552331,6.318964681552331,90.0,90.6,90.85,89.79,8291657,89.37,89.97,90.21,89.16,8291657.0,-0.25,-0.0028
2023-09-26,90.17,90.7,89.78,90.0,NKE,8060479.0,6.284227873461079,6.284227873461079,90.0,90.17,90.7,89.78,8060479,89.37,89.54,90.07,89.15,8060479.0,-0.4299999999999926,-0.0047
2023-09-27,89.42,90.7,89.2,90.56,NKE,7631009.0,6.223640417487964,6.223640417487964,90.56,89.42,90.7,89.2,7631009,89.93,88.79,90.07,88.58,7631009.0,-0.75,-0.0083
2023-09-28,89.63,89.78,88.66,89.1,NKE,16315559.0,6.240604905160436,6.240604905160436,89.1,89.63,89.78,88.66,16315559,88.48,89.0,89.15,88.04,16315559.0,0.20999999999999375,0.0023
2023-09-29,95.62,99.47,94.62,99.37,NKE,34935390.0,6.724496720199051,6.724496720199051,99.37,95.62,99.47,94.62,34935390,98.67,94.95,98.77,93.96,34935390.0,5.990000000000009,0.0668
2023-10-02,94.56,96.38,93.73,96.2,NKE,12776338.0,6.638866449090381,6.638866449090381,96.2,94.56,96.38,93.73,12776338,95.53,93.9,95.71,93.07,12776338.0,-1.0600000000000023,-0.0111
2023-10-03,95.09,96.05,94.18,94.32,NKE,10964320.0,6.681681584644716,6.681681584644716,94.32,95.09,96.05,94.18,10964320,93.66,94.42,95.38,93.52,10964320.0,0.5300000000000011,0.0056
2023-10-04,95.89,96.25,95.12,95.58,NKE,8045393.0,6.746308204349372,6.746308204349372,95.58,95.89,96.25,95.12,8045393,94.91,95.22,95.58,94.45,8045393.0,0.7999999999999972,0.0084
2023-10-05,95.79,96.23,95.28,95.79,NKE,7429982.0,6.73822987688629,6.73822987688629,95.79,95.79,96.23,95.28,7429982,95.12,95.12,95.56,94.61,7429982.0,-0.09999999999999432,-0.001
2023-10-06,97.11,97.71,95.06,95.79,NKE,8532939.0,6.844863799398973,6.844863799398973,95.79,97.11,97.71,95.06,8532939,95.12,96.43,97.03,94.39,8532939.0,1.3199999999999932,0.0138
2023-10-09,96.88,97.14,95.92,96.78,NKE,5964219.0,6.826283646233883,6.826283646233883,96.78,96.88,97.14,95.92,5964219,96.1,96.2,96.46,95.25,5964219.0,-0.23000000000000398,-0.0024
2023-10-10,97.62,98.86,97.23,97.25,NKE,8499017.0,6.886063269460691,6.886063269460691,97.25,97.62,98.86,97.23,8499017,96.57,96.94,98.17,96.55,8499017.0,0.7400000000000091,0.0076
2023-10-11,98.65,98.95,98.01,98.31,NKE,7642891.0,6.969270042330437,6.969270042330437,98.31,98.65,98.95,98.01,7642891,97.62,97.96,98.26,97.32,7642891.0,1.0300000000000011,0.0106
2023-10-12,99.25,100.05,98.52,99.54,NKE,10705166.0,7.017740007108928,7.017740007108928,99.54,99.25,100.05,98.52,10705166,98.84,98.56,99.35,97.83,10705166.0,0.5999999999999943,0.0061
2023-10-13,99.91,100.84,99.45,99.58,NKE,8784716.0,7.071056968365269,7.071056968365269,99.58,99.91,100.84,99.45,8784716,98.89,99.21,100.14,98.75,8784716.0,0.6599999999999966,0.0066
2023-10-16,102.04,102.58,99.6,99.72,NKE,10845424.0,7.243125343328918,7.243125343328918,99.72,102.04,102.58,99.6,10845424,99.02,101.33,101.86,98.9,10845424.0,2.1300000000000097,0.0213
2023-10-17,103.01,103.59,101.97,101.97,NKE,9253760.0,7.321485119720814,7.321485119720814,101.97,103.01,103.59,101.97,9253760,101.26,102.29,102.86,101.26,9253760.0,0.9699999999999989,0.0095
2023-10-18,103.77,103.9,102.93,102.97,NKE,8757335.0,7.382880408440236,7.382880408440236,102.97,103.77,103.9,102.93,8757335,102.25,103.04,103.17,102.21,8757335.0,0.7599999999999909,0.0074
2023-10-19,103.05,104.35,102.85,103.77,NKE,8391080.0,7.324716450706045,7.324716450706045,103.77,103.05,104.35,102.85,8391080,103.04,102.33,103.62,102.13,8391080.0,-0.7199999999999989,-0.0069
2023-10-20,102.67,103.77,102.57,103.32,NKE,7823499.0,7.294018806346334,7.294018806346334,103.32,102.67,103.77,102.57,7823499,102.6,101.95,103.04,101.85,7823499.0,-0.37999999999999545,-0.0037
2023-10-23,102.81,103.75,101.77,102.13,NKE,5966147.0,7.305328464794649,7.305328464794649,102.13,102.81,103.75,101.77,5966147,101.42,102.09,103.03,101.06,5966147.0,0.14000000000000057,0.0014
2023-10-24,105.18,105.65,103.66,103.66,NKE,9252448.0,7.496784825669694,7.496784825669694,103.66,105.18,105.65,103.66,9252448,102.93,104.44,104.91,102.93,9252448.0,2.3700000000000045,0.0231
2023-10-25,103.54,105.03,103.49,104.46,NKE,7054680.0,7.364300255275149,7.364300255275149,104.46,103.54,105.03,103.49,7054680,103.73,102.82,104.3,102.77,7054680.0,-1.6400000000000006,-0.0156
2023-10-26,100.02,102.63,99.95,102.18,NKE,11222560.0,7.0799431285746595,7.0799431285746595,102.18,100.02,102.63,99.95,11222560,101.46,99.32,101.91,99.25,11222560.0,-3.5200000000000102,-0.034
2023-10-27,97.98,100.33,97.81,99.78,NKE,9602699.0,6.915145248327787,6.915145248327787,99.78,97.98,100.33,97.81,9602699,99.08,97.29,99.63,97.13,9602699.0,-2.039999999999992,-0.0204
2023-10-30,101.8,102.05,99.0,99.0,NKE,8206720.0,7.22373735741752,7.22373735741752,99.0,101.8,102.05,99.0,8206720,98.31,101.09,101.34,98.31,8206720.0,3.819999999999993,0.039
2023-10-31,102.77,102.93,101.4,101.4,NKE,6558458.0,7.302097133809416,7.302097133809416,101.4,102.77,102.93,101.4,6558458,100.69,102.05,102.21,100.69,6558458.0,0.9699999999999989,0.0095
2023-11-01,100.88,102.67,99.97,102.55,NKE,7272370.0,7.149416744757165,7.149416744757165,102.55,100.88,102.67,99.97,7272370,101.83,100.17,101.95,99.27,7272370.0,-1.8900000000000006,-0.0184
2023-11-02,105.08,105.55,101.89,102.05,NKE,8135111.0,7.488706498206612,7.488706498206612,102.05,105.08,105.55,101.89,8135111,101.34,104.34,104.81,101.18,8135111.0,4.200000000000003,0.0416
2023-11-03,107.06,107.65,106.05,106.43,NKE,7567959.0,7.648657381975636,7.648657381975636,106.43,107.06,107.65,106.05,7567959,105.68,106.31,106.9,105.31,7567959.0,1.980000000000004,0.0188
2023-11-06,107.25,107.6,106.37,106.96,NKE,5231865.0,7.664006204155492,7.664006204155492,106.96,107.25,107.6,106.37,5231865,106.21,106.5,106.85,105.63,5231865.0,0.18999999999999773,0.0018
2023-11-07,109.36,109.36,107.23,107.32,NKE,7745848.0,7.834458913626523,7.834458913626523,107.32,109.36,109.36,107.23,7745848,106.57,108.59,108.59,106.48,7745848.0,2.1099999999999994,0.0197
2023-11-08,109.39,110.7,108.9,109.37,NKE,8639736.0,7.836882411865448,7.836882411865448,109.37,109.39,110.7,108.9,8639736,108.6,108.62,109.93,108.14,8639736.0,0.030000000000001137,0.0003
2023-11-09,107.0,109.9,106.92,109.82,NKE,9154218.0,7.643810385497787,7.643810385497787,109.82,107.0,109.9,106.92,9154218,109.05,106.25,109.13,106.17,9154218.0,-2.3900000000000006,-0.0218
2023-11-10,106.11,107.83,105.61,107.34,NKE,8897927.0,7.571913271076356,7.571913271076356,107.34,106.11,107.83,105.61,8897927,106.59,105.37,107.08,104.87,8897927.0,-0.8900000000000006,-0.0083
2023-11-13,104.2,105.72,104.18,105.37,NKE,7055631.0,7.4176172165314895,7.4176172165314895,105.37,104.2,105.72,104.18,7055631,104.63,103.47,104.98,103.45,7055631.0,-1.9099999999999966,-0.018
2023-11-14,105.75,107.1,105.38,105.56,NKE,9674819.0,7.542831292209261,7.542831292209261,105.56,105.75,107.1,105.38,9674819,104.82,105.01,106.35,104.64,9674819.0,1.5499999999999972,0.0149
2023-11-15,107.82,109.06,106.72,106.82,NKE,11140831.0,7.710052670695059,7.710052670695059,106.82,107.82,109.06,106.72,11140831,106.07,107.07,108.3,105.97,11140831.0,2.069999999999993,0.0196
2023-11-16,107.61,108.0,107.0,107.1,NKE,5386979.0,7.693088183022587,7.693088183022587,107.1,107.61,108.0,107.0,5386979,106.35,106.86,107.24,106.25,5386979.0,-0.20999999999999375,-0.0019
2023-11-17,105.96,108.21,105.52,108.06,NKE,6353975.0,7.559795779881733,7.559795779881733,108.06,105.96,108.21,105.52,6353975,107.3,105.22,107.45,104.78,6353975.0,-1.6500000000000057,-0.0153
2023-11-20,106.32,106.55,105.1,106.0,NKE,6198621.0,7.588877758748828,7.588877758748828,106.0,106.32,106.55,105.1,6198621,105.26,105.58,105.8,104.36,6198621.0,0.35999999999999943,0.0034
2023-11-21,106.55,106.7,105.35,106.17,NKE,5803549.0,7.607457911913917,7.607457911913917,106.17,106.55,106.7,105.35,5803549,105.43,105.8,105.95,104.61,5803549.0,0.23000000000000398,0.0022
2023-11-22,107.92,108.03,106.82,107.5,NKE,6280910.0,7.718130998158141,7.718130998158141,107.5,107.92,108.03,106.82,6280910,106.75,107.16,107.27,106.07,6280910.0,1.3700000000000045,0.0129
2023-11-24,107.64,108.0,107.4,107.5,NKE,2443610.0,7.695511681261512,7.695511681261512,107.5,107.64,108.0,107.4,2443610,106.75,106.89,107.24,106.65,2443610.0,-0.28000000000000114,-0.0026
2023-11-27,107.96,108.22,106.9,107.66,NKE,5785038.0,7.721362329143374,7.721362329143374,107.66,107.96,108.22,106.9,5785038,106.91,107.2,107.46,106.15,5785038.0,0.3199999999999932,0.003
2023-11-28,108.75,109.9,108.15,108.57,NKE,7287568.0,7.785181116101723,7.785181116101723,108.57,108.75,109.9,108.15,7287568,107.81,107.99,109.13,107.39,7287568.0,0.7900000000000063,0.0073
2023-11-29,110.37,112.15,110.14,110.8,NKE,9601810.0,7.9160500210036515,7.9160500210036515,110.8,110.37,112.15,110.14,9601810,110.02,109.6,111.36,109.37,9601810.0,1.6200000000000045,0.0149
2023-11-30,110.27,110.59,108.96,110.53,NKE,8690871.0,7.907971693540569,7.907971693540569,110.53,110.27,110.59,108.96,8690871,109.76,109.5,109.82,108.2,8690871.0,-0.10000000000000853,-0.0009
2023-12-01,113.48,113.55,109.75,110.33,NKE,8051815.0,8.167286005105504,8.167286005105504,110.33,113.48,113.55,109.75,8051815,109.93,113.07,113.14,109.35,8051815.0,3.210000000000008,0.0291
2023-12-04,115.15,115.32,113.0,113.08,NKE,10086580.0,8.302194073738974,8.302194073738974,113.08,115.15,115.32,113.0,10086580,112.67,114.74,114.9,112.59,10086580.0,1.6700000000000017,0.0147
2023-12-05,115.41,116.04,114.6,114.66,NKE,6959966.0,8.323197725142986,8.323197725142986,114.66,115.41,116.04,114.6,6959966,114.25,114.99,115.62,114.19,6959966.0,0.2599999999999909,0.0023
2023-12-06,116.11,117.14,115.57,116.0,NKE,6316960.0,8.37974601738456,8.37974601738456,116.0,116.11,117.14,115.57,6316960,115.58,115.69,116.72,115.16,6316960.0,0.7000000000000028,0.0061
2023-12-07,114.81,116.0,114.12,114.12,NKE,7294460.0,8.274727760364495,8.274727760364495,114.12,114.81,116.0,114.12,7294460,113.71,114.4,115.58,113.71,7294460.0,-1.2999999999999972,-0.0112
2023-12-08,115.91,116.29,114.47,114.5,NKE,6122150.0,8.363589362458397,8.363589362458397,114.5,115.91,116.29,114.47,6122150,114.09,115.49,115.87,114.06,6122150.0,1.0999999999999943,0.0096
2023-12-11,118.61,119.42,117.43,117.79,NKE,7972751.0,8.581704203961612,8.581704203961612,117.79,118.61,119.42,117.43,7972751,117.37,118.18,118.99,117.01,7972751.0,2.700000000000003,0.0233
2023-12-12,119.64,119.99,118.58,119.68,NKE,7378379.0,8.664910976831356,8.664910976831356,119.68,119.64,119.99,118.58,7378379,119.25,119.21,119.56,118.15,7378379.0,1.0300000000000011,0.0087
2023-12-13,121.17,121.44,119.2,119.35,NKE,8182887.0,8.788509387016513,8.788509387016513,119.35,121.17,121.44,119.2,8182887,118.92,120.73,121.0,118.77,8182887.0,1.5300000000000011,0.0128
2023-12-14,121.02,122.59,119.82,121.44,NKE,9590510.0,8.776391895821888,8.776391895821888,121.44,121.02,122.59,119.82,9590510,121.0,120.58,122.15,119.39,9590510.0,-0.15000000000000568,-0.0012
2023-12-15,121.55,122.06,120.6,120.93,NKE,13633278.0,8.819207031376223,8.819207031376223,120.93,121.55,122.06,120.6,13633278,120.49,121.11,121.62,120.17,13633278.0,0.5300000000000011,0.0044
2023-12-18,121.14,121.84,120.86,121.41,NKE,6874837.0,8.786085888777588,8.786085888777588,121.41,121.14,121.84,120.86,6874837,120.97,120.7,121.4,120.42,6874837.0,-0.4099999999999966,-0.0034
2023-12-19,122.64,123.34,121.64,121.74,NKE,7697272.0,8.907260800723819,8.907260800723819,121.74,122.64,123.34,121.64,7697272,121.3,122.2,122.9,121.2,7697272.0,1.5,0.0124
2023-12-20,121.43,123.39,121.0,121.13,NKE,9176621.0,8.809513038420526,8.809513038420526,121.13,121.43,123.39,121.0,9176621,120.69,120.99,122.95,120.56,9176621.0,-1.2099999999999937,-0.0099
2023-12-21,122.53,123.3,121.3,122.3,NKE,16533347.0,8.898374640514428,8.898374640514428,122.3,122.53,123.3,121.3,16533347,121.86,122.09,122.86,120.86,16533347.0,1.0999999999999943,0.0091
2023-12-22,108.04,110.8,107.45,108.26,NKE,46666188.0,7.727824991113841,7.727824991113841,108.26,108.04,110.8,107.45,46666188,107.87,107.65,110.4,107.06,46666188.0,-14.489999999999995,-0.1183
2023-12-26,108.02,108.69,107.48,108.3,NKE,12846721.0,7.726209325621223,7.726209325621223,108.3,108.02,108.69,107.48,12846721,107.91,107.63,108.3,107.09,12846721.0,-0.020000000000010232,-0.0002
2023-12-27,107.13,108.59,106.85,108.34,NKE,10157852.0,7.654312211199793,7.654312211199793,108.34,107.13,108.59,106.85,10157852,107.95,106.74,108.2,106.47,10157852.0,-0.8900000000000006,-0.0082
2023-12-28,108.82,109.4,106.81,107.21,NKE,9352902.0,7.790835945325879,7.790835945325879,107.21,108.82,109.4,106.81,9352902,106.82,108.43,109.01,106.43,9352902.0,1.6899999999999977,0.0158
2023-12-29,108.57,109.96,108.09,108.96,NKE,7667522.0,7.770640126668174,7.770640126668174,108.96,108.57,109.96,108.09,7667522,108.57,108.18,109.56,107.7,7667522.0,-0.25,-0.0023
2024-01-02,106.55,107.85,106.45,107.61,NKE,9326616.0,7.607457911913917,7.607457911913917,107.61,106.55,107.85,106.45,9326616,107.22,106.17,107.46,106.07,9326616.0,-2.019999999999996,-0.0186
2024-01-03,104.04,107.48,104.0,105.72,NKE,10573744.0,7.4046918925905585,7.4046918925905585,105.72,104.04,107.48,104.0,10573744,105.34,103.67,107.09,103.63,10573744.0,-2.509999999999991,-0.0236
2024-01-04,102.3,103.62,102.3,102.46,NKE,10420581.0,7.26412899473293,7.26412899473293,102.46,102.3,103.62,102.3,10420581,102.09,101.93,103.25,101.93,10420581.0,-1.740000000000009,-0.0167
2024-01-05,102.08,103.68,101.9,102.46,NKE,8044543.0,7.24635667431415,7.24635667431415,102.46,102.08,103.68,101.9,8044543,102.09,101.71,103.31,101.53,8044543.0,-0.21999999999999886,-0.0022
2024-01-08,103.62,103.69,101.73,102.08,NKE,9414218.0,7.370762917245614,7.370762917245614,102.08,103.62,103.69,101.73,9414218,101.71,103.25,103.31,101.36,9414218.0,1.5400000000000063,0.0151
2024-01-09,102.74,103.4,102.5,103.17,NKE,7759476.0,7.299673635570491,7.299673635570491,103.17,102.74,103.4,102.5,7759476,102.8,102.37,103.03,102.13,7759476.0,-0.8800000000000097,-0.0085
2024-01-10,103.77,103.83,102.37,102.69,NKE,6784662.0,7.382880408440236,7.382880408440236,102.69,103.77,103.83,102.37,6784662,102.32,103.4,103.46,102.0,6784662.0,1.0300000000000011,0.01
2024-01-11,105.9,106.01,103.73,104.22,NKE,9537701.0,7.554948783403884,7.554948783403884,104.22,105.9,106.01,103.73,9537701,103.84,105.52,105.63,103.36,9537701.0,2.1300000000000097,0.0205
2024-01-12,105.06,106.32,104.72,106.0,NKE,6680858.0,7.487090832713995,7.487090832713995,106.0,105.06,106.32,104.72,6680858,105.62,104.68,105.94,104.34,6680858.0,-0.8400000000000034,-0.0079
2024-01-16,101.72,104.22,101.36,103.94,NKE,10547901.0,7.217274695447054,7.217274695447054,103.94,101.72,104.22,101.36,10547901,103.57,101.35,103.84,101.0,10547901.0,-3.3400000000000034,-0.0318
2024-01-17,100.82,101.31,100.24,101.05,NKE,8226243.0,7.144569748279316,7.144569748279316,101.05,100.82,101.31,100.24,8226243,100.69,100.46,100.95,99.88,8226243.0,-0.9000000000000057,-0.0088
2024-01-18,100.94,101.42,100.07,101.0,NKE,8852439.0,7.154263741235015,7.154263741235015,101.0,100.94,101.42,100.07,8852439,100.64,100.58,101.06,99.71,8852439.0,0.12000000000000455,0.0012
2024-01-19,101.78,102.18,99.67,101.02,NKE,8517208.0,7.2221216919249045,7.2221216919249045,101.02,101.78,102.18,99.67,8517208,100.66,101.41,101.81,99.31,8517208.0,0.8400000000000034,0.0083
2024-01-22,100.56,101.81,100.09,101.75,NKE,9897443.0,7.123566096875304,7.123566096875304,101.75,100.56,101.81,100.09,9897443,101.38,100.2,101.44,99.73,9897443.0,-1.2199999999999989,-0.012
2024-01-23,101.9,102.14,101.23,101.63,NKE,8208026.0,7.231815684880603,7.231815684880603,101.63,101.9,102.14,101.23,8208026,101.26,101.53,101.77,100.87,8208026.0,1.3400000000000034,0.0133
2024-01-24,100.76,101.8,100.69,101.78,NKE,7879315.0,7.139722751801467,7.139722751801467,101.78,100.76,101.8,100.69,7879315,101.41,100.4,101.43,100.33,7879315.0,-1.1400000000000006,-0.0112
2024-01-25,100.77,101.74,100.09,101.53,NKE,10063746.0,7.140530584547775,7.140530584547775,101.53,100.77,101.74,100.09,10063746,101.16,100.41,101.37,99.73,10063746.0,0.009999999999990905,0.0001
2024-01-26,102.75,103.27,101.22,101.57,NKE,9735779.0,7.3004814683168,7.3004814683168,101.57,102.75,103.27,101.22,9735779,101.2,102.38,102.9,100.86,9735779.0,1.980000000000004,0.0196
2024-01-29,103.88,104.01,101.34,102.88,NKE,8860834.0,7.391766568649627,7.391766568649627,102.88,103.88,104.01,101.34,8860834,102.51,103.51,103.64,100.98,8860834.0,1.1299999999999955,0.011
2024-01-30,104.18,104.31,103.13,103.34,NKE,7542837.0,7.416001551038874,7.416001551038874,103.34,104.18,104.31,103.13,7542837,102.97,103.8,103.93,102.76,7542837.0,0.30000000000001137,0.0029
2024-01-31,101.53,104.3,101.12,104.09,NKE,11547638.0,7.201925873267199,7.201925873267199,104.09,101.53,104.3,101.12,11547638,103.72,101.16,103.92,100.76,11547638.0,-2.6500000000000057,-0.0254
2024-02-01,101.76,102.25,100.61,101.9,NKE,7666694.0,7.220506026432288,7.220506026432288,101.9,101.76,102.25,100.61,7666694,101.53,101.39,101.88,100.25,7666694.0,0.23000000000000398,0.0023
2024-02-02,100.71,101.41,99.43,100.88,NKE,8966927.0,7.135683588069925,7.135683588069925,100.88,100.71,101.41,99.43,8966927,100.52,100.35,101.04,99.07,8966927.0,-1.0500000000000114,-0.0103
2024-02-05,99.68,100.59,99.05,100.5,NKE,10097935.0,7.0524768152001815,7.0524768152001815,100.5,99.68,100.59,99.05,10097935,100.14,99.32,100.23,98.7,10097935.0,-1.029999999999987,-0.0102
2024-02-06,102.61,102.63,99.13,99.5,NKE,11372407.0,7.289171809868485,7.289171809868485,99.5,102.61,102.63,99.13,11372407,99.14,102.24,102.26,98.77,11372407.0,2.9299999999999926,0.0294
2024-02-07,103.79,104.34,102.35,102.39,NKE,9447765.0,7.384496073932854,7.384496073932854,102.39,103.79,104.34,102.35,9447765,102.02,103.42,103.96,101.98,9447765.0,1.1800000000000068,0.0115
2024-02-08,103.77,104.96,103.05,104.43,NKE,6330409.0,7.382880408440236,7.382880408440236,104.43,103.77,104.96,103.05,6330409,104.05,103.4,104.58,102.67,6330409.0,-0.020000000000010232,-0.0002
2024-02-09,104.5,104.94,103.33,103.8,NKE,5449022.0,7.441852198920736,7.441852198920736,103.8,104.5,104.94,103.33,5449022,103.43,104.12,104.56,102.96,5449022.0,0.730000000000004,0.007
2024-02-12,107.18,107.43,104.64,104.74,NKE,7501946.0,7.6583513749313346,7.6583513749313346,104.74,107.18,107.43,104.64,7501946,104.36,106.79,107.04,104.27,7501946.0,2.680000000000007,0.0256
2024-02-13,105.0,105.8,104.25,104.99,NKE,6180509.0,7.482243836236146,7.482243836236146,104.99,105.0,105.8,104.25,6180509,104.61,104.62,105.42,103.87,6180509.0,-2.180000000000007,-0.0203
2024-02-14,106.33,106.42,104.46,104.82,NKE,5743277.0,7.589685591495137,7.589685591495137,104.82,106.33,106.42,104.46,5743277,104.44,105.95,106.04,104.08,5743277.0,1.3299999999999983,0.0127
2024-02-15,106.05,107.34,105.83,107.02,NKE,7201273.0,7.567066274598507,7.567066274598507,107.02,106.05,107.34,105.83,7201273,106.63,105.67,106.95,105.45,7201273.0,-0.28000000000000114,-0.0026
2024-02-16,103.51,104.7,101.65,104.63,NKE,14590128.0,7.361876757036224,7.361876757036224,104.63,103.51,104.7,101.65,14590128,104.25,103.14,104.32,101.28,14590128.0,-2.539999999999992,-0.024
2024-02-20,103.3,103.84,102.17,103.13,NKE,8759480.0,7.344912269363751,7.344912269363751,103.13,103.3,103.84,102.17,8759480,102.76,102.93,103.47,101.8,8759480.0,-0.21000000000000796,-0.002
2024-02-21,105.27,105.52,102.93,103.35,NKE,8893514.0,7.504055320386467,7.504055320386467,103.35,105.27,105.52,102.93,8893514,102.98,104.89,105.14,102.56,8893514.0,1.9699999999999989,0.0191
2024-02-22,105.08,106.01,104.08,105.8,NKE,6705491.0,7.488706498206612,7.488706498206612,105.8,105.08,106.01,104.08,6705491,105.42,104.7,105.63,103.71,6705491.0,-0.18999999999999773,-0.0018
2024-02-23,105.63,106.62,105.19,105.26,NKE,6947285.0,7.533137299253562,7.533137299253562,105.26,105.63,106.62,105.19,6947285,104.88,105.25,106.24,104.81,6947285.0,0.5499999999999972,0.0052
2024-02-26,104.54,106.1,103.76,105.31,NKE,5831480.0,7.445083529905969,7.445083529905969,105.31,104.54,106.1,103.76,5831480,104.93,104.16,105.72,103.39,5831480.0,-1.0899999999999892,-0.0103
2024-02-27,105.15,105.25,103.99,104.83,NKE,5317417.0,7.494361327430769,7.494361327430769,104.83,105.15,105.25,103.99,5317417,104.45,104.77,104.87,103.62,5317417.0,0.6099999999999994,0.0058
2024-02-28,104.35,105.44,103.7,104.1,NKE,4219844.0,7.429734707726112,7.429734707726112,104.1,104.35,105.44,103.7,4219844,103.73,103.97,105.06,103.33,4219844.0,-0.8000000000000114,-0.0076
2024-02-29,103.93,105.57,103.68,104.98,NKE,10811634.0,7.395805732381168,7.395805732381168,104.98,103.93,105.57,103.68,10811634,104.6,103.56,105.19,103.31,10811634.0,-0.4199999999999875,-0.004
2024-03-01,101.88,103.94,101.83,103.87,NKE,7349270.0,7.230200019387985,7.230200019387985,103.87,101.88,103.94,101.83,7349270,103.87,101.88,103.94,101.83,7349270.0,-2.0500000000000114,-0.0197
2024-03-04,99.54,101.77,99.01,101.65,NKE,11050914.0,7.041167156751866,7.041167156751866,101.65,99.54,101.77,99.01,11050914,101.65,99.54,101.77,99.01,11050914.0,-2.339999999999989,-0.023
2024-03-05,98.31,99.17,98.0,99.0,NKE,8670642.0,6.941803728955957,6.941803728955957,99.0,98.31,99.17,98.0,8670642,99.0,98.31,99.17,98.0,8670642.0,-1.230000000000004,-0.0124
2024-03-06,97.63,100.1,97.06,100.0,NKE,10045284.0,6.886871102206999,6.886871102206999,100.0,97.63,100.1,97.06,10045284,100.0,97.63,100.1,97.06,10045284.0,-0.6800000000000068,-0.0069
2024-03-07,98.19,98.4,97.68,97.99,NKE,8133866.0,6.932109736000259,6.932109736000259,97.99,98.19,98.4,97.68,8133866,97.99,98.19,98.4,97.68,8133866.0,0.5600000000000023,0.0057
2024-03-08,99.16,99.31,98.02,98.49,NKE,9043458.0,7.010469512392154,7.010469512392154,98.49,99.16,99.31,98.02,9043458,98.49,99.16,99.31,98.02,9043458.0,0.9699999999999989,0.0099
2024-03-11,101.08,101.76,99.44,99.9,NKE,8537402.0,7.165573399683329,7.165573399683329,99.9,101.08,101.76,99.44,8537402,99.9,101.08,101.76,99.44,8537402.0,1.9200000000000017,0.0194
2024-03-12,100.18,101.36,99.65,100.79,NKE,7040889.0,7.092868452515592,7.092868452515592,100.79,100.18,101.36,99.65,7040889,100.79,100.18,101.36,99.65,7040889.0,-0.8999999999999915,-0.0089
2024-03-13,101.36,102.0,100.33,100.61,NKE,7326384.0,7.18819271657996,7.18819271657996,100.61,101.36,102.0,100.33,7326384,100.61,101.36,102.0,100.33,7326384.0,1.1799999999999926,0.0118
2024-03-14,100.26,102.49,100.09,102.2,NKE,8350939.0,7.099331114486057,7.099331114486057,102.2,100.26,102.49,100.09,8350939,102.2,100.26,102.49,100.09,8350939.0,-1.0999999999999943,-0.0109
2024-03-15,99.64,101.16,99.34,100.3,NKE,15208539.0,7.049245484214948,7.049245484214948,100.3,99.64,101.16,99.34,15208539,100.3,99.64,101.16,99.34,15208539.0,-0.6200000000000045,-0.0062
2024-03-18,98.74,99.66,98.52,98.98,NKE,7206957.0,6.976540537047209,6.976540537047209,98.98,98.74,99.66,98.52,7206957,98.98,98.74,99.66,98.52,7206957.0,-0.9000000000000057,-0.009
2024-03-19,99.96,100.04,98.44,98.5,NKE,6168856.0,7.07509613209681,7.07509613209681,98.5,99.96,100.04,98.44,6168856,98.5,99.96,100.04,98.44,6168856.0,1.2199999999999989,0.0124
2024-03-20,100.27,100.44,99.03,99.45,NKE,7771693.0,7.100138947232365,7.100138947232365,99.45,100.27,100.44,99.03,7771693,99.45,100.27,100.44,99.03,7771693.0,0.3100000000000023,0.0031
2024-03-21,100.82,101.92,99.76,100.44,NKE,17176008.0,7.144569748279316,7.144569748279316,100.44,100.82,101.92,99.76,17176008,100.44,100.82,101.92,99.76,17176008.0,0.5499999999999972,0.0055
2024-03-22,93.86,95.17,91.72,93.84,NKE,41837410.0,6.582318156848806,6.582318156848806,93.84,93.86,95.17,91.72,41837410,93.84,93.86,95.17,91.72,41837410.0,-6.959999999999994,-0.069
2024-03-25,93.75,95.52,92.77,94.07,NKE,14548768.0,6.573431996639416,6.573431996639416,94.07,93.75,95.52,92.77,14548768,94.07,93.75,95.52,92.77,14548768.0,-0.10999999999999943,-0.0012
2024-03-26,92.58,93.86,92.41,93.74,NKE,10816947.0,6.478915565321356,6.478915565321356,93.74,92.58,93.86,92.41,10816947,93.74,92.58,93.86,92.41,10816947.0,-1.1700000000000017,-0.0125
2024-03-27,94.13,94.15,92.32,93.27,NKE,11095675.0,6.604129640999127,6.604129640999127,93.27,94.13,94.15,92.32,11095675,93.27,94.13,94.15,92.32,11095675.0,1.5499999999999972,0.0167
2024-03-28,93.98,94.81,93.43,94.37,NKE,11331676.0,6.592012149804505,6.592012149804505,94.37,93.98,94.81,93.43,11331676,94.37,93.98,94.81,93.43,11331676.0,-0.14999999999999147,-0.0016
2024-04-01,92.56,93.92,91.69,93.81,NKE,10360012.0,6.47729989982874,6.47729989982874,93.81,92.56,93.92,91.69,10360012,93.81,92.56,93.92,91.69,10360012.0,-1.4200000000000017,-0.0151
2024-04-02,90.95,91.9,90.64,91.76,NKE,11107332.0,6.347238827673119,6.347238827673119,91.76,90.95,91.9,90.64,11107332,91.76,90.95,91.9,90.64,11107332.0,-1.6099999999999994,-0.0174
2024-04-03,90.33,91.44,90.28,91.01,NKE,8876598.0,6.29715319740201,6.29715319740201,91.01,90.33,91.44,90.28,8876598,91.01,90.33,91.44,90.28,8876598.0,-0.6200000000000045,-0.0068
2024-04-04,89.07,91.05,88.89,90.95,NKE,12110259.0,6.195366271367176,6.195366271367176,90.95,89.07,91.05,88.89,12110259,90.95,89.07,91.05,88.89,12110259.0,-1.2600000000000051,-0.0139
2024-04-05,88.84,90.25,88.8,89.15,NKE,9716682.0,6.176786118202088,6.176786118202088,89.15,88.84,90.25,88.8,9716682,89.15,88.84,90.25,88.8,9716682.0,-0.22999999999998977,-0.0026
2024-04-08,90.0,90.26,88.8,89.11,NKE,8452543.0,6.27049471677384,6.27049471677384,89.11,90.0,90.26,88.8,8452543,89.11,90.0,90.26,88.8,8452543.0,1.1599999999999966,0.0131
2024-04-09,91.0,91.16,89.87,90.0,NKE,7194564.0,6.351277991404659,6.351277991404659,90.0,91.0,91.16,89.87,7194564,90.0,91.0,91.16,89.87,7194564.0,1.0,0.0111
2024-04-10,89.0,90.1,88.77,89.9,NKE,7932933.0,6.189711442143019,6.189711442143019,89.9,89.0,90.1,88.77,7932933,89.9,89.0,90.1,88.77,7932933.0,-2.0,-0.022
2024-04-11,92.0,92.41,90.83,91.23,NKE,15330202.0,6.43206126603548,6.43206126603548,91.23,92.0,92.41,90.83,15330202,91.23,92.0,92.41,90.83,15330202.0,3.0,0.0337
2024-04-12,92.0,92.87,91.12,92.01,NKE,10905919.0,6.43206126603548,6.43206126603548,92.01,92.0,92.87,91.12,10905919,92.01,92.0,92.87,91.12,10905919.0,0.0,0.0
2024-04-15,93.1,93.92,92.54,93.59,NKE,11597330.0,6.520922868129382,6.520922868129382,93.59,93.1,93.92,92.54,11597330,93.59,93.1,93.92,92.54,11597330.0,1.0999999999999943,0.012
2024-04-16,93.39,94.19,91.65,93.04,NKE,10388153.0,6.54435001777232,6.54435001777232,93.04,93.39,94.19,91.65,10388153,93.04,93.39,94.19,91.65,10388153.0,0.29000000000000625,0.0031
2024-04-17,94.84,95.07,93.66,94.61,NKE,10181175.0,6.661485765987011,6.661485765987011,94.61,94.84,95.07,93.66,10181175,94.61,94.84,95.07,93.66,10181175.0,1.4500000000000028,0.0155
2024-04-18,95.74,95.88,94.53,95.16,NKE,10062904.0,6.7341907131547485,6.7341907131547485,95.16,95.74,95.88,94.53,10062904,95.16,95.74,95.88,94.53,10062904.0,0.8999999999999915,0.0095
2024-04-19,94.53,96.22,94.49,95.42,NKE,11241901.0,6.636442950851456,6.636442950851456,95.42,94.53,96.22,94.49,11241901,95.42,94.53,96.22,94.49,11241901.0,-1.2099999999999937,-0.0126
2024-04-22,94.19,95.06,93.85,94.63,NKE,8641953.0,6.608976637476976,6.608976637476976,94.63,94.19,95.06,93.85,8641953,94.63,94.19,95.06,93.85,8641953.0,-0.3400000000000034,-0.0036
2024-04-23,94.02,94.72,93.91,94.37,NKE,6582696.0,6.595243480789737,6.595243480789737,94.37,94.02,94.72,93.91,6582696,94.37,94.02,94.72,93.91,6582696.0,-0.1700000000000017,-0.0018
2024-04-24,94.64,95.19,94.1,94.1,NKE,6493208.0,6.645329111060846,6.645329111060846,94.1,94.64,95.19,94.1,6493208,94.1,94.64,95.19,94.1,6493208.0,0.6200000000000045,0.0066
2024-04-25,93.94,94.79,92.44,94.0,NKE,5317852.0,6.588780818819272,6.588780818819272,94.0,93.94,94.79,92.44,5317852,94.0,93.94,94.79,92.44,5317852.0,-0.7000000000000028,-0.0074
2024-04-26,94.12,95.42,93.91,94.59,NKE,6115744.0,6.60332180825282,6.60332180825282,94.59,94.12,95.42,93.91,6115744,94.59,94.12,95.42,93.91,6115744.0,0.18000000000000682,0.0019
2024-04-29,94.06,94.89,93.7,94.44,NKE,5034546.0,6.59847481177497,6.59847481177497,94.44,94.06,94.89,93.7,5034546,94.44,94.06,94.89,93.7,5034546.0,-0.060000000000002274,-0.0006
2024-04-30,92.26,93.51,92.25,92.91,NKE,6493259.0,6.453064917439494,6.453064917439494,92.91,92.26,93.51,92.25,6493259,92.91,92.26,93.51,92.25,6493259.0,-1.7999999999999972,-0.0191
2024-05-01,90.34,91.87,90.09,91.81,NKE,9784643.0,6.297961030148318,6.297961030148318,91.81,90.34,91.87,90.09,9784643,91.81,90.34,91.87,90.09,9784643.0,-1.9200000000000017,-0.0208
2024-05-02,92.41,92.45,90.91,91.33,NKE,7333343.0,6.465182408634116,6.465182408634116,91.33,92.41,92.45,90.91,7333343,91.33,92.41,92.45,90.91,7333343.0,2.069999999999993,0.0229
2024-05-03,92.15,93.65,91.87,93.09,NKE,5736711.0,6.4441787572301035,6.4441787572301035,93.09,92.15,93.65,91.87,5736711,93.09,92.15,93.65,91.87,5736711.0,-0.2599999999999909,-0.0028
2024-05-06,93.36,93.37,92.48,92.81,NKE,6696303.0,6.541926519533396,6.541926519533396,92.81,93.36,93.37,92.48,6696303,92.81,93.36,93.37,92.48,6696303.0,1.2099999999999937,0.0131
2024-05-07,93.78,94.31,93.21,94.08,NKE,7113455.0,6.575855494878341,6.575855494878341,94.08,93.78,94.31,93.21,7113455,94.08,93.78,94.31,93.21,7113455.0,0.4200000000000017,0.0045
2024-05-08,93.59,93.64,92.73,93.12,NKE,5372900.0,6.560506672698485,6.560506672698485,93.12,93.59,93.64,92.73,5372900,93.12,93.59,93.64,92.73,5372900.0,-0.18999999999999773,-0.002
2024-05-09,93.39,93.98,93.01,93.64,NKE,6429824.0,6.54435001777232,6.54435001777232,93.64,93.39,93.98,93.01,6429824,93.64,93.39,93.98,93.01,6429824.0,-0.20000000000000284,-0.0021
2024-05-10,90.94,93.14,90.88,93.07,NKE,10548409.0,6.34643099492681,6.34643099492681,93.07,90.94,93.14,90.88,10548409,93.07,90.94,93.14,90.88,10548409.0,-2.450000000000003,-0.0262
